Keuwl Accelerometer Data File
2019-06-26 17-09-08

Time (s), X (m/s2), Y (m/s2), Z (m/s2), R (m/s2), Theta (deg), Phi (deg)
0.0000000,3.479972,9.069236,-2.246958,9.970460,103.024139,69.007607
0.0095810,3.380613,9.220071,-2.607286,10.160521,104.868973,69.864136
0.0226030,3.479972,9.397242,-2.246958,10.269721,102.638237,69.679482
0.0395940,4.206613,9.343372,-1.069011,10.302280,95.955986,65.761574
0.0497420,4.519056,9.284714,-0.482432,10.337337,92.674896,64.046890
0.0600140,4.854244,9.490616,-0.130484,10.660793,90.701294,62.911243
0.0695810,4.953603,9.434352,0.118513,10.656417,89.362785,62.297821
0.0795870,5.108029,9.369708,0.258574,10.674748,88.611992,61.402363
0.0898830,5.115212,9.087193,0.389058,10.435221,87.863335,60.624691
0.0995200,4.994305,8.876503,0.423774,10.193869,87.617447,60.636009
0.1098150,4.436456,8.705317,0.123301,9.771381,89.276985,62.995426
0.1196020,3.760094,8.576031,-0.459687,9.375389,92.810410,66.325325
0.1295960,3.405752,8.546103,-0.992397,9.253099,96.156822,68.271965
0.1395470,3.266888,8.610746,-1.340753,9.306725,98.283012,69.223427
0.1495680,3.263297,8.596381,-1.612495,9.335257,99.946686,69.212593
0.1601990,3.240552,8.752005,-1.729811,9.491629,100.500610,69.682220
0.1698900,3.161543,8.908825,-1.951274,9.652460,101.662895,70.461357
0.1800390,3.084929,8.641871,-1.889025,9.368412,101.632744,70.354721
0.1897630,3.175909,8.570045,-1.663970,9.289825,100.318359,69.666176
0.2005270,3.262100,8.621520,-1.200692,9.295889,97.421272,69.275002
0.2098170,3.460819,8.834604,-1.200692,9.563951,97.212143,68.608009
0.2199530,3.711013,9.027337,-1.036689,9.815250,96.062904,67.653114
0.2296690,4.036624,9.130288,-0.905008,10.023748,95.180084,66.149132
0.2401860,4.338294,9.083601,-0.638055,10.086611,93.626816,64.471039
0.2496510,4.370615,9.034520,-0.549469,10.051206,93.133751,64.183769
0.2601130,4.292804,9.042900,-0.624887,10.029591,93.572090,64.605591
0.2695430,4.194642,9.085996,-0.781707,10.037998,94.466415,65.219116
0.2795140,4.107253,9.202114,-0.975637,10.124243,95.529968,65.946976
0.2894880,3.980360,9.273940,-1.102530,10.152083,96.234695,66.771065
0.2997410,3.940856,9.336189,-1.231817,10.208435,96.930573,67.115128
0.3101870,3.851074,9.180567,-1.207875,10.028585,96.917679,67.242874
0.3195470,3.782839,9.038112,-1.164779,9.866816,96.779587,67.288589
0.3298450,3.841497,9.069236,-1.189918,9.920889,96.888680,67.043724
0.3405280,3.883395,9.021352,-1.104924,9.883643,96.418694,66.709709
0.3497000,3.939659,8.888474,-1.010353,9.774798,95.932861,66.095528
0.3598880,3.939659,8.798691,-0.982820,9.690398,95.821060,65.879303
0.3704960,3.873818,8.754398,-1.000776,9.625358,95.967995,66.130623
0.3798650,3.821146,8.784326,-1.033098,9.634979,96.155296,66.491158
0.3895510,3.794810,8.754398,-1.011550,9.594962,96.051659,66.564491
0.3996160,3.831920,8.744822,-0.950498,9.594736,95.685303,66.337303
0.4095880,3.864242,8.761581,-0.963666,9.624257,95.746590,66.200417
0.4195620,3.851074,8.775947,-1.006762,9.636472,95.996872,66.307106
0.4295330,3.927688,8.916007,-1.023521,9.796403,95.997169,66.225502
0.4394540,4.030639,9.027337,-0.999579,9.936701,95.773415,65.939598
0.4500790,4.005499,8.920795,-0.940921,9.823948,95.496117,65.819588
0.4596690,3.999514,8.887277,-0.939724,9.790959,95.507652,65.770973
0.4700220,3.991134,8.919599,-0.958878,9.818749,95.604317,65.893547
0.4795500,3.949236,8.932767,-0.979228,9.815787,95.725380,66.149460
0.4902200,3.930082,8.961497,-1.011550,9.837541,95.901901,66.320053
0.4998880,3.946841,9.002198,-1.072602,9.887751,96.227577,66.325874
0.5096020,3.976769,9.036914,-1.125275,9.937140,96.502083,66.247704
0.5196040,4.011485,9.065644,-1.152808,9.980325,96.632927,66.130943
0.5296750,4.090494,9.069236,-1.089362,10.008491,96.248665,65.723221
0.5395920,4.124012,8.998607,-0.978031,9.946806,95.642792,65.378273
0.5502070,4.146757,8.955511,-0.931344,9.912828,95.391090,65.153992
0.5600880,4.132392,8.931569,-0.951695,9.887129,95.523613,65.171318
0.5698700,4.126407,8.902839,-1.003170,9.863778,95.837212,65.132591
0.5797870,4.065354,8.893262,-0.984017,9.827793,95.746422,65.433556
0.5895100,4.078523,8.936357,-1.004368,9.874289,95.837959,65.468208
0.5995180,4.073734,8.953117,-1.033098,9.890446,95.995720,65.534111
0.6097800,4.055778,8.917204,-1.034295,9.850666,96.027023,65.542717
0.6195450,4.045004,8.951921,-1.048660,9.879201,96.093330,65.683754
0.6303130,3.982754,8.941146,-1.080982,9.847586,96.302132,65.989838
0.6403340,3.918111,8.919599,-1.110910,9.805353,96.505363,66.285561
0.6497920,3.902549,8.933964,-1.109712,9.812087,96.493843,66.403252
0.6598130,3.916914,8.963891,-1.086968,9.842512,96.340446,66.396317
0.6696780,3.964798,8.957906,-1.085770,9.856093,96.324677,66.125664
0.6798240,4.003105,8.925584,-1.089362,9.842642,96.354385,65.843864
0.6899340,3.989937,8.914810,-1.051055,9.823347,96.142151,65.888489
0.6997319,3.963601,8.924387,-1.043872,9.820615,96.101723,66.052490
0.7097650,3.973178,8.954314,-1.072602,9.854763,96.248512,66.072350
0.7196389,3.945644,8.945934,-1.064223,9.835162,96.211906,66.199905
0.7298480,3.948039,8.910022,-1.022324,9.799012,95.988525,66.101822
0.7396190,3.913323,8.914810,-1.039083,9.791202,96.091942,66.300026
0.7499909,3.969586,8.914810,-1.086968,9.819010,96.355690,65.997551
0.7597300,4.011485,8.935161,-1.114501,9.857546,96.491783,65.822067
0.7698590,3.999514,8.938752,-1.065420,9.850509,96.209190,65.894569
0.7795930,4.010288,8.933964,-1.022324,9.845977,95.959854,65.825584
0.7913610,3.981557,8.924387,-1.013944,9.824742,95.923653,65.956268
0.7996030,4.024653,8.927979,-1.040281,9.848290,96.063499,65.734573
0.8099139,4.040215,8.957906,-1.016339,9.879290,95.904785,65.723564
0.8199200,4.028244,8.927979,-1.001973,9.845786,95.840912,65.715424
0.8296450,3.995923,8.910022,-1.053449,9.821692,96.157242,65.844955
0.8396300,3.954024,8.923190,-1.076194,9.819156,96.292343,66.101021
0.8500410,3.952827,8.951921,-1.112107,9.848782,96.483566,66.175575
0.8596259,3.970783,8.984241,-1.106121,9.884696,96.424995,66.155914
0.8697840,3.981557,8.939949,-1.079785,9.845884,96.296219,65.993393
0.8796860,3.973178,8.898050,-1.049857,9.801207,96.149040,65.938171
0.8895360,3.922899,8.854955,-1.052252,9.742002,96.200722,66.105820
0.8995460,3.910928,8.846576,-1.064223,9.730870,96.278748,66.150551
0.9095580,3.885789,8.844181,-1.058237,9.717960,96.251617,66.281181
0.9195260,3.890578,8.900445,-1.076194,9.773061,96.322144,66.388817
0.9295120,3.937265,8.953117,-1.128866,9.845542,96.583878,66.261803
0.9397780,3.976769,8.971074,-1.161188,9.881458,96.748520,66.092865
0.9497210,3.983952,8.996213,-1.133654,9.903983,96.572739,66.113960
0.9594769,3.994725,9.018958,-1.092953,9.924414,96.322678,66.110229
0.9695170,4.009091,9.010578,-1.039083,9.916805,96.014496,66.014206
0.9797660,4.040215,8.972271,-1.017536,9.892440,95.903885,65.757950
0.9899070,4.033033,8.932767,-1.013944,9.853312,95.906418,65.701416
0.9997870,3.991134,8.889671,-1.006762,9.796376,95.898636,65.821678
1.0109119,3.965995,8.870518,-1.013944,9.769508,95.957260,65.910652
1.0196780,3.957615,8.872911,-1.063026,9.773499,96.244194,65.961533
1.0296090,3.934870,8.866926,-1.102530,9.763255,96.484039,66.069817
1.0403990,3.921702,8.872911,-1.085770,9.761517,96.386208,66.155243
1.0501930,3.889381,8.852561,-1.096544,9.731265,96.469978,66.281670
1.0606660,3.871424,8.813056,-1.101333,9.688695,96.527031,66.284943
1.0699930,3.870227,8.816648,-1.090559,9.690266,96.461853,66.300056
1.0796829,3.937265,8.856153,-1.101333,9.754303,96.482941,66.031044
1.0896640,3.981557,8.847773,-1.078588,9.762133,96.343384,65.771935
1.1001570,3.993528,8.872911,-1.035492,9.785146,96.074577,65.768394
1.1098560,3.967192,8.878897,-1.017536,9.777975,95.973244,65.924362
1.1196010,3.973178,8.906430,-1.043872,9.808176,96.109489,65.958244
1.1304749,3.992331,8.906430,-1.121683,9.824530,96.555855,65.855560
1.1397730,4.033033,8.949526,-1.106121,9.878404,96.429100,65.741669
1.1505789,4.096479,9.001001,-1.036689,9.943535,95.984398,65.529068
1.1602470,4.229357,9.041702,-1.086968,10.040983,96.214622,64.931633
1.1696579,4.426879,9.404425,-1.158794,10.458646,96.361298,64.792557
1.1798159,4.009091,9.032125,-1.221043,9.957060,97.043961,66.064995
1.1901529,3.744531,8.737639,-1.260547,9.589413,97.553505,66.802361
1.2001430,3.708618,8.696938,-1.162385,9.525845,97.008949,66.905235
1.2099769,3.798401,8.759187,-1.095347,9.609941,96.544830,66.556145
1.2196029,3.973178,8.838196,-1.103727,9.752849,96.498070,65.793877
1.2298700,4.234146,8.974665,-1.086968,9.982690,96.251060,64.742592
1.2400140,4.089296,9.069236,-0.888249,9.988111,95.102089,65.729500
1.2501589,3.854665,9.145850,-1.084573,9.984054,96.236382,67.146233
1.2601969,4.325125,8.953117,-1.460463,10.049775,98.355980,64.215462
1.2697979,4.304775,8.858546,-1.138443,9.914685,96.593468,64.082756
1.2802240,4.128801,8.820239,-0.937330,9.783772,95.497627,64.915459
1.2896060,3.975572,8.781932,-0.940921,9.685702,95.574814,65.643784
1.3003229,3.948039,8.797494,-1.085770,9.703700,96.424416,65.830956
1.3098090,3.998317,8.853758,-1.165976,9.784430,96.844002,65.696281
1.3202460,4.058172,8.917204,-1.194707,9.869782,96.952530,65.529968
1.3299389,4.107253,8.969876,-1.191115,9.937151,96.884308,65.397240
1.3397540,4.127604,9.001001,-1.200692,9.974808,96.913597,65.365158
1.3502051,4.122815,9.001001,-1.197101,9.972396,96.894493,65.390343
1.3596230,4.094085,8.942344,-1.171962,9.904572,96.795464,65.400215
1.3696440,4.061763,8.883685,-1.125275,9.832804,96.571381,65.429359
1.3796089,4.040215,8.846576,-1.070208,9.784201,96.279648,65.453903
1.3896090,4.033033,8.807071,-1.052252,9.743567,96.199722,65.395477
1.4009320,4.056975,8.817844,-1.070208,9.765182,96.291931,65.293457
1.4110190,4.072537,8.829816,-1.098939,9.785645,96.447983,65.239639
1.4198400,4.076128,8.868123,-1.133654,9.825661,96.625366,65.314682
1.4297820,4.080917,8.878897,-1.175553,9.842287,96.859726,65.315552
1.4397440,4.059369,8.876503,-1.179144,9.831641,96.888275,65.424614
1.4500020,4.027047,8.856153,-1.164779,9.798227,96.827271,65.547874
1.4604000,4.013879,8.847773,-1.148020,9.783264,96.738914,65.598114
1.4696270,4.025850,8.845378,-1.121683,9.782963,96.583832,65.528008
1.4798260,4.046201,8.864532,-1.112107,9.807570,96.510925,65.465752
1.4902520,4.088099,8.890868,-1.110910,9.848564,96.476700,65.306610
1.5006180,4.107253,8.927979,-1.137246,9.893010,96.600998,65.295540
1.5104600,4.113238,8.926781,-1.136049,9.894279,96.593170,65.260925
1.5200479,4.092888,8.932767,-1.133654,9.890967,96.581429,65.383308
1.5296479,4.066552,8.912416,-1.136049,9.861978,96.614861,65.473763
1.5398300,4.047398,8.881291,-1.142034,9.826648,96.673889,65.500214
1.5497710,4.043807,8.881291,-1.144428,9.825448,96.688766,65.519402
1.5595509,4.060566,8.877700,-1.154005,9.830233,96.741699,65.421143
1.5701880,4.080917,8.869320,-1.168370,9.832792,96.824226,65.292076
1.5795339,4.108450,8.847773,-1.159991,9.823850,96.781250,65.092270
1.5896009,4.102465,8.822633,-1.139640,9.796318,96.680542,65.061890
1.5997549,4.108450,8.822633,-1.103727,9.794715,96.470177,65.029938
1.6097730,4.124012,8.834604,-1.098939,9.811492,96.430923,64.976730
1.6195869,4.133589,8.875306,-1.107318,9.853109,96.452682,65.026703
1.6301620,4.121618,8.904037,-1.130063,9.876571,96.570091,65.160896
1.6395090,4.104859,8.906430,-1.145625,9.873542,96.663025,65.255630
1.6504821,4.067749,8.893262,-1.151611,9.846974,96.716156,65.420799
1.6596509,4.035427,8.851364,-1.157596,9.796496,96.786171,65.491272
1.6695729,4.007894,8.816648,-1.137246,9.751401,96.697296,65.554283
1.6799920,4.017470,8.815451,-1.130063,9.753425,96.653419,65.499794
1.6897678,4.040215,8.839393,-1.124078,9.783750,96.597412,65.436310
1.6998869,4.061763,8.884883,-1.144428,9.836096,96.681488,65.432281
1.7104729,4.065354,8.918402,-1.186327,9.872809,96.901398,65.494659
1.7198321,4.011485,8.921992,-1.186327,9.854000,96.914635,65.790474
1.7304550,3.992331,8.913613,-1.170765,9.836762,96.835510,65.872803
1.7398030,3.987543,8.895657,-1.143231,9.815304,96.688675,65.855347
1.7495739,4.013879,8.883685,-1.114501,9.811891,96.522118,65.685318
1.7595669,4.041412,8.875306,-1.089362,9.812786,96.373802,65.517632
1.7695570,4.067749,8.888474,-1.071405,9.833588,96.255005,65.409126
1.7797589,4.072537,8.882488,-1.085770,9.831737,96.340408,65.368996
1.7901750,4.061763,8.877700,-1.104924,9.825087,96.457115,65.414757
1.7997600,4.046201,8.898050,-1.139640,9.841027,96.650055,65.547333
1.8099589,4.024653,8.901642,-1.168370,9.838808,96.820038,65.671097
1.8196180,4.012682,8.870518,-1.192312,9.808635,96.981995,65.659828
1.8301159,4.000711,8.871715,-1.179144,9.803234,96.908333,65.726944
1.8402820,4.009091,8.863335,-1.169568,9.797928,96.855682,65.661659
1.8501670,4.030639,8.870518,-1.145625,9.810432,96.706085,65.563622
1.8597149,4.055778,8.892065,-1.151611,9.840953,96.720284,65.481705
1.8696340,4.084508,8.927979,-1.168370,9.887218,96.786484,65.416130
1.8795860,4.109647,8.960299,-1.186327,9.928925,96.862206,65.361412
1.8896450,4.108450,8.961497,-1.173159,9.927945,96.786346,65.370636
1.8995099,4.102465,8.941146,-1.157596,9.905268,96.711311,65.352928
1.9095119,4.095282,8.904037,-1.138443,9.866572,96.625763,65.300621
1.9198300,4.068946,8.853758,-1.106121,9.806572,96.476395,65.317780
1.9298100,4.042610,8.832211,-1.090559,9.774454,96.405960,65.405853
1.9394900,4.039018,8.821436,-1.079785,9.762035,96.350517,65.398659
1.9495320,4.041412,8.829816,-1.104924,9.773409,96.491402,65.406403
1.9595959,4.017470,8.821436,-1.130063,9.758834,96.649712,65.514465
1.9696050,4.000711,8.850166,-1.156399,9.781022,96.789894,65.674690
1.9798019,3.985149,8.872911,-1.198298,9.800301,97.023216,65.813408
1.9897200,3.975572,8.901642,-1.217452,9.824795,97.118172,65.933929
1.9995680,3.985149,8.904037,-1.211466,9.830103,97.079155,65.888306
2.0095868,3.977966,8.905233,-1.207875,9.827836,97.059700,65.929695
2.0196450,3.995923,8.896853,-1.187524,9.825050,96.942139,65.813301
2.0304630,4.001908,8.899248,-1.188721,9.829799,96.945801,65.786995
2.0395279,4.012682,8.907627,-1.195904,9.842643,96.978813,65.749527
2.0497890,4.024653,8.916007,-1.193510,9.854819,96.956123,65.705757
2.0596449,4.035427,8.902839,-1.191115,9.847029,96.947617,65.616440
2.0696709,4.052186,8.894460,-1.182736,9.845328,96.899704,65.506683
2.0795689,4.085705,8.896853,-1.177947,9.860758,96.860825,65.333977
2.0895350,4.128801,8.896853,-1.171962,9.877980,96.813843,65.105194
2.0995929,4.146757,8.880095,-1.165976,9.869710,96.784584,64.968735
2.1094639,4.165911,8.865729,-1.144428,9.862337,96.663628,64.831673
2.1196098,4.168305,8.845378,-1.134852,9.843950,96.620018,64.768257
2.1297300,4.157531,8.820239,-1.125275,9.815698,96.582878,64.762558
2.1399069,4.157531,8.813056,-1.115698,9.808149,96.531654,64.744553
2.1501150,4.162320,8.825027,-1.115698,9.820937,96.523117,64.749115
2.1596668,4.173094,8.864532,-1.114501,9.860869,96.489586,64.790672
2.1703479,4.188656,8.898050,-1.119289,9.898129,96.492943,64.791824
2.1796968,4.207809,8.906430,-1.126472,9.914590,96.523895,64.711784
2.1897559,4.200627,8.896853,-1.104924,9.900511,96.407715,64.725777
2.1996400,4.204218,8.889671,-1.092953,9.894254,96.342033,64.688988
2.2102320,4.198233,8.876503,-1.091756,9.879746,96.344398,64.687714
2.2196479,4.200627,8.842984,-1.086968,9.850134,96.335526,64.591179
2.2300038,4.183867,8.819042,-1.067814,9.819393,96.242996,64.619736
2.2397959,4.146757,8.777143,-1.043872,9.763376,96.137634,64.711632
2.2495849,4.098873,8.742428,-1.048660,9.712388,96.198387,64.880547
2.2595870,4.059369,8.725668,-1.053449,9.681194,96.246948,65.051132
2.2697608,4.042610,8.723274,-1.070208,9.673859,96.351570,65.135674
2.2795749,4.043807,8.742428,-1.080982,9.692829,96.403168,65.177116
2.2901380,4.089296,8.783129,-1.094150,9.750018,96.443321,65.034004
2.2996039,4.106056,8.802282,-1.079785,9.772707,96.343552,64.992065
2.3097229,4.127604,8.792706,-1.042675,9.769133,96.126938,64.852997
2.3206677,4.147954,8.801085,-1.004368,9.781278,95.893669,64.765480
2.3298559,4.169502,8.833407,-0.990002,9.818042,95.787254,64.731979
2.3396850,4.203021,8.866926,-0.974440,9.860897,95.671143,64.638527
2.3497710,4.242526,8.887277,-0.976834,9.896308,95.664719,64.481560
2.3596530,4.270059,8.872911,-0.990002,9.896568,95.741180,64.300972
2.3699780,4.271256,8.827422,-0.987608,9.856083,95.750854,64.179413
2.3797498,4.255693,8.793902,-0.998382,9.820408,95.834999,64.175949
2.3895879,4.229357,8.771158,-0.980426,9.786823,95.749428,64.257141
2.4000449,4.219780,8.822633,-1.011550,9.832021,95.905228,64.438660
2.4096999,4.230555,8.890868,-1.067814,9.903805,96.189583,64.553429
2.4195828,4.237737,8.984241,-1.118092,9.996257,96.422035,64.747421
2.4296939,4.259285,9.026140,-1.144428,10.046016,96.541260,64.738159
2.4397068,4.248511,9.051279,-1.136049,10.063106,96.482079,64.855469
2.4498119,4.252102,9.084799,-1.100136,10.090800,96.259033,64.918251
2.4602828,4.241328,9.103952,-1.083376,10.101709,96.156631,65.020241
2.4729609,4.267664,9.136273,-1.107318,10.144486,96.266586,64.962151
2.4809668,4.303577,9.186552,-1.169568,10.211826,96.576553,64.898560
2.4896839,4.326323,9.216479,-1.253365,10.258240,97.018005,64.854095
2.4996910,4.309563,9.204509,-1.329979,10.250081,97.455322,64.910942
2.5097210,4.270059,9.143456,-1.394622,10.187304,97.868393,64.967094
2.5196040,4.214992,9.059659,-1.425747,10.093381,98.120514,65.049873
2.5298560,4.155137,8.951921,-1.394622,9.967297,98.043205,65.101089
2.5397379,4.113238,8.832211,-1.359907,9.837481,97.945862,65.028191
2.5499439,4.061763,8.704121,-1.308431,9.693896,97.757156,64.983971
2.5597870,3.999514,8.591593,-1.260547,9.560364,97.576591,65.037323
2.5696681,3.945644,8.495825,-1.200692,9.443982,97.304260,65.088829
2.5797060,3.883395,8.440758,-1.156399,9.362927,97.094620,65.293945
2.5898769,3.835511,8.432379,-1.133654,9.332809,96.976936,65.541336
2.5995929,3.834314,8.464700,-1.128866,9.360953,96.926331,65.630569
2.6096840,3.897760,8.570045,-1.115698,9.480663,96.758308,65.543381
2.6196280,3.975572,8.711303,-1.104924,9.639130,96.582230,65.469498
2.6297028,4.050989,8.848969,-1.052252,9.788872,96.170914,65.402061
2.6395400,4.121618,8.962694,-1.036689,9.919291,95.999077,65.304008
2.6498599,4.171896,8.991425,-0.992397,9.961691,95.717361,65.109352
2.6598258,4.217386,8.981848,-0.942118,9.967323,95.423737,64.847809
2.6705580,4.320337,8.949526,-0.816423,9.971252,94.696503,64.231316
2.6797118,4.320337,8.949526,-0.816423,9.971252,94.696503,64.231316
2.6897249,4.362236,8.920795,-0.800860,9.962483,94.610847,63.941540
2.6998379,4.271256,8.860941,-0.811634,9.870089,94.716858,64.264450
2.7097750,4.187459,8.801085,-0.852336,9.783680,94.997833,64.555412
2.7195549,4.088099,8.759187,-0.931344,9.710989,95.503479,64.980530
2.7298739,4.042610,8.738836,-1.003170,9.680717,95.947990,65.174606
2.7403340,4.024653,8.771158,-1.047463,9.707123,96.194656,65.351936
2.7496970,4.065354,8.815451,-1.071405,9.766637,96.298050,65.242622
2.7596028,4.086902,8.832211,-1.071405,9.790742,96.282486,65.168747
2.7706859,4.094085,8.822633,-1.048660,9.782641,96.153702,65.106651
2.7816050,4.090494,8.763975,-0.995988,9.722725,95.879646,64.979675
2.7945695,4.112041,8.732851,-0.910994,9.695436,95.391525,64.785637
2.8098679,4.170700,8.757990,-0.894234,9.741498,95.266960,64.535439
2.8195179,4.211401,8.757990,-0.865504,9.756402,95.089478,64.318779
2.8294771,4.242526,8.735245,-0.817620,9.745359,94.812683,64.095123
2.8396101,4.244920,8.692149,-0.779313,9.704645,94.605988,63.970852
2.8506370,4.223372,8.656237,-0.739808,9.659949,94.392303,63.992283
2.8598788,4.214992,8.641871,-0.727837,9.642503,94.328926,63.999626
2.8699970,4.240131,8.677784,-0.755371,9.687788,94.471970,63.958981
2.8796620,4.266468,8.734048,-0.770933,9.750932,94.534683,63.965099
2.8896980,4.294001,8.790312,-0.800860,9.815773,94.679916,63.964840
2.8996789,4.303577,8.795100,-0.834379,9.827043,94.870644,63.926788
2.9095118,4.278439,8.787917,-0.863110,9.812109,95.046471,64.040649
2.9194801,4.237737,8.769960,-0.860716,9.778111,95.049980,64.209679
2.9295309,4.207809,8.775947,-0.847547,9.769403,94.976967,64.383644
2.9394529,4.197036,8.785523,-0.876278,9.775909,95.142693,64.465179
2.9495468,4.201824,8.828619,-0.914585,9.820199,95.343872,64.548721
2.9598429,4.195838,8.889671,-0.966060,9.877479,95.612747,64.733147
2.9696817,4.185065,8.931569,-1.004368,9.914456,95.814224,64.893623
2.9796169,4.167108,8.936357,-1.034295,9.914285,95.988205,64.999916
2.9901628,4.150349,8.929175,-1.043872,9.901779,96.051521,65.070633
2.9998348,4.141969,8.901642,-1.031901,9.872181,95.999863,65.047256
3.0096240,4.129998,8.881291,-0.999579,9.845475,95.827095,65.060524
3.0218501,4.132392,8.853758,-1.000776,9.821774,95.848228,64.979713
3.0299671,4.118027,8.859743,-1.027112,9.823856,96.001404,65.070900
3.0397670,4.108450,8.858546,-1.031901,9.819267,96.032318,65.118896
3.0495820,4.091691,8.870518,-1.067814,9.826915,96.238205,65.237610
3.0596228,4.080917,8.860941,-1.107318,9.818162,96.475746,65.271507
3.0698810,4.086902,8.881291,-1.114501,9.839828,96.503517,65.289543
3.0796819,4.090494,8.906430,-1.100136,9.862400,96.404587,65.331902
3.0900531,4.122815,8.942344,-1.078588,9.905880,96.250961,65.248215
3.0995660,4.152743,8.968679,-1.052252,9.939301,96.077164,65.154579
3.1096499,4.165911,8.955511,-1.040281,9.931675,96.012398,65.053162
3.1198661,4.180276,8.932767,-1.016339,9.914736,95.883606,64.921768
3.1299961,4.169502,8.908825,-0.995988,9.886552,95.781883,64.919495
3.1396940,4.159925,8.866926,-0.981623,9.843320,95.723320,64.866341
3.1495979,4.129998,8.840590,-0.984017,9.807201,95.758530,64.959747
3.1595249,4.104859,8.841787,-0.994791,9.798810,95.826797,65.096596
3.1701570,4.073734,8.870518,-1.031901,9.815611,96.034569,65.333321
3.1796138,4.036624,8.925584,-1.031901,9.850137,96.013344,65.664986
3.1897058,3.971981,8.992621,-1.011550,9.882667,95.874855,66.169273
3.1996768,3.921702,9.196129,-0.973243,10.044687,95.560188,66.904106
3.2095339,3.954024,9.336189,-0.920571,10.180677,95.187958,67.046570
3.2197609,3.983952,9.459491,-0.731429,10.290230,94.076019,67.161156
3.2298610,3.933673,9.661801,-0.606930,10.449524,93.329735,67.846962
3.2404840,3.809175,9.815030,-0.621295,10.546594,93.377228,68.788963
3.2503428,3.588908,9.719262,-0.846350,10.395222,94.670036,69.732964
3.2597978,3.333926,9.453506,-1.163582,10.091469,96.621132,70.574005
3.2702777,3.111265,9.245210,-1.326388,9.844449,97.743271,71.400513
3.2797599,3.245340,9.147048,-1.126472,9.770858,96.620293,70.465492
3.2899771,3.685874,9.232041,-0.851139,9.977008,94.893852,68.235748
3.2997479,4.213795,9.072827,-0.859518,10.040470,94.910835,65.087898
3.3105059,4.669890,8.754398,-0.920571,9.964679,95.300735,61.923038
3.3197269,5.032612,8.558074,-0.899023,9.968754,95.174194,59.542164
3.3297060,5.262455,8.390480,-0.912191,9.946139,95.262169,57.904327
3.3397460,5.497087,8.204929,-1.042675,9.931063,96.026665,56.178955
3.3498018,5.851429,8.056489,-1.059434,10.013423,96.073341,54.009090
3.3596239,6.196194,7.970297,-0.943315,10.139443,95.338188,52.138123
3.3698089,6.394913,7.935582,-0.648829,10.212215,93.642715,51.136292
3.3795829,6.414066,7.823054,-0.326809,10.121622,91.850296,50.651917
3.3906281,6.355408,7.721301,-0.074220,10.000760,90.425224,50.542179
3.4009719,6.187814,7.558495,0.074220,9.768592,89.564674,50.694290
3.4103758,5.785588,7.636306,0.275333,9.584467,88.353836,52.850895
3.4199197,5.810728,7.984663,0.080206,9.875517,89.534660,53.955265
3.4301579,6.417658,8.640674,-0.661997,10.783590,93.519562,53.397747
3.4398589,7.137115,9.464279,-2.129642,12.043519,100.185104,52.979660
3.4495931,7.214927,10.126276,-1.625663,12.539514,97.448975,54.530296
3.4603250,6.859388,10.098742,0.351948,12.213094,88.348663,55.814404
3.4700389,6.025009,8.312668,1.313220,10.350156,82.710709,54.065456
3.4798830,5.651513,6.039374,-0.500388,8.286376,93.462021,46.900166
3.4897687,5.643134,4.304775,-2.073379,7.394250,106.284325,37.337624
3.4996588,5.641936,3.023877,-2.257732,6.787683,109.427994,28.189722
3.5110660,5.781997,2.182315,-2.250550,6.577155,110.009552,20.678146
3.5200298,6.472724,1.869871,-2.543839,7.201645,110.685020,16.113199
3.5313950,7.275979,2.057816,-3.271677,8.238832,113.397285,15.792139
3.5403759,7.685388,2.758120,-3.385401,8.839307,112.519257,19.741970
3.5501869,7.369353,3.934870,-2.928109,8.852366,109.315598,28.100016
3.5597608,6.107608,5.585672,-2.266112,8.581251,105.312119,42.444267
3.5700469,4.060566,7.864953,-1.988384,9.071898,102.660912,62.693321
3.5799179,1.546654,10.068815,-1.851915,10.353877,100.303482,81.267143
3.5897210,-0.928950,11.929110,-1.411382,12.048179,96.727348,94.452782
3.5999060,-2.367866,13.789405,-2.896984,14.288001,101.698196,99.743591
3.6098218,-2.021903,15.799337,-4.139575,16.457315,104.568306,97.292725
3.6202087,-0.770933,18.494011,-1.010353,18.537626,93.124329,92.387024
3.6297667,-0.196325,20.572178,5.052963,21.184557,76.200729,90.546768
3.6395781,-0.257377,20.621260,7.960721,22.106010,68.892700,90.715080
3.6497209,-0.700304,17.914614,5.036203,18.622221,74.309517,92.238625
3.6597900,-1.491588,13.885173,-0.033519,13.965099,90.137520,96.131378
3.6698937,-2.822764,10.813412,-2.173935,11.385247,101.007828,104.630173
3.6795628,-3.910928,8.904037,-2.926912,10.155986,106.749969,113.712570
3.6897860,-3.082535,6.969521,-4.942830,9.083381,122.967407,113.859222
3.7007999,-0.779313,6.375759,-4.951209,8.110001,127.626144,96.968727
3.7096498,2.021903,6.363788,-4.017470,7.792686,121.033806,72.373901
3.7204700,4.970363,7.042544,-2.937685,9.106697,108.819336,54.786995
3.7304680,7.691373,7.922413,-1.958457,11.214161,100.057793,45.847755
3.7396960,9.555259,8.544906,-0.706290,12.838117,93.153725,41.805058
3.7496419,10.218452,8.759187,-0.053870,13.458939,90.229324,40.602951
3.7599099,9.506178,8.771158,1.102530,12.981380,85.127907,42.697102
3.7703018,8.116343,8.737639,1.686715,12.044351,81.949722,47.111164
3.7798579,6.794744,8.744822,1.520318,11.178185,82.183113,52.152718
3.7899230,5.802348,8.813056,1.161188,10.615345,83.719978,56.639858
3.8003597,5.206192,8.913613,0.821211,10.355255,85.451447,59.711998
3.8104110,4.945224,8.971074,0.493206,10.255665,87.243523,61.134644
3.8197269,4.920084,9.017760,0.308852,10.277287,88.277893,61.383144
3.8297949,4.973954,9.011775,-0.101754,10.293817,90.566376,61.103962
3.8396630,5.129577,8.900445,-0.603339,10.290505,93.361214,60.043941
3.8499289,5.244499,8.665813,-1.212663,10.201550,96.826920,58.817924
3.8597519,5.177461,8.342596,-1.847127,9.990841,100.654251,58.176033
3.8712051,5.012261,8.052897,-2.275689,9.754521,103.491188,58.101158
3.8797660,4.842273,7.846996,-2.433706,9.536555,104.785294,58.321838
3.8899257,4.720169,7.782352,-2.512715,9.442390,105.432922,58.762264
3.8995719,4.823119,7.836222,-2.713828,9.593420,106.432426,58.388103
3.9095838,4.951209,7.832631,-2.782062,9.674939,106.711540,57.701958
3.9194679,5.044583,7.619547,-2.730587,9.537370,106.636810,56.493126
3.9295537,5.092467,7.286753,-2.609680,9.265010,106.359932,55.051594
3.9395359,5.257667,6.937200,-2.504335,9.057566,106.050888,52.841702
3.9494529,5.542577,6.641516,-2.403779,8.978198,105.529533,50.153824
3.9596899,6.007052,6.633136,-2.224213,9.221187,103.957779,47.835613
3.9699938,6.357802,7.314286,-1.276109,9.774911,97.501343,49.001827
3.9797068,6.423643,7.668628,-0.630872,10.023425,93.608566,50.048702
3.9900327,6.381745,7.854179,-0.804452,10.151942,94.544952,50.905155
4.0004430,6.047753,8.238448,-0.724246,10.245579,94.053543,53.718021
4.0095959,5.360618,7.441179,-1.241394,9.254643,97.708740,54.231060
4.0198879,4.161122,6.357802,-2.275689,7.931919,106.672615,56.795628
4.0297236,3.439271,5.729325,-2.784456,7.239264,112.620926,59.023922
4.0400066,3.824737,5.754464,-3.241749,7.632261,115.134392,56.389774
4.0500016,5.827487,6.311116,-3.707421,9.356001,113.344666,47.281586
4.0594611,8.639477,7.551312,-3.299210,11.939332,106.041359,41.154999
4.0695658,11.355699,9.586384,-1.381454,14.925116,95.310844,40.170773
4.0796261,12.958616,11.773487,1.812411,17.601862,84.089951,42.256561
4.0896358,13.353660,13.439851,4.660314,19.510725,76.180786,45.184311
4.0996108,12.073959,13.947422,6.197391,19.460697,71.430374,49.118023
4.1095657,9.184157,12.950237,5.483919,16.796749,70.944313,54.656178
4.1199188,6.180632,11.465832,3.526659,13.494548,74.850441,61.673210
4.1303368,3.778050,10.402806,1.502362,11.169115,82.269691,70.040192
4.1405077,2.112883,9.678560,1.295263,9.990821,82.550903,77.685219
4.1497979,1.031901,8.965088,1.295263,9.116760,81.832069,83.434029
4.1598697,0.976834,8.312668,0.800860,8.408093,84.534363,83.297821
4.1703367,2.543839,6.074090,-2.573767,7.070357,111.347420,67.275978
4.1800408,3.550601,4.994305,-3.703830,7.160182,121.150078,54.589836
4.1913886,4.570531,3.946841,-4.158728,7.332280,124.553864,40.811958
4.1997399,5.588067,3.069367,-4.754885,7.953391,126.715622,28.778748
4.2096891,6.330269,2.539051,-5.145139,8.543509,127.029617,21.855564
4.2195830,6.618771,2.460042,-5.270835,8.811449,126.739685,20.388924
4.2300558,6.560112,2.913743,-4.818331,8.645305,123.871689,23.948908
4.2397947,6.913258,3.927688,-4.716578,9.244781,120.676361,29.602575
4.2498107,8.309077,5.402516,-5.064934,11.130207,117.068916,33.031700
4.2604589,7.946355,6.642713,-1.991976,10.546950,100.886696,39.893753
4.2712317,6.096835,7.831434,1.485602,10.035425,81.486885,52.098953
4.2799416,4.710592,9.506178,2.849100,10.985193,74.968018,63.640228
4.2896929,4.183867,11.795034,3.487155,12.991837,74.430252,70.469673
4.2995558,4.078523,14.200010,4.568137,15.464233,72.818466,73.974892
4.3097882,3.842694,16.253038,5.060145,17.450863,73.144119,76.697868
4.3203998,4.274847,17.180792,3.736152,18.094551,78.083885,76.027649
4.3298349,5.505467,16.029181,0.676362,16.961788,87.714691,71.044182
4.3398800,5.920861,13.381193,-2.196680,14.796565,98.537621,66.131744
4.3498130,5.033809,10.571598,-3.563769,12.239215,106.928391,64.537910
4.3602529,3.357868,8.095993,-4.126407,9.687498,115.210922,67.473442
4.3704257,1.946486,6.238092,-4.741716,8.073814,125.965340,72.670395
4.3801389,1.562217,5.009867,-4.762067,7.086366,132.221939,72.681061
4.3917189,2.511518,4.556166,-4.526238,6.895883,131.023483,61.134911
4.4008245,4.327519,4.947618,-3.872621,7.629125,120.504776,48.824875
4.4102526,6.240487,5.741296,-3.060987,9.015308,109.848373,42.614296
4.4197445,7.735666,6.514623,-2.145205,10.338411,101.975800,40.102543
4.4304109,8.530540,7.150283,-1.454478,11.225514,97.444679,39.969677
4.4397116,8.536526,7.668628,-1.028310,11.521178,95.120682,41.934345
4.4497271,7.985860,8.076839,-0.939724,11.397034,94.729599,45.324520
4.4596581,7.141904,8.336611,-1.104924,11.032984,95.747658,49.413616
4.4702549,6.299145,8.470686,-1.436521,10.653419,97.749443,53.364014
4.4797187,5.650316,8.580819,-1.736993,10.419869,99.596008,56.635811
4.4901676,5.258864,8.763975,-1.776498,10.373951,99.860275,59.033939
4.5004759,4.993108,8.944737,-1.509544,10.354621,98.382713,60.828987
4.5098858,4.890157,8.986636,-1.103727,10.290359,96.157295,61.446793
4.5203900,4.879383,8.845378,-0.881066,10.140285,94.984581,61.117516
4.5297689,4.917690,8.591593,-0.901417,9.940408,95.202850,60.213867
4.5397658,5.096058,8.433576,-1.211466,9.927873,97.009087,58.857178
4.5502758,5.216966,8.370130,-1.429338,9.965882,98.245979,58.065384
4.5598340,5.340267,8.542512,-1.648408,10.208340,99.292610,57.988846
4.5718536,5.376180,8.852561,-1.635240,10.485474,98.972061,58.729599
4.5805626,5.179855,8.896853,-1.483208,10.401193,98.198311,59.791519
4.5901127,4.878186,8.620323,-1.625663,10.037402,99.320709,60.494755
4.5996222,4.687847,8.095993,-2.120066,9.592481,102.768555,59.927742
4.6097989,4.669890,7.784747,-2.579752,9.437440,105.863884,59.041424
4.6195421,4.824317,7.708132,-2.908955,9.547321,107.739403,57.958637
4.6299047,4.830302,7.693767,-3.003526,9.568022,108.295204,57.878571
4.6405201,4.982334,7.310695,-2.515109,9.197591,105.869843,55.725060
4.6497593,4.982334,7.310695,-2.515109,9.197591,105.869843,55.725060
4.6596174,5.204995,6.902483,-1.997961,8.872886,103.013229,52.980946
4.6697903,6.307524,6.789956,-0.815226,9.303385,95.027092,47.109478
4.6797585,6.779182,6.805518,-0.100556,9.606378,90.599762,45.111080
4.6899409,7.180211,7.054515,0.557849,10.081310,86.827919,44.494080
4.7006369,6.842628,6.253655,0.380678,9.277644,87.648392,42.424995
4.7097378,4.288015,5.321113,0.253785,6.838547,87.873207,51.136417
4.7196188,2.685097,6.774394,0.891840,7.341494,83.022507,68.378616
4.7304997,4.254497,8.677784,-2.102109,9.890578,102.271042,63.882462
4.7401671,8.002619,10.943896,-5.389348,14.589581,111.678436,53.824223
4.7498388,10.457873,12.938266,-3.847482,17.075390,103.021889,51.051731
4.7597408,10.538078,13.512875,-0.764947,17.153250,92.555946,52.050945
4.7703981,8.838196,11.840525,0.420182,14.781349,88.371063,53.261009
4.7799797,7.167043,10.120291,2.425326,12.636020,78.934120,54.694431
4.7898970,6.465542,9.215282,4.035427,11.958652,70.278511,54.946083
4.8002687,5.516241,8.432379,3.846285,10.785538,69.107536,56.808342
4.8097348,4.542998,8.359355,2.212242,9.767890,76.910011,61.477570
4.8197227,4.024653,9.334992,1.107318,10.225755,83.783409,66.677376
4.8297000,4.254497,10.036493,0.377087,10.907527,88.018822,67.027779
4.8398614,5.102044,9.649830,-0.864307,10.949753,94.527290,62.133762
4.8496718,6.075287,8.237251,-1.936909,10.416959,100.715828,53.589809
4.8596797,7.410054,5.838261,-2.699462,9.812303,105.968567,38.233997
4.8697157,8.599973,3.066972,-4.140772,10.025559,114.394783,19.627546
4.8797679,9.859323,0.371101,-6.343437,11.729585,122.738571,2.155574
4.8896670,11.154586,-1.777695,-8.541314,14.161180,127.095825,350.944977
4.8997889,11.859678,-2.940080,-9.386468,15.407849,127.531708,346.076752
4.9098520,11.550826,-2.974796,-9.737218,15.397546,129.226501,345.557892
4.9197111,10.578780,-1.905785,-9.514558,14.355118,131.513687,349.787598
4.9296103,8.433576,0.141258,-5.753267,10.210055,124.297516,0.959584
4.9401422,4.209007,2.288857,1.871069,5.143491,68.667847,28.537334
4.9499769,0.955287,4.993108,4.607641,6.861054,47.812061,79.168999
4.9604139,-0.293290,8.778340,2.908955,9.252421,71.675446,91.913574
4.9698420,-0.714669,14.000094,1.549049,14.103650,83.694298,92.922264
4.9801459,-1.024718,19.974825,2.042254,20.105085,84.169899,92.936729
4.9914007,0.023942,25.378538,1.367089,25.415344,86.916580,89.945946
4.9997330,2.671929,27.645847,-1.546654,27.817696,93.187271,84.479599
5.0096989,4.768053,24.766819,-3.543418,25.469303,97.997223,79.102867
5.0196447,4.538209,18.441339,-2.703054,19.182930,98.100471,76.174858
5.0299487,2.911349,12.303802,-1.121683,12.693214,95.069771,76.687416
5.0397367,1.391031,7.467515,-0.699107,7.628073,95.258492,79.448013
5.0502987,0.222661,4.089296,-1.545457,4.377255,110.674927,86.883339
5.0597968,-0.456095,2.144008,-3.056198,3.761003,144.350937,102.009521
5.0697765,-0.020351,1.450886,-4.021062,4.274860,160.157639,90.803604
5.0804362,1.526304,1.856703,-4.061763,4.719626,149.385284,50.578075
5.0896606,3.541024,3.298013,-3.374627,5.899479,124.891296,42.964966
5.1002049,5.491102,5.473145,-2.632425,8.187623,108.754433,44.906162
5.1098762,6.898892,7.723695,-2.011129,10.549636,100.989845,48.228405
5.1197829,7.518991,9.502586,-1.446098,12.203506,96.805458,51.646938
5.1299105,7.386112,10.587160,-1.102530,12.956010,94.881660,55.098518
5.1399541,6.752846,10.922348,-1.126472,12.890599,95.013306,58.273174
5.1496887,5.965154,10.702082,-1.448492,12.337574,96.742355,60.865467
5.1598339,4.797980,9.800665,-1.468843,11.010502,97.666328,63.915638
5.1697078,4.622006,9.549273,-0.877475,10.645258,94.728180,64.172249
5.1799598,4.605247,9.364920,-0.168791,10.437361,90.926620,63.814114
5.1896601,4.650737,9.105149,0.322020,10.229213,88.196007,62.942921
5.1995769,4.724957,8.798691,0.371101,9.993993,87.871979,61.763897
5.2096114,4.638766,8.576031,0.106542,9.750785,89.373947,61.591091
5.2196069,4.392163,8.580819,-0.322020,9.644959,91.913315,62.893990
5.2296391,3.995923,8.736442,-0.814029,9.641341,94.843307,65.421326
5.2395048,3.604471,8.938752,-1.335965,9.730277,97.891624,68.038689
5.2494802,3.234566,9.129091,-1.903390,9.870441,101.118416,70.490044
5.2599907,2.981978,9.233239,-2.407370,9.997017,103.934280,72.101555
5.2695122,2.773683,9.232041,-2.674323,10.003795,105.505501,73.277580
5.2796459,2.777274,9.318233,-2.815581,10.122758,106.149445,73.403458
5.2894869,2.911349,9.081207,-2.735375,9.921016,106.004646,72.224640
5.2994895,3.084929,8.658630,-2.372654,9.493058,104.473709,70.389847
5.3094831,3.567361,8.258799,-1.891419,9.193002,101.873146,66.638229
5.3194928,4.238934,7.902063,-1.279701,9.058079,98.121765,61.789383
5.3294821,4.921282,8.350976,0.503979,9.706277,87.023689,59.488892
5.3394938,5.284003,8.783129,1.938106,10.431697,79.292801,58.968533
5.3497419,5.817910,8.676587,0.835576,10.479954,85.426903,56.156971
5.3594770,5.523423,7.514202,-0.288501,9.330309,91.771919,53.681717
5.3696260,5.017050,6.409278,-1.772906,8.330235,102.288124,51.946896
5.3795848,4.106056,6.108806,-4.262876,8.505840,120.077469,56.092838
5.3897219,4.404134,6.637924,-6.502652,10.283137,129.224503,56.436497
5.3996210,5.795165,7.716512,-6.977901,11.908803,125.869759,53.093143
5.4094572,7.940370,9.398438,-4.972757,13.270586,112.007019,49.806850
5.4194536,9.986216,10.781090,-2.646790,14.931909,100.210045,47.191940
5.4296308,10.878056,11.045650,-0.276530,15.505320,91.021896,45.437984
5.4395971,9.678560,9.976639,1.985990,14.041083,81.868736,45.868847
5.4498539,7.891289,8.461109,3.233369,12.013222,74.386253,46.995739
5.4595017,6.307524,7.316680,3.629610,10.319532,69.407303,49.236210
5.4694958,4.605247,6.555324,3.040636,8.568899,69.216019,54.911186
5.4796166,2.968810,6.212954,1.306037,7.008592,79.260269,64.459572
5.4894686,1.968034,6.470330,-0.766145,6.806270,96.463173,73.082191
5.4994640,1.764527,7.097611,-2.223016,7.644046,106.906860,76.038818
5.5096078,2.589329,7.565677,-3.343503,8.667358,112.690804,71.106651
5.5197220,4.109647,7.429208,-4.108450,9.431951,115.822754,61.049755
5.5296092,5.677849,6.600814,-4.121618,9.633092,115.331848,49.298737
5.5395451,6.955156,5.501875,-3.901352,9.688414,113.745964,38.345757
5.5497556,7.691373,4.467580,-3.693056,9.630947,112.547997,30.150419
5.5597458,7.924808,3.818752,-3.432088,9.442704,111.313118,25.728167
5.5695066,7.869741,3.646369,-3.122039,9.218241,109.796509,24.860197
5.5794659,7.346608,3.951630,-2.270900,8.645519,105.228424,28.275139
5.5894775,6.507440,4.739322,-1.543063,8.196889,100.850662,36.065586
5.5996089,5.951985,6.096835,-1.810017,8.710550,101.993217,45.688770
5.6094828,5.464766,7.934384,-2.382231,9.924371,103.888809,55.443077
5.6195974,3.730166,9.481039,-0.672771,10.210625,93.777916,68.523621
5.6296215,2.108095,11.291056,0.651223,11.504612,86.755020,79.424362
5.6395016,1.544260,13.411120,0.736217,13.519797,86.878426,83.431450
5.6495810,1.270124,15.364789,2.050634,15.552976,82.423584,85.274414
5.6595058,1.078588,18.006790,2.917335,18.273443,80.813484,86.572136
5.6695256,0.958878,17.430986,2.869451,17.691593,80.665794,86.851334
5.6795688,0.963666,15.075091,1.127669,15.147893,85.730728,86.342377
5.6898870,0.829591,12.017695,-0.889446,12.079086,94.222809,86.051094
5.6995945,0.342371,9.463082,-1.923741,9.662708,101.483704,87.927963
5.7095518,-0.282516,7.656657,-2.404976,8.030450,107.426498,92.113144
5.7194586,-0.811634,6.515820,-2.892196,7.174918,113.771996,97.100403
5.7295508,-0.949301,5.828684,-3.725378,6.982347,122.245110,99.250381
5.7395577,-0.193930,5.798757,-4.228160,7.179173,126.082397,91.915451
5.7499380,1.136049,6.359000,-4.078523,7.639492,122.267548,79.870850
5.7594972,2.697068,7.395689,-3.463213,8.600246,113.746300,69.964043
5.7695198,4.274847,8.529344,-2.807201,9.945069,106.395775,63.380295
5.7795410,5.385756,9.350554,-2.256535,11.024118,101.811394,60.058807
5.7899055,5.905299,9.852140,-1.747767,11.618602,98.651749,59.061844
5.7994680,5.946000,10.085575,-1.408988,11.792328,96.862289,59.478317
5.8095684,5.683835,10.058042,-1.238999,11.619179,96.121315,60.529053
5.8195419,5.244499,9.803059,-0.976834,11.160598,95.021255,61.853844
5.8297167,4.826711,9.421184,-0.470461,10.596092,92.544739,62.872787
5.8394909,4.641160,9.045294,0.150835,10.167618,89.149994,62.837543
5.8496118,4.693832,8.791509,0.760159,9.995026,85.638229,61.902008
5.8629003,4.891354,8.808268,1.115698,10.136849,83.681023,60.955975
5.8797178,4.746505,9.340978,0.307655,10.482263,88.318123,63.063148
5.8895316,4.205415,9.624691,-0.433351,10.512278,92.362587,66.397545
5.8994980,3.493140,9.838972,-1.351527,10.527774,97.375832,70.453560
5.9094748,2.653973,9.968259,-2.032677,10.513873,101.147354,75.091286
5.9195719,1.826776,10.079589,-2.534262,10.552616,103.895683,79.727493
5.9294729,0.954089,9.963470,-2.754529,10.381159,105.387115,84.530106
5.9397368,0.211887,9.583989,-2.709039,9.961759,105.779968,88.733490
5.9494882,0.005986,9.071630,-2.622848,9.443191,106.125977,89.962196
5.9595070,0.584185,8.633492,-2.452860,8.994163,105.825996,86.128983
5.9695120,1.838747,8.441956,-2.227805,8.922483,104.458832,77.712288
5.9795356,3.195062,8.422802,-1.748964,9.176649,100.987137,69.226517
5.9895310,4.410120,8.562862,-0.926556,9.676273,95.494804,62.750237
5.9995413,5.128380,9.234436,0.719458,10.587384,86.103508,60.954227
6.0096607,5.257667,9.502586,1.444901,10.955818,82.421509,61.044769
6.0195680,5.048174,9.307459,1.270124,10.664243,83.159767,61.525505
6.0294909,4.490325,9.376891,0.717063,10.421290,86.054497,64.411568
6.0395017,2.834735,9.064447,-0.416591,9.506496,92.511604,72.633911
6.0497589,1.538275,8.269572,-2.008735,8.647955,103.431259,79.462494
6.0594697,1.200692,8.173804,-3.768473,9.080425,114.519989,81.643295
6.0695448,2.273294,8.233660,-5.930438,10.398611,124.771881,74.565292
6.0796156,4.770447,8.236053,-6.519411,11.536571,124.409805,59.919930
6.0895567,8.294712,8.701726,-5.629965,13.274742,115.094414,46.371799
6.0996199,11.298238,9.467871,-3.786430,15.219323,104.405975,39.962852
6.1098089,11.548432,9.554062,-0.417788,14.994030,91.596672,39.601082
6.1194911,9.478644,8.344990,2.562993,12.886136,78.527626,41.360661
6.1296048,7.362170,6.657078,4.028244,10.711908,67.910599,42.120758
6.1401367,4.720169,4.139575,1.107318,6.375125,79.997360,41.250671
6.1496201,4.169502,3.754108,-1.514333,5.811306,105.104706,41.999023
6.1596498,3.833117,3.829526,-3.070564,6.227874,119.540298,44.973148
6.1694779,3.827132,4.179079,-3.655946,6.743707,122.828552,47.517063
6.1794996,4.054581,4.718972,-3.217807,7.004470,117.347969,49.330547
6.1895437,4.508282,5.364209,-3.272874,7.733760,115.036346,49.955051
6.1995182,4.867412,5.955577,-3.478775,8.441710,114.336426,50.741337
6.2095418,4.876989,6.767211,-3.052607,8.882487,110.100372,54.220486
6.2194886,4.625597,7.711724,-2.115277,9.238031,103.236725,59.044094
6.2295008,4.589684,9.121908,-1.780089,10.365478,99.888565,63.290764
6.2396498,3.007117,10.401609,0.075417,10.827831,89.600922,73.875359
6.2498908,1.319205,12.096704,0.908600,12.202299,85.729729,83.776207
6.2596269,0.772130,14.319720,-0.420182,14.346677,91.678307,86.913559
6.2694778,0.639252,16.516401,-1.517924,16.598320,95.247055,87.783524
6.2795591,0.369904,18.183962,-0.275333,18.189808,90.867302,88.834633
6.2895827,0.229843,18.486828,1.674744,18.563955,84.824036,89.287689
6.2995691,0.240617,16.991650,2.483984,17.173941,81.683754,89.188690
6.3095889,0.047884,14.288596,2.227805,14.461307,81.138138,89.807991
6.3197541,-0.635661,11.546038,1.857901,11.711825,80.872353,93.151207
6.3299756,-1.326388,9.337387,1.337162,9.525445,81.930290,98.084846
6.3397141,-1.590947,7.751228,0.521936,7.930010,86.226189,101.598923
6.3494930,-1.259350,6.821081,-0.357933,6.945590,92.953979,100.460510
6.3597436,-0.360327,6.467936,-1.181539,6.584836,100.336746,93.188637
6.3698316,1.024718,6.794744,-1.910573,7.132243,105.538055,81.423828
6.3800001,2.460042,7.611167,-2.468422,8.371068,107.150063,72.088394
6.3897219,3.689465,8.799889,-2.935291,9.983293,107.098801,67.253517
6.3997917,4.531027,9.895236,-3.366248,11.391994,107.187065,65.396965
6.4094348,4.744111,10.460267,-3.499126,12.006984,106.943237,65.603981
6.4195848,4.392163,10.450690,-3.177106,11.772936,105.656242,67.204208
6.4296217,3.701436,10.004171,-2.718616,11.007949,104.298195,69.696068
6.4406281,3.032256,9.430760,-2.190695,10.145588,102.469849,72.175934
6.4495540,2.647987,8.977059,-1.689109,9.510653,100.230103,73.565384
6.4596057,2.597709,8.714894,-1.344344,9.192645,98.409164,73.401894
6.4697051,2.803610,8.631097,-0.961272,9.125793,96.046509,72.004822
6.4799929,3.180697,8.769960,-0.348356,9.335438,92.138519,70.065262
6.4900374,3.585317,9.014170,0.244209,9.704092,88.557968,68.310188
6.5004239,3.892972,9.234436,0.736217,10.048485,85.798378,67.141113
6.5106506,4.147954,9.448717,1.064223,10.373830,84.111824,66.298691
6.5197158,4.259285,9.551667,0.842759,10.492192,85.392899,65.966927
6.5296240,4.205415,9.589975,0.277727,10.475222,88.480751,66.321487
6.5397940,3.854665,9.657013,-0.383072,10.404955,92.109894,68.240242
6.5501428,3.313575,9.739613,-1.089362,10.345364,96.044426,71.210854
6.5598321,2.664747,9.774328,-1.681927,10.269725,99.426094,74.750221
6.5697470,1.999158,9.746795,-2.005144,10.149741,101.394089,78.408867
6.5797234,1.522712,9.691729,-2.205060,10.055374,102.667435,81.070992
6.5907159,1.300052,9.633071,-2.105700,9.945862,102.222946,82.313965
6.6003928,1.387440,9.568427,-1.991976,9.871563,101.641609,81.749504
6.6097436,1.798046,9.475053,-1.991976,9.847718,101.670197,79.254959
6.6198316,2.123657,9.853337,-0.080206,10.079911,90.455910,77.837280
6.6297927,2.426523,10.492589,1.794454,10.917990,80.540085,76.978653
6.6403079,3.101688,11.556811,1.025915,12.009699,85.099602,74.976639
6.6500597,1.043872,10.801441,-0.966060,10.894681,95.087250,84.479965
6.6598420,-0.582988,9.385271,-3.596091,10.067525,110.928162,93.554497
6.6704240,-0.622492,8.481460,-5.924452,10.364449,124.862778,94.197670
6.6808629,1.112107,7.626729,-6.652289,10.181195,130.797668,81.703773
6.6905565,5.038598,6.712144,-7.655460,11.359859,132.369141,53.105583
6.7005057,10.417171,6.076484,-7.943961,14.441178,123.373253,30.255619
6.7097850,15.236700,5.732916,-6.675035,17.594870,112.294907,20.619164
6.7196870,16.577452,4.791995,-3.393781,17.586725,101.126396,16.122839
6.7296138,14.562732,3.156755,1.853112,15.015735,82.910980,12.230746
6.7399006,10.438720,2.080561,5.905299,12.172434,60.978550,11.272019
6.7515726,5.961562,2.343924,6.119579,8.859088,46.309025,21.463398
6.7596126,1.989582,3.964798,3.604471,5.715791,50.904392,63.351971
6.7704391,-1.282095,6.421249,1.428141,6.701925,77.696259,101.291443
6.7798104,-3.918111,8.981848,-0.354342,9.805649,92.070923,113.568062
6.7901750,-4.078523,11.318588,-4.624401,12.889138,111.025459,109.816040
6.7998400,-1.605312,13.037625,-9.127894,15.996099,124.794342,97.019455
6.8105316,2.129642,13.939042,-11.853693,18.421246,130.051773,81.313377
6.8196917,5.457583,14.753071,-11.044453,19.220257,125.073425,69.699127
6.8298101,5.778406,15.399506,-4.331111,17.008623,104.752380,69.432243
6.8405485,2.991555,15.427038,4.335899,16.301624,74.574829,79.025620
6.8497038,-0.984017,14.937425,9.973047,17.987679,56.328007,93.768967
6.8598747,-4.138378,13.967772,10.654198,18.048180,53.820293,106.503525
6.8697119,-6.538565,12.046426,7.343017,15.549569,61.820671,118.492249
6.8795757,-7.231686,9.853337,3.711013,12.773299,73.110374,126.276161
6.8895831,-5.589264,8.692149,0.790087,10.364244,85.627991,122.742004
6.8994861,-2.940080,8.894460,-0.816423,9.403298,94.980865,108.291397
6.9094820,-0.548272,9.838972,-0.943315,9.899284,95.468086,93.189484
6.9195547,1.428141,10.718841,-0.488417,10.824587,92.586128,82.410805
6.9295607,2.925714,11.107899,-0.480037,11.496767,92.393028,75.243973
6.9394560,3.866636,11.118672,-1.112107,11.824235,95.396828,70.824341
6.9495287,4.062960,10.906786,-2.161964,11.838062,100.522881,69.568794
6.9595046,3.575740,10.471041,-2.734178,11.397558,103.880142,71.145554
6.9697380,2.871845,9.941922,-2.572570,10.663368,103.960503,73.887993
6.9805188,2.313996,9.430760,-2.167950,9.949564,102.585365,76.213875
6.9901972,2.158373,9.032125,-1.626860,9.427860,99.936623,76.560287
6.9999208,2.449268,8.742428,-1.170765,9.154215,97.347885,74.349312
7.0105748,3.069367,8.620323,-0.671574,9.175075,94.197540,70.401131
7.0196362,3.829526,8.750807,-0.005986,9.552064,90.035904,66.364868
7.0296717,4.477157,9.115923,0.612916,10.174510,86.546394,63.842690
7.0397048,4.859032,9.618706,0.835576,10.808695,85.566269,63.198700
7.0503569,4.764462,10.129868,0.658405,11.213733,86.633987,64.810616
7.0601516,4.305972,10.484209,-0.229843,11.336351,91.161743,67.671547
7.0703411,3.491943,10.551247,-1.301249,11.189982,96.677856,71.687996
7.0798197,2.410961,10.275913,-2.327164,10.808460,102.433685,76.795944
7.0900707,1.351527,9.794679,-3.095703,10.360778,107.384979,82.143608
7.0998421,0.418985,9.282320,-3.465607,9.917028,110.454300,87.415535
7.1097727,-0.179565,8.869320,-3.507505,9.539374,111.573051,91.159828
7.1198287,-0.311246,8.547300,-3.072958,9.088250,109.762634,92.085480
7.1295881,0.791284,8.523358,-2.673126,8.967685,107.342583,84.696030
7.1398282,1.618480,8.682572,-2.306813,9.128413,104.637749,79.440933
7.1502337,2.489970,8.838196,-1.933318,9.383570,101.889931,74.265968
7.1597900,3.298013,8.911219,-1.474828,9.615707,98.822678,69.690651
7.1703291,3.836708,9.271546,-0.076614,10.034329,90.437469,67.519478
7.1796584,4.355053,9.664195,0.521936,10.612990,87.181114,65.741867
7.1895571,4.890157,9.791088,0.651223,10.963719,86.594742,63.460175
7.1996765,4.940435,9.781511,-0.244209,10.961090,91.276634,63.202621
7.2103539,3.736152,9.859323,-0.693121,10.566243,93.761169,69.245995
7.2198467,1.956063,9.206903,-2.274492,9.683312,103.585007,78.005508
7.2307668,1.157596,8.100781,-4.657919,9.415885,119.649139,81.867531
7.2394519,1.725022,7.059304,-6.017826,9.435237,129.628220,76.268211
7.2496533,4.005499,6.488286,-6.071695,9.747172,128.529587,58.311176
7.2595887,7.586028,6.190208,-5.908890,11.435973,121.110703,39.214489
7.2695351,11.019313,6.228516,-3.648763,13.173198,106.080276,29.476709
7.2796149,12.926295,6.325481,-1.277307,14.447572,95.072128,26.074808
7.2909546,12.290634,5.930438,1.138443,13.694007,85.231247,25.758089
7.2997227,10.108319,5.333084,2.436100,11.685653,77.967331,27.815840
7.3095646,7.214927,5.026627,2.865860,9.248529,71.948486,34.864857
7.3196397,4.188656,5.453991,2.917335,7.470054,67.012062,52.475803
7.3296719,1.316811,6.415264,2.209848,6.911804,71.353951,78.400459
7.3397517,-0.727837,7.757214,-1.470040,7.928753,100.684814,95.360207
7.3497610,-1.304840,9.320627,-5.281609,10.792224,119.300514,97.969322
7.3596430,0.124498,11.056423,-8.449138,13.915744,127.384720,89.354858
7.3697867,2.248155,13.114240,-9.850943,16.555319,126.514908,80.272423
7.3800864,3.187880,16.263813,-5.673061,17.517357,108.896141,78.910019
7.3903975,1.043872,18.932150,4.635174,19.519241,76.262917,86.844048
7.3996830,-2.359486,19.671959,11.331757,22.824589,60.233173,96.839478
7.4099526,-4.831499,18.828003,11.331757,22.499907,59.759171,104.392258
7.4196658,-6.631939,15.350424,7.592013,18.364553,65.581032,113.366096
7.4307261,-7.436390,11.149797,4.305972,14.076906,72.188339,123.701424
7.4396176,-6.642713,8.608353,0.597353,10.889729,86.855476,127.655891
7.4503059,-5.020641,7.730877,-2.724602,9.612323,106.466148,123.000786
7.4600530,-2.993949,8.007407,-3.736152,9.329583,113.607117,110.500641
7.4697356,-0.788889,8.951921,-3.309984,9.576806,110.219955,95.036186
7.4806986,1.428141,10.031705,-3.296816,10.655688,108.022766,81.897659
7.4898467,3.118448,10.836157,-3.825934,11.907342,108.742096,73.945152
7.4997120,3.803190,11.009736,-4.570531,12.512726,111.424240,70.943100
7.5096707,3.539827,10.572795,-4.880580,12.171049,113.640656,71.489182
7.5200219,2.685097,9.768343,-4.377798,11.036095,113.370789,74.630280
7.5298738,1.861492,8.722076,-3.618836,9.624746,112.085693,77.952507
7.5396757,1.532289,7.908048,-2.859874,8.547749,109.546776,79.034073
7.5497208,1.775301,7.533356,-2.342726,8.086502,106.840492,76.739693
7.5596938,2.335544,7.681796,-1.903390,8.251524,103.336601,73.088829
7.5698748,3.040636,8.546103,-1.150414,9.143565,97.227928,70.414841
7.5808640,3.561375,9.697714,1.904588,10.505071,79.554413,69.834816
7.5920568,5.325902,10.806230,3.057395,12.429300,75.760071,63.763397
7.6056104,6.856994,12.538434,4.411316,14.956283,72.845619,61.326721
7.6198964,6.916849,12.963405,4.577713,15.389871,72.695503,61.917076
7.6296887,6.367379,13.351266,4.291606,15.401874,73.820839,64.502960
7.6397467,5.111620,13.457808,3.399766,14.791878,76.712341,69.201942
7.6497321,3.457227,12.901155,1.589750,13.450633,83.212265,74.998451
7.6596618,1.618480,11.926716,-0.210690,12.037874,91.002853,82.272049
7.6698995,0.076614,10.860099,-1.703475,10.993155,98.914345,89.595802
7.6802807,-0.890643,9.868899,-2.505532,10.220866,104.190041,95.156830
7.6900301,-0.967257,8.932767,-2.896984,9.440468,107.870628,96.180023
7.6997199,0.124498,8.160637,-3.453636,8.862228,112.936012,89.125961
7.7097049,1.708263,7.357382,-3.724181,8.421327,116.246384,76.928474
7.7202229,3.204639,6.561310,-3.930082,8.292529,118.289734,63.968445
7.7297716,4.273650,6.114791,-4.297592,8.609532,119.944885,55.050156
7.7404575,4.702212,5.990293,-4.182671,8.688449,118.777267,51.869076
7.7498646,4.796783,6.477513,-3.864242,8.938662,115.614029,53.478996
7.7601385,4.320337,6.434417,-2.403779,8.114505,107.231445,56.120937
7.7697258,3.025074,7.435194,-0.700304,8.057518,94.986046,67.860619
7.7797790,-0.622492,7.365762,0.922965,7.449417,82.882904,94.830681
7.7900567,-3.519476,6.150704,-1.909376,7.339182,105.079674,119.778496
7.7997818,-3.215413,5.048174,-5.752069,8.301160,133.861984,122.494926
7.8103037,0.082600,3.983952,-8.423999,9.318930,154.684433,88.812248
7.8199458,4.800375,3.617639,-7.559692,9.658149,141.510925,37.002262
7.8297105,8.508993,4.477157,-4.065354,10.439110,112.919342,27.751896
7.8400168,10.545261,5.855020,-0.998382,12.102916,94.731766,29.040243
7.8497267,10.820595,6.314707,0.976834,12.566423,85.541695,30.267076
7.8597140,9.929952,5.922058,2.096124,11.750254,79.724022,30.811148
7.8698425,8.671799,5.556942,2.336741,10.561253,77.217186,32.651997
7.8798571,7.083246,5.783194,1.808819,9.321456,78.810822,39.230297
7.8897710,4.976348,6.797139,2.015918,8.661932,76.541969,53.791248
7.8995881,2.670732,8.742428,1.996764,9.356812,77.678192,73.012566
7.9095187,0.633266,11.723208,1.644817,11.854959,82.024765,86.907990
7.9195371,-1.589750,14.739902,1.127669,14.868210,85.650261,96.155754
7.9295568,-2.771288,17.442957,-1.630451,17.736832,95.274338,99.027542
7.9397178,-2.833538,19.516335,-4.374207,20.200245,102.506027,98.260941
7.9494376,-2.291251,20.598515,-6.173449,21.625450,106.587036,96.347137
7.9609179,-2.103306,20.135237,-4.765658,20.798153,103.246361,95.963432
7.9710402,-3.433285,17.560272,-0.663194,17.905039,92.122696,101.062599
7.9798589,-5.589264,13.824121,1.182736,14.958110,85.464897,112.014099
7.9896760,-7.243657,10.606314,0.602142,12.857956,87.315842,124.331398
7.9996057,-7.597999,8.761581,-0.500388,11.607984,92.470627,130.931656
8.0100269,-6.483498,8.097190,-1.321599,10.456905,97.260765,128.684586
8.0198975,-4.325125,8.069656,-1.617283,9.297401,100.017563,118.190147
8.0296211,-1.776498,8.327033,-1.667562,8.676185,101.081192,102.042999
8.0408716,0.677559,8.615535,-1.824382,8.832604,101.920296,85.503296
8.0500593,2.762909,8.895657,-2.088941,9.546206,102.639984,72.745689
8.0606174,4.370615,9.051279,-2.116474,10.271679,101.890945,64.225372
8.0698032,5.462371,9.121908,-2.116474,10.840949,101.258141,59.086025
8.0799570,6.057330,9.102755,-1.748964,11.072952,99.087883,56.358650
8.0901337,6.269217,9.064447,-0.254982,11.024169,91.325333,55.331219
8.0997581,6.254852,9.044097,-0.254982,10.999268,91.328339,55.332462
8.1104727,5.923255,8.886080,0.520739,10.691984,87.208382,56.313496
8.1198025,5.588067,8.868123,0.715866,10.506310,86.093025,57.783760
8.1296473,5.122395,8.973468,0.660800,10.353681,86.340744,60.280643
8.1396227,4.551377,9.191340,0.380678,10.263561,87.874397,63.656261
8.1496801,3.964798,9.463082,-0.067038,10.260314,90.374352,67.267517
8.1596289,3.429694,9.730036,-0.575805,10.332858,93.194504,70.583199
8.1699238,3.041833,9.928755,-1.000776,10.432376,95.504845,72.966713
8.1798458,2.822764,10.012551,-1.326388,10.487062,97.266144,74.255661
8.1898756,2.576161,9.909601,-1.605312,10.364064,98.910538,75.427597
8.1996174,2.191892,9.668983,-1.787272,10.074124,100.219055,77.227318
8.2097187,1.671153,9.356541,-1.879448,9.688650,101.185410,79.873299
8.2196817,1.040281,9.051279,-1.707066,9.269407,100.612236,83.443657
8.2297649,0.492008,8.846576,-1.420959,8.973467,99.111206,86.816734
8.2398796,0.253785,8.783129,-1.262941,8.877093,98.179207,88.344917
8.2497854,0.375890,8.817844,-1.131260,8.898057,97.304100,87.559059
8.2604952,0.812831,8.916007,-0.960075,9.004312,96.120735,84.791008
8.2703485,1.459266,9.030929,-0.743400,9.178223,94.645821,80.821175
8.2806177,2.191892,9.156625,-0.409408,9.424212,92.489838,76.537987
8.2903986,2.906561,9.288305,-0.094571,9.732916,90.556732,72.623695
8.2997456,3.481169,9.400833,-0.008380,10.024683,90.047897,69.680191
8.3096447,3.942053,9.455899,-0.055067,10.244844,90.307968,67.369316
8.3197107,4.114436,9.417592,-0.248997,10.280156,91.387901,66.400047
8.3302174,4.012682,9.291897,-0.523133,10.134823,92.958771,66.643021
8.3397226,3.709816,9.139865,-0.720655,9.890359,94.178520,67.908066
8.3497934,3.308787,9.030929,-0.746991,9.646955,94.441017,69.877983
8.3597279,2.998738,8.939949,-0.791284,9.462624,94.796791,71.456940
8.3699713,2.798822,8.887277,-0.944513,9.365319,95.788246,72.519501
8.3801212,2.570175,8.852561,-1.215057,9.297850,97.508980,73.810333
8.3900509,2.342726,8.853758,-1.760935,9.326215,100.883675,75.179054
8.3999147,2.061408,8.971074,-2.331953,9.495661,104.216164,77.058998
8.4097452,1.650802,9.220071,-2.582147,9.716086,105.412117,79.849068
8.4204893,0.994791,9.524135,-2.424129,9.878014,104.205864,84.037109
8.4303007,0.357933,10.047267,-0.214281,10.055923,91.221008,87.959702
8.4403610,0.025139,11.747150,-1.064223,11.795284,95.176521,89.877388
8.4498997,-0.463278,12.143391,-1.635240,12.261752,97.663857,92.184814
8.4597845,1.713051,11.852495,-4.936844,12.953324,112.403427,81.775940
8.4698477,4.028244,11.173739,-5.203797,12.967603,113.658981,70.175262
8.4803944,4.994305,10.032902,-2.911349,11.579212,104.562088,63.536217
8.4895544,4.759673,8.593987,-0.190339,9.825850,91.109962,61.020668
8.4996653,4.556166,7.730877,1.385046,9.079838,81.225800,59.487179
8.5100250,4.225766,7.657854,1.610101,8.893383,79.569382,61.109154
8.5201273,3.878607,8.058883,0.750582,8.975108,85.202789,64.299255
8.5299368,3.603274,8.579621,0.131681,9.306494,89.189270,67.218544
8.5397024,3.500323,9.093178,-0.561440,9.759783,93.297813,68.946320
8.5498066,3.299210,9.537302,-1.340753,10.180498,97.567734,70.918121
8.5596151,2.890999,9.830592,-1.996764,10.439611,101.026794,73.612350
8.5703163,2.534262,9.636662,-2.877831,10.371578,106.109428,75.265900
8.5797253,2.534262,9.636662,-2.877831,10.371578,106.109428,75.265900
8.5897045,2.759317,9.261970,-3.178303,10.173471,108.204582,73.410202
8.5998154,2.992752,8.585608,-2.949656,9.558749,107.973785,70.782578
8.6099253,3.046622,8.432379,-2.669535,9.354856,106.580582,70.135193
8.6202745,3.181894,8.423999,-2.621651,9.378766,106.232185,69.307556
8.6297207,3.235764,8.445546,-2.634819,9.420175,106.242279,69.036537
8.6401434,3.266888,8.514978,-2.780865,9.534706,106.957191,69.010002
8.6506538,3.106477,8.535329,-2.741361,9.487734,106.794350,70.000763
8.6596260,2.924517,8.583213,-2.625242,9.440140,106.146454,71.184731
8.6697330,2.876633,8.656237,-2.612074,9.488329,105.979500,71.617363
8.6797609,2.978387,8.667010,-2.572570,9.518717,105.679993,71.034904
8.6896896,3.262100,8.633492,-2.506729,9.563585,105.195412,69.301308
8.7003174,3.675100,8.628703,-2.401384,9.681297,104.361778,66.930084
8.7101488,4.071340,8.752005,-2.191892,9.898374,102.793602,65.052650
8.7203550,4.296395,8.963891,-1.854309,10.111815,100.566727,64.391586
8.7296629,4.371812,9.147048,-1.555034,10.256674,98.720352,64.454628
8.7396145,4.310760,9.224859,-1.395820,10.277596,97.805573,64.953400
8.7498512,4.339490,9.281123,-1.186327,10.313961,96.604866,64.941048
8.7597065,4.504691,9.397242,-0.973243,10.466498,95.335442,64.388664
8.7697420,4.726154,9.433155,-0.882263,10.587697,94.779945,63.388435
8.7797241,5.031415,9.357738,-0.920571,10.664419,94.952034,61.734222
8.7898598,5.171476,9.257181,-0.896629,10.641593,94.833298,60.810322
8.7996883,5.032612,9.115923,-0.921768,10.453559,95.058762,61.098305
8.8096743,4.656722,8.921992,-1.145625,10.129139,96.494164,62.438259
8.8196268,4.252102,8.659827,-1.491588,9.762060,98.788895,63.848282
8.8295612,4.077325,8.500613,-1.946486,9.626724,101.665413,64.375259
8.8395491,4.079720,8.400057,-2.324770,9.623389,103.979515,64.095192
8.8495016,4.277241,8.276755,-2.698265,9.699491,106.151985,62.671093
8.8595829,4.547786,8.232463,-2.737770,9.795467,106.229980,61.082813
8.8696814,4.845864,8.352173,-2.535460,9.983474,104.712303,59.878033
8.8796749,5.046977,8.870518,-1.944092,10.389300,100.785019,60.361820
8.8895922,4.734534,9.724051,-1.456872,10.913086,97.671761,64.039055
8.9001303,4.484340,9.959879,-2.432509,11.190424,102.554848,65.760803
8.9097786,4.557363,9.464279,-3.780444,11.163955,109.793396,64.287651
8.9195766,4.319140,8.535329,-3.621230,10.228397,110.734428,63.159180
8.9300823,3.489549,7.856573,-2.273294,8.892163,104.812187,66.051285
8.9394655,2.743755,7.705738,-0.799663,8.218640,95.583641,70.400887
8.9495869,2.862268,7.933187,-0.155623,8.435180,91.057129,70.160721
8.9599581,3.614048,8.283937,-0.729034,9.067328,94.611694,66.429718
8.9696054,4.497508,8.616732,-1.804031,9.885857,100.514603,62.437668
8.9795504,5.082890,8.950723,-2.440889,10.578712,103.340401,60.408848
8.9898710,5.166687,9.157822,-2.466028,10.800076,103.199020,60.569046
8.9996271,4.823119,9.142260,-2.126051,10.552890,101.622711,62.185524
9.0100365,4.311957,8.929175,-1.696292,10.059849,99.707596,64.223801
9.0200596,3.974375,8.650250,-1.491588,9.635732,98.905052,65.323494
9.0296192,3.939659,8.497022,-1.462857,9.479465,98.877274,65.125122
9.0395489,4.082114,8.455123,-1.460463,9.501879,98.841560,64.228859
9.0497952,4.203021,8.516175,-1.472434,9.610343,98.813202,63.732101
9.0595675,4.217386,8.627506,-1.509544,9.721056,98.933388,63.949215
9.0703354,4.146757,8.741230,-1.812411,9.843248,100.610260,64.620781
9.0796890,4.018668,8.786720,-1.812411,9.830614,100.624054,65.422684
9.0896454,3.875015,8.743625,-1.908179,9.752326,101.283516,66.097954
9.0996952,3.961207,8.603564,-1.555034,9.598469,99.323502,65.277969
9.1098604,4.106056,8.456321,-1.714248,9.555507,100.334755,64.100616
9.1196051,3.853468,8.250419,-1.821988,9.286456,101.314735,64.964447
9.1296816,3.773262,8.433576,-1.612495,9.378851,99.899986,65.895805
9.1403580,3.882198,8.583213,-1.936909,9.617413,101.618607,65.662697
9.1496544,3.931279,8.619126,-2.051831,9.693003,102.220917,65.481743
9.1596756,3.942053,8.611943,-1.938106,9.667554,101.564758,65.404411
9.1696501,4.015076,8.566454,-1.805228,9.631397,100.802933,64.887627
9.1796665,4.102465,8.532935,-1.641225,9.609100,99.834282,64.322685
9.1896744,4.180276,8.540117,-1.392228,9.609715,98.330170,63.918854
9.1997166,4.259285,8.555679,-1.199495,9.632235,97.153572,63.534439
9.2098455,4.344279,8.608353,-1.113304,9.706490,96.586143,63.221813
9.2195921,4.412514,8.716091,-1.067814,9.827551,96.237793,63.149227
9.2302580,4.462792,8.825027,-1.059434,9.945854,96.114761,63.174400
9.2397165,4.459201,8.857349,-1.163582,9.984540,96.692360,63.277195
9.2497330,4.377798,8.856153,-1.182736,9.949643,96.827019,63.695766
9.2596321,4.307169,8.871715,-1.187524,9.933239,96.866165,64.103676
9.2702208,4.296395,8.845378,-1.225831,9.909711,97.105690,64.093132
9.2797747,4.272453,8.765172,-1.268927,9.833222,97.414398,64.013771
9.2899590,4.238934,8.719683,-1.274912,9.778897,97.491196,64.074043
9.3004875,4.268862,8.701726,-1.320402,9.781957,97.757660,63.868519
9.3100519,4.316746,8.746018,-1.423353,9.856626,98.302864,63.730576
9.3199291,4.327519,8.797494,-1.552640,9.926430,98.998856,63.807259
9.3297329,4.295198,8.827422,-1.690306,9.961387,99.769554,64.053627
9.3399086,4.262876,8.820239,-1.692701,9.941527,99.803261,64.205238
9.3496761,4.134786,8.817844,-1.338359,9.830668,97.824615,64.877594
9.3598394,4.189853,8.741230,-1.823185,9.863467,100.651932,64.390633
9.3699265,4.071340,8.657434,-1.589750,9.698158,99.434669,64.813759
9.3803177,4.013879,8.586804,-1.478420,9.593235,98.865219,64.946388
9.3903284,3.979163,8.491036,-1.412579,9.482975,98.566635,64.890755
9.4001942,4.009091,8.470686,-1.406593,9.476488,98.535942,64.672272
9.4104757,4.185065,8.701726,-1.553837,9.780042,99.141800,64.314934
9.4197245,4.276044,8.901642,-1.805228,10.039055,100.359306,64.341965
9.4296169,4.242526,8.954314,-2.009932,10.110321,101.466797,64.648552
9.4400816,4.267664,9.035717,-2.244564,10.241837,102.659492,64.718140
9.4500952,4.100070,9.210494,-2.433706,10.371437,103.571266,66.003662
9.4601040,3.616442,9.117120,-2.246958,10.062273,102.903236,68.363510
9.4697914,3.375824,8.876503,-1.981202,9.701220,101.783958,69.177681
9.4804859,3.529053,8.591593,-1.537078,9.414473,99.396606,67.669273
9.4910374,3.867833,8.322245,-0.973243,9.228601,96.053635,65.072960
9.4999723,4.255693,8.177396,-0.786495,9.251989,94.876495,62.506557
9.5097237,4.479551,8.145074,-0.644040,9.317907,93.963364,61.190498
9.5199938,4.639963,8.306683,-0.677559,9.538832,94.073242,60.813065
9.5297613,4.702212,8.583213,-1.043872,9.842358,96.088188,61.284386
9.5401087,4.566940,8.845378,-1.540669,10.073297,98.797684,62.692329
9.5505056,4.106056,9.012972,-2.233790,10.152988,102.709801,65.507332
9.5598669,4.106056,9.087193,-2.233790,10.218932,102.626427,65.684128
9.5698509,3.904943,9.036914,-2.311602,10.112265,103.214302,66.630333
9.5796442,3.931279,8.827422,-1.819593,9.833070,100.663948,65.994270
9.5901461,4.516662,8.689755,-1.493982,9.906768,98.673531,62.536007
9.5997305,4.693832,8.707711,-1.362301,9.985598,97.841118,61.673416
9.6098175,4.569334,8.695741,-1.380257,9.919669,97.998283,62.279507
9.6206055,4.351461,8.686164,-1.538275,9.836205,98.997368,63.390747
9.6300516,4.177882,8.693346,-1.642422,9.783993,99.663902,64.331810
9.6403704,4.240131,8.675390,-1.655591,9.797045,99.729027,63.952747
9.6498375,4.340688,8.628703,-1.588553,9.788748,99.339470,63.295219
9.6597281,4.390966,8.613141,-1.593341,9.798241,99.358711,62.987583
9.6701250,4.355053,8.659827,-1.634043,9.830014,99.568695,63.302040
9.6803980,4.320337,8.731653,-1.696292,9.888603,99.877373,63.674244
9.6899405,4.315548,8.728063,-1.683124,9.881090,99.807465,63.690128
9.6996326,4.315548,8.668207,-1.641225,9.821171,99.619888,63.533150
9.7097902,4.343082,8.645462,-1.649605,9.814661,99.675949,63.327152
9.7203732,4.408922,8.652645,-1.659182,9.851891,99.695534,62.999058
9.7299118,4.484340,8.592790,-1.571793,9.819159,99.211197,62.441189
9.7397985,4.548983,8.418014,-1.513135,9.687403,98.986176,61.613800
9.7504759,4.620809,8.412027,-1.455675,9.707372,98.624352,61.219574
9.7596674,4.592079,8.315063,-1.151611,9.568368,96.912651,61.089874
9.7699165,4.236540,8.412027,-1.558625,9.546717,99.396339,63.268856
9.7801800,3.897760,8.851364,-2.607286,10.016842,105.087280,66.233368
9.7897635,3.754108,9.027337,-2.808398,10.172180,106.026756,67.419525
9.7996225,3.910928,8.838196,-3.022680,10.126483,107.367081,66.130463
