Keuwl Accelerometer Data File
2019-06-26 17-10-24

Time (s), X (m/s2), Y (m/s2), Z (m/s2), R (m/s2), Theta (deg), Phi (deg)
0.0000000,4.150349,7.947553,-3.774459,9.728080,112.829880,62.425663
0.0099347,2.798822,9.169792,-5.096058,10.857638,117.992264,73.026665
0.0199701,2.592921,8.811859,-5.734113,10.828303,121.974960,73.603294
0.0299257,4.013879,7.922413,-4.850653,10.119520,118.642059,63.131012
0.0399241,5.834670,7.052121,-3.305195,9.731398,109.855087,50.396877
0.0499917,7.153875,6.755240,-1.009156,9.890883,95.856018,43.358353
0.0601271,7.625533,7.321469,-0.452504,10.580993,92.451042,43.834606
0.0701112,7.406463,7.545327,-0.377087,10.579690,92.042595,45.532116
0.0800263,7.119159,7.696161,-0.492008,10.495494,92.686897,47.230331
0.0900049,6.845023,7.807492,-0.691924,10.406249,93.812477,48.758144
0.0999591,6.806715,7.902063,-0.833182,10.462704,94.567505,49.258896
0.1100043,6.738481,7.741651,-1.022324,10.314331,95.688316,48.963066
0.1202898,6.484695,7.487866,-1.363498,9.998926,97.837524,49.106544
0.1302576,6.029797,7.293935,-1.793257,9.632015,100.729744,50.419926
0.1401920,6.184223,7.483078,-1.884237,9.888954,100.984276,50.428726
0.1501562,5.637148,6.217742,-2.161964,8.666709,104.445335,47.803825
0.1603063,5.145139,6.643910,-2.400187,8.739273,105.940788,52.245285
0.1706084,4.783615,7.155072,-2.358289,8.924099,105.323029,56.234783
0.1804814,4.868609,7.517793,-1.924938,9.161111,102.129417,57.072445
0.1902529,5.465962,8.166622,-3.025074,10.282098,107.110039,56.205399
0.2002546,5.649119,8.617929,-4.114436,11.095487,111.766235,56.754848
0.2101825,5.366603,8.725668,-4.504691,11.190619,113.737167,58.406975
0.2204750,4.938041,8.519767,-4.294001,10.742864,113.559875,59.903500
0.2302707,4.605247,8.099585,-3.895366,10.098784,112.688835,60.378384
0.2404275,4.472369,7.613562,-3.457227,9.482659,111.381996,59.569115
0.2502075,4.596867,7.243657,-3.034651,9.100048,109.479912,57.600548
0.2604284,4.941632,7.094019,-2.636016,9.038442,106.956467,55.139267
0.2703499,5.384560,7.144298,-2.267309,9.229039,104.221504,52.995167
0.2802387,5.832275,7.320271,-1.957260,9.562043,101.811386,51.454639
0.2901410,6.173449,7.532158,-1.746570,9.894210,100.167381,50.661537
0.3000282,6.350620,7.686584,-1.690306,10.112917,99.621765,50.436642
0.3099673,6.364985,7.730877,-1.753753,10.166373,99.933510,50.534695
0.3202218,6.242881,7.728483,-1.866280,10.108710,100.639038,51.069565
0.3303176,6.048951,7.680599,-2.011129,9.981285,101.624107,51.777363
0.3404390,5.866991,7.639898,-2.159570,9.871847,102.636238,52.477863
0.3502737,5.742493,7.647080,-2.340332,9.845366,103.751366,53.095676
0.3605410,5.679047,7.686584,-2.506729,9.880225,104.697266,53.542057
0.3708737,5.668272,7.722497,-2.638410,9.936171,105.398796,53.721527
0.3804031,5.681441,7.733272,-2.699462,9.968418,105.711967,53.696209
0.3903862,5.694609,7.710526,-2.710236,9.961233,105.787979,53.552280
0.4002578,5.686229,7.650671,-2.652776,9.894605,105.551430,53.379063
0.4104436,5.667076,7.590816,-2.588132,9.820115,105.281059,53.256088
0.4209170,5.628768,7.556100,-2.537854,9.757991,105.074783,53.316456
0.4304357,5.596447,7.546524,-2.504335,9.723268,104.925392,53.439640
0.4401801,5.573701,7.566875,-2.512715,9.728179,104.968765,53.624928
0.4501137,5.567716,7.603985,-2.529474,9.757986,105.023834,53.788025
0.4603876,5.573701,7.638700,-2.528277,9.788160,104.969185,53.883034
0.4706450,5.592855,7.669825,-2.531868,9.824286,104.934532,53.900379
0.4804172,5.602432,7.672219,-2.516306,9.827614,104.835480,53.862217
0.4902018,5.607220,7.667431,-2.485181,9.818684,104.661469,53.821857
0.5001621,5.598841,7.651869,-2.460042,9.795403,104.545128,53.807220
0.5100563,5.588067,7.639898,-2.455254,9.778691,104.541550,53.817066
0.5200423,5.592855,7.627927,-2.439692,9.768183,104.463249,53.750843
0.5301909,5.591658,7.642292,-2.427721,9.775740,104.379387,53.808075
0.5401201,5.638345,7.656657,-2.424129,9.812835,104.302223,53.632156
0.5499718,5.638345,7.645883,-2.431312,9.806209,104.355408,53.593624
0.5600296,5.641936,7.619547,-2.445677,9.791337,104.464478,53.481697
0.5700970,5.635951,7.601591,-2.455254,9.776318,104.545158,53.446121
0.5802882,5.631162,7.619547,-2.488773,9.795993,104.717911,53.534058
0.5901818,5.640739,7.644686,-2.503138,9.824707,104.760544,53.577717
0.6000281,5.652710,7.697359,-2.525883,9.878387,104.814941,53.707550
0.6099647,5.679047,7.729680,-2.540248,9.922318,104.833649,53.695030
0.6199896,5.687426,7.748834,-2.548628,9.944181,104.850235,53.722378
0.6299715,5.689820,7.740454,-2.543839,9.937797,104.831436,53.681297
0.6400895,5.680243,7.693767,-2.566584,9.901847,105.022751,53.561859
0.6501774,5.659893,7.651869,-2.571373,9.858876,105.118607,53.510609
0.6604734,5.649119,7.613562,-2.558204,9.819535,105.101036,53.425282
0.6703054,5.668272,7.609970,-2.524686,9.819114,104.899216,53.319481
0.6807644,5.699397,7.626729,-2.489970,9.841244,104.655922,53.229515
0.6905214,5.736507,7.653066,-2.482787,9.881354,104.552071,53.145878
0.7002639,5.759252,7.663840,-2.486378,9.903812,104.539810,53.075729
0.7101501,5.742493,7.655460,-2.485181,9.887285,104.557487,53.125801
0.7201257,5.698200,7.636306,-2.505532,9.851921,104.733246,53.269756
0.7301900,5.629965,7.605182,-2.501941,9.787492,104.810699,53.488186
0.7402837,5.585672,7.575254,-2.516306,9.742484,104.968132,53.596504
0.7502345,5.544971,7.568071,-2.522291,9.715161,105.047768,53.770527
0.7601200,5.540183,7.602787,-2.523489,9.739815,105.016075,53.919022
0.7708396,5.567716,7.633912,-2.521094,9.779161,104.939720,53.895237
0.7808146,5.600038,7.675811,-2.531868,9.833049,104.920914,53.886650
0.7904965,5.638345,7.710526,-2.530671,9.881672,104.838623,53.823753
0.8002854,5.664681,7.751228,-2.506729,9.922391,104.633408,53.840260
0.8102279,5.685032,7.751228,-2.483984,9.928308,104.488876,53.742325
0.8200986,5.686229,7.722497,-2.456451,9.899713,104.367096,53.635040
0.8301225,5.667076,7.682993,-2.436100,9.852854,104.314735,53.587032
0.8407509,5.645528,7.642292,-2.431312,9.807543,104.353409,53.545910
0.8509012,5.638345,7.623138,-2.449268,9.792961,104.483727,53.512051
0.8611098,5.629965,7.602787,-2.468422,9.777116,104.623680,53.479561
0.8709011,5.626374,7.615956,-2.477999,9.787714,104.665436,53.544441
0.8804527,5.637148,7.643489,-2.491167,9.818669,104.697594,53.590862
0.8903735,5.652710,7.680599,-2.500744,9.858928,104.693764,53.647949
0.9005914,5.649119,7.682993,-2.505532,9.859951,104.720970,53.673859
0.9104989,5.628768,7.687782,-2.489970,9.848095,104.645500,53.789505
0.9204007,5.612009,7.672219,-2.475605,9.822740,104.597542,53.815598
0.9302061,5.598841,7.650671,-2.458845,9.794168,104.539772,53.802948
0.9406742,5.600038,7.638700,-2.463634,9.786708,104.580063,53.754341
0.9504108,5.609614,7.648277,-2.437297,9.793077,104.411224,53.741886
0.9606376,5.638345,7.682993,-2.444480,9.838435,104.386536,53.726044
0.9707670,5.653907,7.716512,-2.463634,9.878295,104.441933,53.769676
0.9808197,5.669470,7.742848,-2.469619,9.909268,104.431549,53.787659
0.9904706,5.680243,7.747637,-2.458845,9.916500,104.356529,53.752686
1.0001855,5.682638,7.729680,-2.444480,9.900293,104.294731,53.677746
1.0100524,5.668272,7.697359,-2.431312,9.863565,104.270157,53.632370
1.0200059,5.639542,7.659051,-2.427721,9.816278,104.318733,53.634899
1.0300617,5.627571,7.632715,-2.418144,9.786487,104.305382,53.598793
1.0400330,5.613206,7.626729,-2.409764,9.771492,104.277100,53.647259
1.0500772,5.627571,7.654263,-2.438494,9.808341,104.395531,53.675911
1.0604458,5.639542,7.662642,-2.450465,9.824729,104.443085,53.647720
1.0705086,5.629965,7.659051,-2.454057,9.817330,104.475853,53.681381
1.0804490,5.627571,7.651869,-2.440889,9.807069,104.411880,53.667355
1.0905162,5.619191,7.625533,-2.434903,9.780226,104.416092,53.613808
1.1003293,5.612009,7.635109,-2.420538,9.780007,104.329544,53.683125
1.1102968,5.612009,7.642292,-2.407370,9.782367,104.246422,53.708828
1.1201731,5.607220,7.648277,-2.408567,9.784593,104.250343,53.753551
1.1302187,5.612009,7.654263,-2.393005,9.788199,104.151016,53.751602
1.1407251,5.606023,7.672219,-2.402581,9.801166,104.189651,53.844727
1.1506342,5.614403,7.690176,-2.393005,9.817677,104.107651,53.867764
1.1605878,5.616797,7.717709,-2.403779,9.843251,104.134903,53.953609
1.1704301,5.640739,7.744045,-2.424129,9.882539,104.199219,53.930519
1.1801933,5.650316,7.759608,-2.439692,9.904023,104.260643,53.939003
1.1904384,5.655105,7.747637,-2.461239,9.902717,104.391243,53.873791
1.2002323,5.644331,7.720103,-2.452860,9.872942,104.385376,53.828674
1.2106339,5.619191,7.682993,-2.420538,9.821543,104.267654,53.818993
1.2203752,5.588067,7.647080,-2.395399,9.769456,104.193222,53.842716
1.2306738,5.579687,7.633912,-2.377442,9.749962,104.113365,53.836632
1.2403281,5.566519,7.641095,-2.401384,9.753928,104.252563,53.926754
1.2501998,5.571307,7.674613,-2.402581,9.783228,104.216209,54.022610
1.2600650,5.573701,7.709330,-2.406173,9.812725,104.194214,54.133774
1.2702953,5.598841,7.724892,-2.421735,9.843057,104.242996,54.066181
1.2803068,5.615600,7.723695,-2.440889,9.856387,104.338219,53.980549
1.2901461,5.639542,7.716512,-2.467225,9.870977,104.474396,53.839142
1.3000002,5.661090,7.717709,-2.494758,9.891148,104.608994,53.739227
1.3099848,5.683835,7.736863,-2.536657,9.929735,104.800880,53.697380
1.3199251,5.668272,7.752425,-2.559402,9.938810,104.922714,53.827179
1.3300723,5.622783,7.781156,-2.580950,9.940994,105.047928,54.147545
1.3400083,5.554548,7.776367,-2.528277,9.885195,104.818863,54.462322
1.3500264,5.540183,7.754819,-2.501941,9.853454,104.709312,54.457306
1.3599988,5.488708,7.790732,-2.351106,9.815759,103.858429,54.834633
1.3700892,5.459977,7.821857,-2.305616,9.813698,103.588005,55.083378
1.3802068,5.518635,7.763199,-2.244564,9.785737,103.260040,54.592075
1.3901095,5.584476,7.714118,-2.090138,9.750009,102.378746,54.098122
1.4000304,5.647922,7.726089,-1.831564,9.744029,100.834213,53.832466
1.4099925,5.720945,7.748834,-1.654393,9.772955,99.746124,53.561642
1.4201179,5.724536,7.856573,-1.572991,9.847353,99.191650,53.921787
1.4300891,5.644331,8.049306,-1.709460,9.978580,99.864166,54.961113
1.4400078,5.513846,8.123527,-2.048239,10.029430,101.784012,55.833286
1.4499747,5.328296,8.051701,-2.396596,9.948079,103.940277,56.504990
1.4604346,5.087678,7.906851,-2.489970,9.726393,104.832932,57.240665
1.4702839,4.900931,7.778761,-2.325967,9.483584,104.197342,57.787430
1.4802587,4.917690,7.766790,-2.104503,9.430570,102.894562,57.659279
1.4903640,5.108029,7.904457,-1.847127,9.590844,101.104134,57.128590
1.5006497,5.372589,8.045714,-1.665167,9.816874,99.765900,56.266674
1.5121976,5.597643,8.141483,-1.570596,10.004206,99.032440,55.489693
1.5300543,5.746084,8.147469,-1.593341,10.096408,99.079956,54.806210
1.5401963,5.686229,7.940370,-1.970428,9.963195,101.406624,54.392929
1.5499284,5.686229,7.940370,-2.213439,10.014090,102.769684,54.392929
1.5600693,5.331887,7.785944,-2.402581,9.737677,104.284119,55.596291
1.5698823,5.161899,7.835025,-2.481590,9.705211,104.814873,56.622166
1.5798904,5.093664,7.934384,-2.505532,9.755899,104.881592,57.300613
1.5899113,5.116409,8.001422,-2.439692,9.805737,104.406662,57.403629
1.6001323,5.203797,8.040926,-2.293645,9.848696,103.467171,57.090511
1.6099353,5.311536,8.001422,-2.166753,9.845303,102.713722,56.422836
1.6208124,5.398925,7.918822,-2.073379,9.805867,102.206909,55.714466
1.6299593,5.440824,7.819463,-1.991976,9.732139,101.810776,55.169598
1.6404164,5.444415,7.742848,-1.974019,9.669028,101.780273,54.886879
1.6502663,5.413290,7.693767,-2.019509,9.621652,102.116028,54.870003
1.6602134,5.367800,7.698555,-2.054225,9.607335,102.346214,55.113953
1.6700884,5.310339,7.738060,-2.072181,9.610994,102.451042,55.539654
1.6801474,5.258864,7.817069,-2.139219,9.661183,102.792694,56.069656
1.6902094,5.239710,7.904457,-2.171541,9.728854,102.897423,56.460381
1.7002335,5.275623,8.018182,-2.170344,9.840418,102.741577,56.656780
1.7100053,5.348647,8.115147,-2.164358,9.957313,102.554237,56.611351
1.7206883,5.404911,8.173804,-2.130840,10.028191,102.268021,56.525414
1.7308214,5.473145,8.209718,-2.079364,10.083577,101.900513,56.309933
1.7407943,5.492299,8.201338,-2.015918,10.074285,101.543114,56.190441
1.7500314,5.439626,8.167819,-1.981202,10.011392,101.413879,56.337070
1.7602683,5.357026,8.110358,-1.909376,9.905622,101.113708,56.554577
1.7700944,5.286397,8.081628,-1.827973,9.828540,100.718636,56.810284
1.7801944,5.304354,8.057686,-1.794454,9.812366,100.537369,56.643192
1.7907243,5.385756,8.073248,-1.802834,9.870862,100.523689,56.292294
1.7999964,5.456386,8.119935,-1.804031,9.947865,100.448318,56.099926
1.8100593,5.482722,8.176199,-1.775301,10.003107,100.222717,56.155342
1.8205204,5.497087,8.226477,-1.732205,10.044572,99.930405,56.248405
1.8299603,5.487510,8.264784,-1.705869,10.066251,99.756668,56.417313
1.8401163,5.459977,8.258799,-1.695095,10.044523,99.715622,56.530899
1.8505315,5.394136,8.212111,-1.678335,9.967562,99.693626,56.701035
1.8602864,5.323507,8.158242,-1.643619,9.879176,99.576950,56.874298
1.8700223,5.243302,8.112753,-1.557428,9.784404,99.158989,57.125267
1.8800724,5.196615,8.112753,-1.477222,9.746987,98.717155,57.358452
1.8900625,5.181053,8.145074,-1.426944,9.758162,98.408562,57.539703
1.9000843,5.179855,8.252813,-1.388637,9.842161,98.110962,57.885677
1.9101883,5.155913,8.383297,-1.387440,9.939220,98.024261,58.407562
1.9202954,5.092467,8.474277,-1.373075,9.981579,97.906731,58.996983
1.9300363,4.965574,8.503007,-1.344344,9.938074,97.774353,59.715984
1.9402754,4.850653,8.458714,-1.325191,9.840468,97.739388,60.167870
1.9500034,4.760870,8.385692,-1.280898,9.727611,97.566483,60.414806
1.9601244,4.727351,8.334216,-1.218649,9.658784,97.248329,60.437138
1.9701453,4.765658,8.299500,-1.159991,9.640476,96.910858,60.135117
1.9799774,4.835090,8.297106,-1.098939,9.665802,96.528275,59.768753
1.9902414,4.912902,8.331821,-1.065420,9.730928,96.285805,59.474052
2.0010233,4.982334,8.386889,-1.088165,9.815683,96.364883,59.287052
2.0100465,5.011064,8.422802,-1.146823,9.867601,96.674057,59.249882
2.0200384,5.014656,8.449138,-1.215057,9.900054,97.049820,59.310406
2.0300002,4.976348,8.438364,-1.282095,9.879970,97.456131,59.470913
2.0405154,4.882974,8.406042,-1.323994,9.811113,97.755630,59.848183
2.0512593,4.698621,8.311471,-1.280898,9.633187,97.641090,60.519760
2.0604522,4.660314,8.274361,-1.222240,9.574834,97.333893,60.610771
2.0706623,4.666299,8.282741,-1.179144,9.579589,97.070427,60.604122
2.0810723,4.723760,8.349778,-1.189918,9.666883,97.070602,60.501648
2.0899563,4.802769,8.435969,-1.244985,9.786836,97.308411,60.346260
2.1010773,4.886566,8.503007,-1.304840,9.893546,97.578705,60.114586
2.1099775,4.930859,8.495825,-1.334767,9.913324,97.738022,59.869717
2.1200204,4.906917,8.440758,-1.328782,9.853420,97.750229,59.829021
2.1300414,4.841076,8.356961,-1.294066,9.744199,97.631638,59.916862
2.1399534,4.763264,8.286332,-1.250970,9.639342,97.456741,60.108253
2.1502934,4.721366,8.257602,-1.229423,9.591182,97.364586,60.240807
2.1608324,4.717774,8.289924,-1.228225,9.617107,97.337433,60.355907
2.1701515,4.753687,8.350976,-1.246182,9.689650,97.389252,60.349854
2.1801605,4.791995,8.437167,-1.256956,9.784117,97.381134,60.405048
2.1903045,4.819528,8.498219,-1.266533,9.851480,97.386543,60.441467
2.2002492,4.839879,8.528147,-1.262941,9.886796,97.339027,60.424301
2.2100003,4.843470,8.549694,-1.237802,9.903971,97.179626,60.468098
2.2200015,4.824317,8.530540,-1.198298,9.873199,96.971107,60.510334
2.2300484,4.813542,8.520964,-1.161188,9.855220,96.766571,60.537640
2.2402744,4.799177,8.499416,-1.140837,9.827191,96.666489,60.548847
2.2503035,4.806360,8.495825,-1.118092,9.824982,96.534470,60.501770
2.2602763,4.807557,8.501810,-1.119289,9.830879,96.537552,60.512947
2.2700143,4.819528,8.505402,-1.104924,9.838220,96.448456,60.462234
2.2800283,4.832696,8.501810,-1.109712,9.842113,96.473946,60.384739
2.2899835,4.853047,8.487445,-1.124078,9.841358,96.558624,60.239456
2.3006604,4.878186,8.483853,-1.120486,9.850277,96.531631,60.101250
2.3102624,4.903325,8.471883,-1.128866,9.853412,96.578590,59.938759
2.3200264,4.922479,8.443152,-1.174356,9.843614,96.851784,59.757202
2.3312624,4.920084,8.440758,-1.204283,9.843979,97.027000,59.762260
2.3401463,4.929661,8.463503,-1.222240,9.870477,97.113068,59.780865
2.3507023,4.939238,8.505402,-1.253365,9.915082,97.262184,59.855503
2.3601322,4.965574,8.547300,-1.265336,9.965658,97.294510,59.845455
2.3700953,4.988319,8.536526,-1.290475,9.971004,97.436234,59.700119
2.3800464,4.982334,8.495825,-1.288081,9.932866,97.451019,59.610722
2.3905473,4.987122,8.444349,-1.255759,9.887131,97.296814,59.434456
2.4001043,4.990714,8.413225,-1.227028,9.858762,97.149612,59.323639
2.4100485,5.002685,8.374918,-1.201889,9.829071,97.023651,59.148384
2.4201574,5.015852,8.371326,-1.188721,9.831121,96.944862,59.071198
2.4299724,5.013458,8.362947,-1.182736,9.822042,96.916138,59.057961
2.4400804,4.997896,8.366538,-1.187524,9.817746,96.947334,59.147285
2.4501765,4.969166,8.361750,-1.181539,9.798342,96.925896,59.278107
2.4603214,4.929661,8.352173,-1.207875,9.773398,97.099220,59.449833
2.4701083,4.903325,8.365341,-1.218649,9.772750,97.163353,59.623402
2.4800353,4.894945,8.365341,-1.246182,9.772021,97.326622,59.666138
2.4900353,4.916493,8.391677,-1.292869,9.811404,97.572006,59.634930
2.5006144,4.930859,8.418014,-1.323994,9.845266,97.728561,59.640324
2.5106792,4.908113,8.422802,-1.329979,9.838801,97.768852,59.769897
2.5203903,4.890157,8.414422,-1.329979,9.822677,97.781685,59.836399
2.5299373,4.880580,8.385692,-1.295263,9.788646,97.603851,59.800049
2.5412245,4.918888,8.330625,-1.273715,9.757926,97.500298,59.439915
2.5500534,4.940435,8.344990,-1.270124,9.780591,97.461601,59.373444
2.5600824,4.958392,8.391677,-1.292869,9.832466,97.555687,59.422424
2.5700023,4.978743,8.428787,-1.329979,9.879331,97.736786,59.430370
2.5799055,4.979939,8.440758,-1.371878,9.895870,97.968651,59.459938
2.5900054,4.942830,8.423999,-1.373075,9.863095,98.002327,59.597477
2.6008215,4.900931,8.382100,-1.345541,9.802510,97.889610,59.685596
2.6099033,4.885368,8.347384,-1.308431,9.760002,97.704300,59.661381
2.6200452,4.886566,8.335413,-1.274912,9.745924,97.516685,59.619396
2.6299112,4.933253,8.354567,-1.244985,9.781910,97.312111,59.438755
2.6403651,4.979939,8.380903,-1.234211,9.826628,97.215324,59.281185
2.6500003,5.035006,8.408437,-1.242591,9.879126,97.225769,59.086655
2.6601954,5.055357,8.431181,-1.270124,9.912349,97.361862,59.052994
2.6699543,5.079299,8.434772,-1.280898,9.929016,97.412132,58.944252
2.6799853,5.078102,8.426393,-1.265336,9.919289,97.328796,58.925049
2.6900065,5.070919,8.414422,-1.273715,9.906516,97.387169,58.924892
2.7014112,5.044583,8.404845,-1.264138,9.883688,97.348343,59.027843
2.7100282,5.023035,8.379706,-1.248576,9.849330,97.282845,59.060326
2.7202654,5.020641,8.378509,-1.235408,9.845429,97.208496,59.068756
2.7301702,5.026627,8.376115,-1.233014,9.846147,97.193924,59.031429
2.7404475,5.036203,8.394072,-1.229423,9.865863,97.158455,59.037445
2.7511063,5.023035,8.391677,-1.236605,9.858007,97.206261,59.096378
2.7604711,5.003881,8.380903,-1.211466,9.835956,97.074921,59.160370
2.7699752,4.990714,8.362947,-1.201889,9.812779,97.035370,59.172726
2.7800453,5.001487,8.362947,-1.209072,9.819145,97.073013,59.118328
2.7900794,5.023035,8.352173,-1.230620,9.823649,97.196411,58.977108
2.8005025,5.032612,8.374918,-1.270124,9.852901,97.406532,58.997719
2.8100233,5.025429,8.392874,-1.303643,9.868878,97.590752,59.087948
2.8201423,5.011064,8.402451,-1.327585,9.872913,97.727821,59.188942
2.8302054,5.006276,8.395268,-1.351527,9.867621,97.872307,59.191486
2.8403354,5.013458,8.383297,-1.367089,9.863234,97.967110,59.119335
2.8499713,5.006276,8.356961,-1.361104,9.836371,97.953804,59.076092
2.8605063,4.988319,8.342596,-1.334767,9.811414,97.818893,59.123375
2.8699534,4.975151,8.341399,-1.303643,9.799519,97.644798,59.186424
2.8800094,4.990714,8.355764,-1.285686,9.817282,97.525162,59.151058
2.8899763,5.007473,8.385692,-1.259350,9.847871,97.347130,59.156677
2.9001365,5.012261,8.406042,-1.241394,9.865362,97.228897,59.193691
2.9101703,5.008670,8.395268,-1.225831,9.852409,97.147232,59.179432
2.9201772,4.993108,8.360553,-1.222240,9.814471,97.153870,59.153416
2.9300363,4.950012,8.323442,-1.216254,9.760204,97.158447,59.259739
2.9401844,4.905719,8.303091,-1.242591,9.723756,97.341858,59.424110
2.9502764,4.887763,8.301894,-1.277307,9.718188,97.552505,59.512436
2.9604905,4.874595,8.354567,-1.318008,9.762049,97.759399,59.737946
2.9700913,4.904522,8.421604,-1.331176,9.836147,97.778000,59.784595
2.9801831,4.921282,8.473080,-1.349133,9.891019,97.839569,59.851387
2.9899871,4.941632,8.483853,-1.358709,9.911690,97.878998,59.780270
3.0002885,4.941632,8.467094,-1.357512,9.897184,97.883629,59.730972
3.0101964,4.908113,8.407239,-1.325191,9.824835,97.751778,59.723782
3.0213413,4.873397,8.295909,-1.210269,9.697260,97.169510,59.568069
3.0300071,4.873397,8.295909,-1.174356,9.692843,96.958885,59.568069
3.0406322,4.947618,8.319851,-1.159991,9.749073,96.833511,59.261055
3.0501063,4.982334,8.362947,-1.159991,9.803473,96.795410,59.215080
3.0600033,5.005079,8.413225,-1.176750,9.859915,96.854408,59.251331
3.0703983,5.024232,8.433576,-1.201889,9.890028,96.980141,59.215981
3.0800602,5.014656,8.451532,-1.227028,9.903573,97.117096,59.317532
3.0899494,4.982334,8.455123,-1.252167,9.893466,97.271149,59.490517
3.1000242,4.952406,8.433576,-1.289278,9.864774,97.509758,59.577480
3.1101723,4.923676,8.390480,-1.310825,9.816364,97.673897,59.594864
3.1200614,4.918888,8.365341,-1.308431,9.792159,97.678848,59.544132
3.1300254,4.948815,8.362947,-1.294066,9.803277,97.585381,59.384865
3.1399443,5.009867,8.350976,-1.300052,9.824851,97.603836,59.039867
3.1498682,5.074511,8.348581,-1.294066,9.855154,97.545212,58.707550
3.1599355,5.114015,8.323442,-1.291672,9.853997,97.532066,58.432976
3.1699073,5.087678,8.303091,-1.297657,9.823936,97.590462,58.502319
3.1799271,5.050569,8.275558,-1.301249,9.781940,97.644463,58.604305
3.1900034,5.018247,8.279149,-1.294066,9.767381,97.613419,58.778660
3.2000833,5.018247,8.306683,-1.302446,9.791841,97.643761,58.862919
3.2103293,5.026627,8.328231,-1.314417,9.816012,97.695328,58.886299
3.2201211,5.036203,8.346188,-1.332373,9.838567,97.783112,58.892647
3.2299132,5.040992,8.348581,-1.314417,9.840635,97.675957,58.875824
3.2399783,5.045780,8.356961,-1.283292,9.846092,97.488960,58.877190
3.2510703,5.038598,8.346188,-1.286883,9.833736,97.519531,58.880600
3.2604392,5.008670,8.343793,-1.271321,9.814373,97.442818,59.024158
3.2703874,4.947618,8.376115,-1.297657,9.814384,97.597893,59.430428
3.2801175,4.881777,8.418014,-1.346738,9.823870,97.879402,59.889683
3.2902153,4.829105,8.422802,-1.401805,9.809633,98.215744,60.172752
3.3004253,4.783615,8.401254,-1.429338,9.772771,98.410088,60.343117
3.3101015,4.783615,8.377312,-1.424550,9.751495,98.400131,60.272755
3.3206313,4.821922,8.366538,-1.399411,9.757471,98.245758,60.043682
3.3301213,4.892551,8.371326,-1.339556,9.788288,97.865776,59.696213
3.3401783,4.978743,8.383297,-1.274912,9.833258,97.449547,59.294415
3.3500524,5.045780,8.397662,-1.242591,9.875458,97.228470,59.000221
3.3601475,5.094861,8.402451,-1.210269,9.900683,97.021454,58.769299
3.3702474,5.122395,8.402451,-1.183933,9.911700,96.860245,58.632221
3.3803973,5.117606,8.400057,-1.163582,9.904785,96.746498,58.648777
3.3912313,5.088876,8.419210,-1.151611,9.904845,96.676735,58.849712
3.4009604,5.050569,8.445546,-1.125275,9.904633,96.523514,59.119915
3.4100974,5.014656,8.450335,-1.158794,9.894328,96.725746,59.313969
3.4203393,5.035006,8.438364,-1.268927,9.907948,97.358170,59.176304
3.4300303,5.061342,8.425196,-1.394622,9.927038,98.076042,59.005127
3.4400635,5.033809,8.390480,-1.424550,9.887807,98.283508,59.038647
3.4500532,4.932055,8.340201,-1.448492,9.797053,98.502335,59.401661
3.4605253,4.814740,8.299500,-1.387440,9.694762,98.227982,59.880951
3.4704974,4.764462,8.300697,-1.291672,9.657644,97.686119,60.144897
3.4801621,4.801571,8.322245,-1.260547,9.690399,97.474335,60.016933
3.4899955,4.933253,8.340201,-1.249773,9.770255,97.349190,59.395565
3.5000613,5.112818,8.415619,-1.126472,9.911230,96.526115,58.719681
3.5102084,5.301960,8.553286,-0.925359,10.105729,95.253807,58.206303
3.5202553,5.529409,8.650250,-0.650026,10.287066,93.622856,57.412491
3.5301514,6.059724,8.724471,-0.657208,10.642771,93.540359,55.217457
3.5402863,6.299145,8.684967,-0.599748,10.745584,93.199532,54.046890
3.5501683,6.451177,8.511387,-0.622492,10.698078,93.335770,52.839817
3.5604291,6.370971,8.293514,-0.657208,10.478720,93.595856,52.468994
3.5702055,5.980716,8.098388,-0.597353,10.085122,93.395683,53.553875
3.5798504,5.477933,7.940370,-0.507571,9.659962,93.011925,55.398830
3.5898921,5.128380,7.887698,-0.548272,9.424259,93.335159,56.969105
3.6006422,4.987122,8.038532,-0.575805,9.477391,93.483192,58.184448
3.6099315,4.874595,8.288726,-0.345962,9.622076,92.060516,59.540241
3.6198962,4.635174,8.540117,-0.187945,9.718733,91.108078,61.508972
3.6303444,4.186262,8.713697,-0.305261,9.671944,91.808640,64.339294
3.6399355,3.671508,8.838196,-0.835576,9.606866,94.989723,67.441330
3.6500204,3.242946,8.889671,-1.642422,9.604192,99.846603,69.958061
3.6599722,3.034651,8.821436,-2.546233,9.670065,105.266609,71.016335
3.6706271,3.192668,8.657434,-3.462016,9.855447,110.565590,69.757156
3.6803603,3.678691,8.427590,-3.829526,9.961040,112.609627,66.418457
3.6905143,4.396951,8.297106,-3.311181,9.956860,109.423790,62.079185
3.7014093,5.415684,8.248025,-2.894590,10.282908,106.349464,56.710949
3.7100544,6.426037,8.285135,-2.227805,10.719167,101.995438,52.202473
3.7208083,7.328651,8.271967,-1.795651,11.196381,99.228828,48.460266
3.7303953,7.918822,8.208521,-1.458069,11.498414,97.285065,46.029106
3.7409322,8.105570,8.103176,-1.522712,11.562023,97.567810,44.991539
3.7511711,7.892486,7.991845,-1.489193,11.330429,97.552414,45.358391
3.7609951,7.346608,7.844602,-1.235408,10.818348,96.557236,46.877583
3.7701693,6.707356,7.636306,-1.083376,10.221326,96.084312,48.705517
3.7802093,6.113594,7.372944,-1.173159,9.649489,96.983139,50.334717
3.7902274,5.565322,7.089231,-1.278504,9.102999,98.073807,51.866711
3.8001273,5.208586,6.852205,-1.040281,8.669733,96.891518,52.760345
3.8100832,5.135562,6.769605,-0.429759,8.508011,92.895370,52.815296
3.8200624,5.236119,6.684611,0.310049,8.496888,87.908829,51.928066
3.8300953,5.632360,6.798336,0.842759,8.868545,84.547073,50.358559
3.8401313,6.008249,6.986280,1.162385,9.287535,82.810272,49.304241
3.8500721,6.242881,7.299921,1.332373,9.697300,82.102791,49.462990
3.8607733,6.422446,7.705738,1.295263,10.114540,82.642525,50.190052
3.8702295,6.646304,8.118738,0.647632,10.512217,86.467911,50.694954
3.8801234,7.056910,8.396465,-0.460884,10.977842,92.406158,49.954227
3.8911014,7.654263,8.634688,-2.057816,11.720929,100.111694,48.444454
3.9001584,8.274361,8.652645,-2.894590,12.317141,103.591919,46.280235
3.9109755,8.767567,7.916428,-2.802413,12.140575,103.345963,42.079571
3.9215813,9.181764,6.653487,-3.374627,11.830544,106.573616,35.928646
3.9300392,9.057265,5.024232,-4.286818,11.209539,112.484032,29.017942
3.9407952,8.408437,3.520674,-5.376180,10.583017,120.530746,22.719414
3.9503243,7.728483,2.428918,-6.295553,10.259780,127.851341,17.446957
3.9606211,7.287950,1.690306,-6.959944,10.218227,132.932037,13.057836
3.9701023,6.841431,1.267730,-6.484695,9.511235,132.983932,10.497939
3.9802151,5.983110,1.267730,-5.297171,8.091030,130.896667,11.963167
3.9907513,4.559757,1.753753,-3.511097,6.016214,125.704544,21.037510
4.0011430,2.956839,2.935291,-1.653196,4.482398,111.642838,44.790466
4.0100522,1.504756,5.218163,-0.726640,5.479189,97.620918,73.914085
4.0207872,-0.535104,11.194090,-2.685097,11.524050,103.473724,92.736794
4.0302992,-0.128090,14.556746,-4.124012,15.130193,105.817162,90.504150
4.0410194,1.796848,17.775751,-2.698265,18.068941,98.588196,84.227905
4.0504980,3.855862,19.819202,1.940500,20.283836,84.510269,78.990532
4.0601282,5.130774,20.387825,7.217321,22.227865,71.052780,75.874344
4.0701251,4.539406,18.939333,9.604341,21.715153,63.750076,76.521530
4.0810995,2.232593,15.450981,8.204929,17.636274,62.274872,81.777939
4.0907736,-0.800860,11.793838,5.118803,12.881698,66.586121,93.884705
4.1014924,-3.452439,9.204509,2.495955,10.142589,75.753944,110.560127
4.1101680,-4.408922,7.669825,0.389058,8.855291,87.481895,119.892014
4.1201663,-3.527856,6.985084,-1.059434,7.896807,97.710037,116.796318
4.1302724,-1.671153,6.836643,-1.898602,7.289522,105.097137,103.736061
4.1414165,0.600945,7.265205,-1.914164,7.537132,104.712234,85.271515
4.1517324,2.788048,8.291121,-1.404199,8.859326,99.119812,71.413795
4.1601682,4.680665,9.659407,-0.961272,10.776679,95.117546,64.146538
4.1712132,6.102820,10.941502,-0.757765,12.551298,93.461250,60.848618
4.1807203,6.976704,11.798626,-0.605733,13.720382,92.530342,59.403542
4.1900363,7.171831,11.969811,-0.545878,13.964581,92.240273,59.071648
4.2002392,6.722919,11.459846,-0.688333,13.304116,92.965714,59.601986
4.2103534,5.823895,10.623073,-0.642843,12.131804,93.037422,61.267090
4.2206802,4.774038,9.747993,-0.444124,10.863335,92.343071,63.906891
4.2303224,3.900155,9.059659,-0.158017,9.864765,90.917824,66.708275
4.2401814,3.309984,8.670602,0.079009,9.281248,89.512253,69.105751
4.2501621,3.076549,8.586804,0.348356,9.127963,87.812851,70.288002
4.2602053,3.043030,8.749610,0.513556,9.277901,86.826904,70.822815
4.2709603,3.122039,9.003395,0.640449,9.550834,86.155037,70.875374
4.2804585,3.195062,9.315839,0.773327,9.878831,85.510223,71.069519
4.2912869,3.306392,9.622296,0.678756,10.197133,86.183372,71.036362
4.3002086,3.347094,9.870096,0.359130,10.428366,88.026466,71.267448
4.3101382,3.240552,10.129868,-0.119710,10.636246,90.644875,72.260490
4.3201423,2.890999,10.398018,-0.681150,10.813909,93.611359,74.462280
4.3300023,2.250550,10.627861,-1.108515,10.919946,95.826294,78.043709
4.3402252,1.373075,10.951078,-1.379060,11.122646,97.122246,82.853401
4.3500910,0.486023,11.394006,-1.594538,11.515301,97.959396,87.557472
4.3608174,-0.086191,11.832145,-1.981202,11.997176,99.505310,90.417366
4.3708472,-0.259771,12.133814,-2.387019,12.369105,101.126884,91.226448
4.3804154,0.026336,12.217611,-2.879028,12.552271,103.259575,89.876495
4.3901110,0.597353,11.892000,-2.923320,12.260599,103.794022,87.124359
4.4001441,1.333570,11.459846,-2.359486,11.775978,101.558266,83.362404
4.4099712,2.185906,10.971429,-1.414973,11.276196,97.208664,78.732155
4.4203053,2.970007,10.632649,-0.356736,11.045426,91.850815,74.393410
4.4304953,3.709816,10.369287,0.397437,11.020110,87.933197,70.314339
4.4402471,4.231751,9.886856,0.942118,10.795611,84.993507,66.828209
4.4500842,4.526238,9.457097,1.410185,10.578854,82.339539,64.423866
4.4600081,4.711789,8.874108,1.642422,10.180781,80.716141,62.033524
4.4700050,4.726154,8.325836,2.607286,9.922400,74.765648,60.418625
4.4806523,5.123591,8.319851,2.946065,10.205411,73.221245,58.374104
4.4901586,5.403713,8.033744,3.716998,10.370980,68.997803,56.074158
4.5000181,4.430470,9.416395,5.055357,11.569538,64.090302,64.802734
4.5101004,3.458424,10.086772,-3.965995,11.376853,110.401840,71.074837
4.5200362,4.715380,7.820660,-5.837064,10.838304,122.585579,58.912590
4.5299940,8.857349,6.585252,-5.712565,12.427855,117.365051,36.630020
4.5400133,12.810176,5.428853,-4.200627,14.533352,106.800110,22.966850
4.5501485,13.442245,3.819949,-0.796072,13.997132,93.260399,15.863820
4.5607972,12.581530,2.240973,1.407791,12.856855,83.713661,10.099386
4.5704932,11.081563,0.527921,2.060210,11.283803,79.479858,2.727487
4.5800734,8.632295,-1.225831,1.467646,8.841558,80.445015,351.917725
4.5900216,6.115988,-2.346318,-0.736217,6.591854,96.412506,339.011353
4.5998564,4.654328,-2.334347,-3.020285,6.019474,120.116005,333.364258
4.6098690,4.249708,-1.563414,-3.973178,6.024153,131.264893,339.802063
4.6200705,4.565742,-0.199916,-4.198233,6.205734,132.571411,357.492859
4.6298947,4.857835,1.495179,-4.054581,6.501827,128.579971,17.107689
4.6401753,5.070919,3.398569,-3.909731,7.249172,122.638374,33.830303
4.6501932,4.897339,5.756858,-3.702633,8.416343,116.099655,49.612301
4.6598792,4.821922,8.668207,-4.048595,10.713536,112.203377,60.913830
4.6700230,4.078523,12.130223,-3.236961,13.200553,104.194481,71.415909
4.6805649,1.680730,15.276204,-1.392228,15.431317,95.176315,83.721413
4.6899204,-0.184354,18.420988,-1.799243,18.509567,95.578308,90.573387
4.6999474,-0.222661,21.747730,-3.537433,22.034672,99.238205,90.586594
4.7099357,-0.428562,24.946384,-1.746570,25.011124,94.004326,90.984207
4.7201200,-1.476025,26.742037,3.264494,26.980959,83.050613,93.159233
4.7305565,-2.413355,25.228901,6.951565,26.280144,74.661697,95.464195
4.7398834,-3.532645,20.374657,6.922834,21.806692,71.490387,99.836395
4.7498674,-4.972757,15.312117,5.953183,17.164780,69.706734,107.991699
4.7599039,-6.272809,11.687296,5.121197,14.218568,68.888954,118.223358
4.7709112,-6.701371,9.525331,4.030639,12.324219,70.910164,125.127594
4.7799559,-6.379351,8.361750,2.510320,10.812801,76.575615,127.340752
4.7900944,-5.388151,7.765593,0.720655,9.479238,85.639908,124.754814
4.8001671,-3.804387,7.570466,-1.067814,8.539645,97.183182,116.680901
4.8099833,-1.999158,7.789535,-2.199074,8.337231,105.293617,104.394104
4.8201785,-0.216675,8.511387,-2.542642,8.885701,106.627594,91.458267
4.8306050,1.380257,9.501390,-2.385822,9.893112,103.955009,81.734520
4.8404231,2.728193,10.457873,-2.055422,11.001587,100.767822,75.378860
4.8500552,3.732560,11.079168,-1.362301,11.770125,96.646439,71.381378
4.8600144,4.260482,11.239580,-0.749385,12.043316,93.567490,69.240257
4.8706365,4.473566,11.152191,-0.039504,12.016061,90.188370,68.142410
4.8800750,4.340688,10.840945,0.404620,11.684664,88.015549,68.178955
4.8899884,3.948039,10.415975,0.954089,11.179885,85.104431,69.241440
4.9000182,3.594894,10.110714,1.234211,10.801532,83.438904,70.427010
4.9107456,3.397372,9.964667,1.666364,10.658963,81.005798,71.173607
4.9201999,3.260903,9.981427,1.890222,10.669363,79.795410,71.907936
4.9300380,3.187880,10.119094,1.965640,10.789920,79.503601,72.513695
4.9398479,3.071761,10.277111,1.586159,10.842999,81.588356,73.358940
4.9501505,2.919729,10.426748,1.082179,10.881774,84.292572,74.356537
4.9600363,2.625242,10.668563,0.620098,11.004302,86.769638,76.175735
4.9701643,2.408567,11.128249,0.110133,11.386451,89.445808,77.787437
4.9802861,2.223016,11.516110,-0.501585,11.739429,92.448799,79.074272
4.9902024,1.853112,11.732785,-0.854730,11.908939,94.115776,81.024673
4.9999785,1.327585,11.663354,-1.053449,11.785842,95.128090,83.506241
5.0101233,0.654814,11.269507,-1.104924,11.342462,95.590324,86.674568
5.0213432,0.293290,10.199299,-1.593341,10.327170,98.875404,88.352867
5.0300655,0.488417,9.750386,-1.748964,9.918036,100.156754,87.132332
5.0401044,0.937330,9.475053,-1.808819,9.691596,100.756645,84.350334
5.0499711,1.340753,9.060856,-1.708263,9.317451,100.564377,81.582909
5.0601125,1.493982,8.693346,-0.884658,8.865036,95.727180,80.248772
5.0701075,1.511938,8.701726,0.010774,8.832107,89.930107,80.143173
5.0806856,1.568202,8.186973,0.369904,8.344016,87.459152,79.156425
5.0905032,1.571793,7.829040,0.415394,7.996058,87.022156,78.647957
5.1001205,1.646014,7.459136,0.228646,7.642012,88.285477,77.555923
5.1102200,1.727417,7.249643,1.040281,7.524857,82.053642,76.597694
5.1201863,1.513135,7.564480,1.945289,7.955821,75.847038,78.688324
5.1303935,1.752556,8.184579,1.989582,8.603326,76.628899,77.913826
5.1402349,2.851494,8.911219,1.086968,9.419253,83.373390,72.255890
5.1499629,4.332308,9.318233,-0.539892,10.290279,93.007477,65.064964
5.1599593,5.531803,9.232041,-1.786075,10.909698,99.422562,59.070126
5.1702232,6.307524,8.908825,-2.482787,11.194474,102.814003,54.701180
5.1803894,6.653487,8.269572,-2.803610,10.977930,104.796463,51.180733
5.1900792,6.774394,7.478289,-2.916138,10.503384,106.119278,47.827362
5.2000070,6.883330,6.792350,-2.967613,10.115482,107.060020,44.618835
5.2100644,6.508637,5.761646,-1.420959,8.807840,99.284035,41.516243
5.2215571,5.694609,4.434062,0.770933,7.258361,83.902939,37.905823
5.2301025,4.944026,2.855086,1.978808,6.042399,70.883675,30.005655
5.2421794,4.866215,1.742979,1.318008,5.334338,75.695213,19.706488
5.2513285,5.651513,1.553837,0.523133,5.884528,84.899689,15.373148
5.2604470,6.347029,2.191892,0.994791,6.788135,81.573044,19.051912
5.2700691,6.315904,3.414132,2.220622,7.515192,72.813416,28.393927
5.2810583,5.853823,4.780024,1.981202,7.812876,75.310440,39.233852
5.2902341,5.027823,6.156690,0.198719,7.951310,88.567917,50.763412
5.3001657,3.955221,7.967903,-1.154005,8.970116,97.391586,63.600464
5.3100762,2.199074,10.234015,-1.319205,10.550417,97.182961,77.872749
5.3211703,0.337582,12.824541,-1.643619,12.933844,97.300827,88.492142
5.3301883,-1.295263,15.045163,-1.883040,15.217769,97.107971,94.920555
5.3409810,-3.313575,16.044743,-2.145205,16.523178,97.459770,101.668732
5.3499870,-4.077325,16.115372,-4.577713,17.241962,105.396568,104.198364
5.3600950,-3.153164,15.796943,-5.524621,17.029600,108.930008,101.288223
5.3705792,-1.819593,15.890317,-3.397372,16.351000,101.992149,96.532463
5.3810201,-1.182736,16.624140,1.201889,16.709442,85.875221,94.069489
5.3900323,-0.995988,17.548302,5.425261,18.394791,72.846382,93.248451
5.4002414,-0.940921,17.758991,6.731298,19.015190,69.268089,93.032852
5.4100251,-1.006762,16.618155,5.280412,17.465950,72.402634,93.466858
5.4201922,-1.389834,14.337677,3.268085,14.770951,77.217491,95.536713
5.4299798,-1.953669,11.913548,2.041057,12.243992,80.404076,99.312881
5.4402585,-2.376245,9.944317,1.291672,10.305552,82.799751,103.439110
5.4501586,-2.528277,8.607155,0.464475,8.982819,87.036079,106.369690
5.4604893,-2.373851,7.915231,-0.489614,8.278029,93.390808,106.694473
5.4712586,-1.155202,8.024167,-1.788469,8.301830,102.440796,98.192322
5.4803343,-1.155202,8.024167,-1.788469,8.301830,102.440796,98.192322
5.4901814,-0.213084,8.656237,-1.971625,8.880492,102.827560,91.410118
5.5001512,0.896629,9.428367,-2.094927,9.699833,102.472763,84.567566
5.5102115,3.116054,10.298658,-2.023100,10.948292,100.648705,73.165817
5.5208883,3.787627,10.338163,-1.594538,11.125030,98.240524,69.878517
5.5300360,4.192247,10.162189,-1.284489,11.067743,96.664597,67.582191
5.5402160,4.310760,9.859323,-0.754174,10.786922,94.009140,66.383759
5.5499992,4.297592,9.573215,-0.246603,10.496503,91.346222,65.823814
5.5601444,4.188656,9.355343,0.122104,10.250960,89.317505,65.880569
5.5708952,4.100070,9.179369,0.328006,10.058777,88.131317,65.931526
5.5799527,4.133589,8.960299,0.293290,9.872160,88.297562,65.235054
5.5899377,4.113238,8.704121,0.368707,9.634127,87.806702,64.706352
5.6000800,4.055778,8.416816,0.482432,9.355473,87.044128,64.272163
5.6098404,4.005499,8.222886,0.646434,9.169393,85.957344,64.028549
5.6200533,4.058172,8.237251,0.745794,9.212886,85.356758,63.772335
5.6308169,4.193444,8.361750,0.689530,9.379727,85.784225,63.366089
5.6403456,4.465186,8.489840,0.450110,9.603013,87.313461,62.258114
5.6500411,4.748899,8.524555,0.136469,9.759032,89.198753,60.878490
5.6600251,4.997896,8.494628,-0.055067,9.855998,90.320122,59.529163
5.6700063,5.124789,8.409634,-0.256180,9.851448,91.490105,58.642078
5.6803384,5.080496,8.289924,-0.489614,9.735193,92.882805,58.497868
5.6902456,4.942830,8.183381,-0.743400,9.589157,94.446320,58.867676
5.7008123,4.896142,8.032547,-1.072602,9.468078,96.504784,58.636105
5.7106743,4.950012,7.920019,-1.183933,9.414405,97.224510,57.994614
5.7215304,5.058948,7.860164,-1.140837,9.416827,96.958405,57.233913
5.7303662,5.112818,7.759608,-0.939724,9.339994,95.774467,56.619049
5.7401853,5.109226,7.673417,-0.660800,9.242412,94.099945,56.342949
5.7503185,5.197812,7.601591,-0.554258,9.225434,93.444366,55.636478
5.7601380,5.309142,7.454347,-0.497994,9.165276,93.114693,54.540733
5.7708392,5.368997,7.266402,-0.383072,9.042869,92.427879,53.540058
5.7809114,5.392939,7.225701,-0.323217,9.022141,92.053055,53.263988
5.7901521,5.353435,7.226898,-0.328006,8.999717,92.088676,53.470234
5.8000474,5.264850,7.343017,-0.353145,9.042303,92.238243,54.359959
5.8112845,5.169082,7.693767,-0.386664,9.277012,92.388763,56.104694
5.8204522,5.092467,8.165425,-0.304064,9.628076,91.809753,58.049770
5.8304191,4.862624,8.546103,-0.411803,9.841268,92.398209,60.360676
5.8415775,4.643554,8.664616,-0.882263,9.869982,95.128433,61.812183
5.8502235,4.528633,8.474277,-1.286883,9.694222,97.628387,61.880062
5.8600974,4.525041,8.066066,-1.829170,9.427793,101.187416,60.707691
5.8716302,4.505888,7.632715,-2.151190,9.120799,103.642052,59.445000
5.8804393,4.577713,7.478289,-2.108095,9.018001,103.518845,58.527790
5.8900094,4.838682,7.724892,-1.811214,9.293400,101.238441,57.937984
5.9000840,5.124789,8.263587,-1.441309,9.829939,98.431358,58.194252
5.9105973,5.165490,8.628703,-1.120486,10.118908,96.357513,59.093559
5.9203162,5.093664,8.998607,-0.887052,10.378207,94.903198,60.487957
5.9304805,5.307945,9.484630,-1.231817,10.938457,96.465988,60.767029
5.9401250,5.756858,9.740809,-0.413000,11.322338,92.090416,59.416740
5.9504519,6.494272,9.968259,0.843956,11.927030,85.942360,56.915951
5.9608355,7.527370,9.916783,0.986411,12.489071,85.469948,52.799553
5.9702206,8.813056,9.619903,-0.069432,13.046735,90.304916,47.506348
5.9802465,10.216059,9.234436,-1.426944,13.844812,95.915817,42.110863
5.9918242,12.181698,8.243237,-1.167173,14.754898,94.537071,34.085831
6.0001020,12.181698,8.243237,-1.167173,14.754898,94.537071,34.085831
6.0109129,10.960655,6.916849,1.666364,13.067346,82.673622,32.254452
6.0204153,9.150639,6.611588,1.666364,11.411575,81.603416,35.849148
6.0301495,6.025009,6.433220,1.225831,8.898860,82.082245,46.876705
6.0400982,2.237381,6.483498,1.213860,6.965277,79.963638,70.961029
6.0502234,-0.794875,7.354988,0.368707,7.406998,87.146736,96.168182
6.0608373,-3.404555,8.811859,-0.561440,9.463354,93.401230,111.124565
6.0705276,-5.815516,10.833763,-0.735020,12.317909,93.420921,118.226707
6.0800991,-7.940370,13.152547,1.217452,15.411721,85.469193,121.119949
6.0899949,-8.435969,15.282189,3.234566,17.753122,79.502243,118.899277
6.1002097,-7.260417,16.837223,3.100491,18.596203,80.402420,113.326294
6.1106081,-4.475960,16.072275,-0.051475,16.683971,90.176773,105.561966
6.1274652,-1.884237,13.408727,-2.439692,13.758502,100.213837,97.999008
6.1403260,0.222661,9.241618,-2.579752,9.597510,105.592506,88.619827
6.1500030,0.664391,8.157045,-2.474407,8.549942,106.822418,85.343536
6.1600056,1.290475,7.642292,-2.746149,8.222609,109.510246,80.415466
6.1698914,2.128445,7.672219,-2.834735,8.451565,109.597443,74.494797
6.1799064,3.178303,8.201338,-2.636016,9.182163,106.683228,68.816925
6.1900868,4.392163,9.056067,-2.082955,10.278236,101.692368,64.126770
6.1999164,5.518635,9.932345,-1.420959,11.451023,97.128212,60.942463
6.2149220,6.443994,10.606314,-0.986411,12.449576,94.544449,58.718719
6.2299013,6.951565,10.898406,-0.438139,12.934120,91.941246,57.468170
6.2398691,6.356606,10.497377,-0.016759,12.271986,90.078247,58.803326
6.2499204,5.609614,9.801862,0.180762,11.294996,89.083015,60.217457
6.2598791,4.964377,9.120711,0.520739,10.397287,87.129189,61.440674
6.2701139,4.454412,8.570045,0.990002,9.709148,84.147614,62.536152
6.2801180,4.288015,8.312668,1.418565,9.460436,81.376144,62.713459
6.2899055,4.352659,8.434772,1.861492,9.672444,78.904022,62.704571
6.2999210,4.538209,8.864532,2.015918,10.160668,78.556351,62.889759
6.3098502,4.681861,9.393650,1.795651,10.648232,80.291611,63.508011
6.3206491,4.642357,9.901221,1.225831,11.004014,83.604057,64.879662
6.3298602,4.438850,10.339360,0.442927,11.260636,87.745743,66.765388
6.3398743,3.901352,10.588357,-0.411803,11.291741,92.090004,69.773338
6.3498483,3.139996,10.617087,-1.170765,11.133410,96.036255,73.524460
6.3598599,2.349909,10.461464,-1.787272,10.870080,99.463615,77.340057
6.3698606,1.626860,10.158598,-2.212242,10.523203,102.135551,80.901558
6.3801436,1.088165,9.859323,-2.448071,10.216819,103.863632,83.701805
6.3898959,0.894234,9.586384,-2.546233,9.959002,104.813385,84.670776
6.3999333,1.179144,9.416395,-2.458845,9.803306,104.525917,82.862434
6.4099503,1.598130,9.064447,-2.141613,9.450118,103.098328,80.001083
6.4200239,2.239776,8.847773,-1.589750,9.264285,99.880852,75.794250
6.4298592,2.960430,8.646660,-1.092953,9.204533,96.819435,71.099899
6.4398670,3.503914,8.755595,0.459687,9.441884,87.209396,68.189133
6.4498701,3.840300,9.217676,1.030704,10.038715,84.106895,67.382248
6.4598689,3.910928,9.495404,1.474828,10.374641,81.827316,67.614418
6.4700384,4.095282,9.822212,0.609324,10.659197,86.722946,67.366753
6.4798532,4.106056,9.689334,-0.484826,10.534607,92.637810,67.034195
6.4898849,3.695450,9.306262,-0.899023,10.053412,95.130508,68.342323
6.4999151,3.100491,8.609550,-1.150414,9.222843,97.165466,70.194916
6.5099154,3.233369,6.509834,-0.940921,7.329253,97.375923,63.586868
6.5199785,4.073734,5.990293,-0.780510,7.286159,96.149452,55.782104
6.5299044,5.570110,6.210559,-0.693121,8.371236,94.749413,48.111790
6.5398993,7.139510,6.981492,-0.476446,9.997041,92.731682,44.358871
6.5500112,8.300697,7.879318,-0.302867,11.448884,91.515869,43.508171
6.5598712,9.075222,8.532935,-0.582988,12.470386,92.679543,43.235992
6.5700350,9.520543,8.795100,-0.839168,12.988408,93.704399,42.731823
6.5798864,9.653421,8.705317,-0.869095,13.027909,93.825058,42.043690
6.5899892,9.525331,8.386889,-1.065420,12.736050,94.798622,41.363358
6.6027784,8.865729,7.699753,-0.037110,11.742603,90.181068,40.973824
6.6155982,7.663840,6.865374,2.090138,10.499356,78.517242,41.854424
6.6298923,6.527791,4.525041,1.623269,8.106976,78.449524,34.729557
6.6398664,6.519411,3.245340,-0.055067,7.282718,90.433235,26.463963
6.6498995,6.613982,2.208651,-1.939303,7.237665,105.542076,18.466055
6.6598802,7.267599,1.434127,-4.162320,8.497036,119.331085,11.162849
6.6699085,8.131907,1.103727,-5.120000,9.672668,121.959961,7.729405
6.6798654,8.615535,1.413776,-4.244920,9.708014,115.929146,9.318964
6.6900129,8.128315,2.373851,-2.014721,8.704239,103.383301,16.280293
6.6998563,7.199365,4.010288,-0.093374,8.241479,90.649162,29.119274
6.7098560,6.002264,6.163872,0.490811,8.617505,86.734940,45.761044
6.7199574,4.454412,9.077616,-0.257377,10.114897,91.458069,63.862679
6.7299056,0.927753,11.704055,-0.404620,11.747738,91.973793,85.467773
6.7398739,-2.777274,13.837289,-2.353500,14.308137,99.467422,101.349007
6.7501454,-4.552575,15.992070,-6.210559,17.749458,110.481277,105.890434
6.7598763,-4.083311,18.174385,-8.354567,20.415201,114.156639,102.662605
6.7698994,-2.398990,20.302830,-4.735731,20.985405,103.042152,96.738846
6.7798896,-0.312443,21.582531,3.102885,21.806677,81.819580,90.829391
6.7899261,1.535880,20.728998,7.456741,22.082872,70.264969,85.762505
6.7999239,1.866280,17.653646,6.364985,18.858612,70.274712,83.965309
6.8098712,0.165200,13.627796,3.977966,14.197476,73.728561,89.305481
6.8198991,-2.726996,10.366894,3.014300,11.135304,74.294220,104.737701
6.8298779,-5.345055,8.243237,2.546233,10.149082,75.470222,122.960060
6.8399425,-6.676231,7.068881,1.230620,9.800794,82.786713,133.363708
6.8499751,-6.112397,6.587646,-0.724246,9.015709,94.607628,132.856934
6.8599086,-3.912126,6.706159,-1.798046,7.969333,103.039375,120.257706
6.8698611,-1.094150,7.413646,-1.966837,7.747758,104.705978,98.395447
6.8799219,1.418565,8.505402,-1.820790,8.813028,101.923302,80.531136
6.8898940,3.527856,9.747993,-1.686715,10.503054,99.241310,70.104507
6.8999181,5.021838,10.925940,-1.441309,12.110838,96.834961,65.315292
6.9098902,5.505467,11.677719,-1.138443,12.960530,95.039314,64.758438
6.9198565,4.950012,11.796232,-0.981623,12.830327,94.387871,67.235786
6.9298625,3.915717,11.326968,-1.055843,12.031120,95.034714,70.929802
6.9398499,3.025074,10.536881,-1.417367,11.053772,97.367020,73.981552
6.9498410,2.412158,9.744401,-1.511938,10.151739,98.565147,76.096329
6.9598460,2.073379,9.191340,-1.017536,9.477078,96.163620,77.288017
6.9698501,2.317587,8.951921,-0.630872,9.268554,93.902908,75.485222
6.9799905,2.910152,9.107543,0.234632,9.564067,88.594246,72.279648
6.9898782,3.677494,9.446322,0.956484,10.181937,84.609726,68.728821
6.9999022,4.874595,10.269928,1.608904,11.481362,81.944527,64.608765
7.0099130,5.037400,10.618284,1.589750,11.859623,82.296471,64.619957
7.0198455,4.760870,10.852917,1.213860,11.913234,84.151886,66.314285
7.0299764,3.955221,10.860099,0.474052,11.567638,87.651314,69.988503
7.0398712,2.800019,10.570400,-0.350751,10.940589,91.837196,75.163536
7.0501342,1.672350,10.120291,-1.084573,10.314714,96.035706,80.616829
7.0598750,0.952892,9.727641,-1.550246,9.896377,99.012375,84.405319
7.0699401,0.829591,9.423578,-1.729811,9.616876,100.362328,84.969017
7.0798545,1.329979,9.287108,-1.623269,9.521252,99.816254,81.850250
7.0898771,2.252944,9.314642,-1.359907,9.679238,98.076622,76.402939
7.0998712,3.172317,9.251195,-0.814029,9.813809,94.757996,71.072701
7.1098824,3.642778,8.968679,-0.044293,9.680341,90.262161,67.894653
7.1198711,3.818752,8.783129,1.182736,9.650133,82.960037,66.501434
7.1298833,3.869030,8.584411,1.839944,9.594107,78.943405,65.738708
7.1400113,4.201824,8.136695,1.760935,9.325343,79.115295,62.687977
7.1501403,4.539406,7.726089,0.745794,8.991934,85.242401,59.563950
7.1599393,4.929661,6.908469,-0.043096,8.487070,90.290939,54.489571
7.1698852,4.722563,6.530185,-0.569820,8.079022,94.044479,54.125935
7.1799083,4.027047,6.645107,-0.642843,7.796653,94.729469,58.783428
7.1899590,3.450045,6.933608,-1.176750,7.833420,98.639778,63.545849
7.1999292,3.191471,7.169437,-1.806425,8.052917,102.962860,66.003792
7.2098641,3.197456,7.345411,-2.328361,8.342665,106.205948,66.476517
7.2198939,3.325546,7.344213,-2.507926,8.443130,107.279755,65.638420
7.2304153,3.811569,7.247249,-2.340332,8.516327,105.950417,62.258625
7.2398787,4.757279,7.271191,-2.238579,8.972912,104.446854,56.804718
7.2498713,5.857414,7.499837,-1.515530,9.636062,99.048874,52.009968
7.2598710,6.815095,8.027759,-0.245406,10.533312,91.334999,49.670700
7.2698812,7.715315,8.692149,0.646434,11.640336,86.816498,48.407139
7.2798362,8.299500,9.230844,0.782904,12.437972,86.391151,48.041122
7.2898941,8.443152,9.834184,-0.098162,12.961775,90.433914,49.352215
7.2998700,8.128315,10.508151,-1.223437,13.341197,95.261627,52.277161
7.3099074,6.621165,10.662578,-0.220267,12.553043,91.005409,58.160866
7.3200092,4.741716,10.160992,0.280122,11.216420,88.568932,64.983475
7.3298893,3.005920,8.752005,0.464475,9.265467,87.126572,71.044708
7.3398666,2.466028,7.885303,-0.444124,8.273848,93.077011,72.633598
7.3498402,2.857480,7.302315,-1.568202,7.996766,101.309258,68.629021
7.3598433,3.151967,6.297947,-1.778892,7.263848,104.175728,63.413170
7.3698754,3.663129,5.074511,-2.928109,6.909630,115.072968,54.175674
7.3800902,4.662708,3.804387,-4.474763,7.499180,126.633934,39.211620
7.3899102,5.852626,2.934094,-4.928464,8.194627,126.972122,26.625961
7.3998485,6.526594,2.698265,-3.937265,8.085735,119.139626,22.461487
7.4098630,6.477513,3.142390,-1.264138,7.309639,99.958878,25.879086
7.4198394,5.898116,4.558560,1.507150,7.605244,78.569893,37.699863
7.4298463,4.468778,6.767211,4.380192,9.216898,61.625355,56.560928
7.4398398,1.078588,8.971074,7.299921,11.616039,51.065277,83.144264
7.4498606,-1.875857,11.431116,5.376180,12.770770,65.103813,99.319229
7.4598331,-3.629610,13.776237,0.051475,14.246453,89.792976,104.760223
7.4698811,-5.045780,15.541961,-4.557363,16.964138,105.583763,107.986298
7.4798336,-4.848258,17.003620,-5.911284,18.643282,108.486015,105.914490
7.4898343,-2.907758,18.965670,-3.293224,19.467846,99.739113,98.716537
7.4998455,1.820790,21.552603,6.818686,22.678722,72.502480,85.171051
7.5104499,4.094085,19.743784,6.333860,21.135193,72.561432,78.285133
7.5198822,4.261679,15.978902,3.165135,16.837616,79.165077,75.066444
7.5298638,2.402581,12.162544,0.521936,12.408558,87.589279,78.825691
7.5398993,0.011971,9.184157,-1.294066,9.274885,98.020287,89.925316
7.5499029,-2.138022,7.084443,-2.546233,7.825840,108.987526,106.793350
7.5598974,-3.539827,5.825093,-3.582923,7.700612,117.728195,121.286461
7.5698652,-3.511097,5.335478,-4.248511,7.671048,123.630653,123.347557
7.5799694,-1.885434,5.504270,-4.501099,7.356068,127.726234,108.908394
7.5900803,0.374693,6.173449,-4.311957,7.539552,124.883636,86.526741
7.5999532,2.772485,7.287950,-3.824737,8.685016,116.128349,69.172157
7.6098514,5.068525,8.427590,-3.306392,10.375280,108.583107,58.976440
7.6199589,6.634333,9.151836,-2.566584,11.591284,102.792664,54.060959
7.6300039,7.187394,9.386468,-1.549049,11.923253,97.464867,52.558044
7.6399856,6.799533,9.222465,-0.615310,11.474586,93.073883,53.599411
7.6498623,6.019023,8.933964,-0.144849,10.773362,90.770370,56.030918
7.6599569,5.328296,8.667010,-0.106542,10.174436,90.599983,58.417675
7.6698589,4.786009,8.493430,-0.227449,9.751717,91.336487,60.598938
7.6801953,4.450821,8.400057,-0.351948,9.512866,92.120255,62.082848
7.6903496,4.395754,8.358158,-0.762553,9.474331,94.616516,62.259048
7.7001333,4.528633,8.368932,-0.606930,9.534983,93.649513,61.581100
7.7102084,4.790798,8.361750,-0.433351,9.646678,92.574722,60.189793
7.7202892,5.093664,8.295909,-0.155623,9.736105,90.915863,58.450195
7.7299590,5.358223,8.238448,0.132878,9.828542,89.225357,56.960335
7.7409234,5.503073,8.232463,0.198719,9.904380,88.850357,56.238853
7.7509551,5.505467,8.275558,-0.029928,9.939614,90.172516,56.365437
7.7606611,5.352238,8.251616,-0.544681,9.850497,93.169769,57.031387
7.7711344,5.147533,8.151060,-1.168370,9.710920,96.910286,57.726891
7.7801533,5.021838,8.052897,-1.774103,9.654816,100.588448,58.052074
7.7905912,4.987122,7.900866,-2.257732,9.612097,103.584808,57.739384
7.8016644,5.026627,7.650671,-2.511518,9.492496,105.341957,56.694378
7.8102078,5.237316,7.469909,-2.580950,9.481050,105.796524,54.964867
7.8199682,5.590461,7.364564,-2.486378,9.574556,105.051430,52.797768
7.8301272,6.032191,7.271191,-2.273294,9.717274,103.529366,50.320843
7.8401670,6.374562,7.005434,-1.969231,9.674142,101.744987,47.699516
7.8507433,6.663064,6.742072,-1.596933,9.612603,99.562828,45.337692
7.8602381,6.969521,6.555324,-1.253365,9.649736,97.462997,43.245872
7.8700271,7.296329,6.552930,-1.100136,9.868516,96.400597,41.927429
7.8804684,7.571663,6.697779,-1.174356,10.176907,96.626366,41.495491
7.8907480,7.694964,6.851008,-1.437718,10.402683,97.944077,41.679424
7.9000440,7.637504,7.042544,-1.760935,10.537067,99.620308,42.679161
7.9101672,7.382521,7.241263,-1.831564,10.502007,100.043823,44.446568
7.9202142,7.067683,7.592013,-1.661576,10.504839,99.100838,47.048412
7.9301009,6.739678,7.597999,-1.359907,10.247058,97.626328,48.425907
7.9400229,6.426037,7.740454,-1.322796,10.146841,97.490707,50.300926
7.9499755,6.306327,7.550115,-1.674744,9.978916,99.661575,50.129261
7.9598742,6.370971,7.546524,-1.969231,10.070609,101.276413,49.828075
7.9699035,6.330269,7.673417,-2.202666,10.188492,102.485443,50.478699
7.9798594,6.270414,7.785944,-2.525883,10.311115,104.179878,51.153748
7.9899893,5.908890,8.317456,-2.835932,10.589502,105.533752,54.609241
7.9999771,5.619191,8.613141,-2.601300,10.607934,104.194962,56.879673
8.0105610,5.388151,8.665813,-2.516306,10.510009,103.852310,58.127853
8.0198936,5.136760,8.588001,-2.331953,10.275119,103.117653,59.114998
8.0299158,4.829105,8.526949,-1.922544,9.986255,101.099831,60.475628
8.0398998,4.643554,8.493430,-1.414973,9.782797,98.316368,61.333557
8.0501795,4.594473,8.505402,-0.950498,9.713624,95.615494,61.622837
8.0599480,4.633977,8.588001,-0.575805,9.775432,93.376869,61.649258
8.0702686,4.856638,8.791509,-0.490811,10.055768,92.797661,61.082699
8.0799246,5.273229,9.093178,-0.889446,10.549121,94.836617,59.890106
8.0900211,5.777209,9.233239,-1.276109,10.966189,96.682510,57.965912
8.0999899,6.189012,9.308656,-1.174356,11.239841,95.997299,56.381405
8.1099319,6.643910,9.373300,-0.940921,11.527602,94.681877,54.670517
8.1199741,7.177817,9.239224,-1.188721,11.759991,95.801468,52.156895
8.1299009,7.711724,8.967483,-1.661576,11.943503,97.996910,49.305611
8.1402254,8.115147,8.567651,-1.517924,11.898082,97.329613,46.553707
8.1498756,8.391677,8.214506,-0.667982,11.761995,93.255669,44.388737
8.1599121,8.429984,7.734468,-0.126893,11.441273,90.635468,42.536228
8.1698656,8.255207,7.135918,-0.372298,10.918259,91.954086,40.840603
8.1798964,7.934384,6.746861,-1.651999,10.545316,99.012917,40.375576
8.1898966,7.155072,6.653487,-2.517503,10.089686,104.448669,42.919689
8.2001686,5.795165,6.640318,-2.250550,9.096304,104.324516,48.888016
8.2098417,4.303577,6.645107,-1.376666,8.035760,99.864426,57.071655
8.2198467,3.384204,6.677429,-1.126472,7.570326,98.557449,63.123539
8.2298880,2.924517,7.015011,-1.018733,7.668180,97.634430,67.369026
8.2399006,2.294842,7.663840,-0.891840,8.049603,96.361031,73.330322
8.2499046,1.741782,8.574833,-1.878251,8.949267,102.115181,78.517891
8.2598600,1.124078,9.678560,-3.064578,10.214192,107.459488,83.375290
8.2698784,0.307655,10.934319,-2.494758,11.219528,102.847603,88.388313
8.2798634,-0.606930,11.738770,-0.386664,11.760808,91.884071,92.959732
8.2899027,-1.491588,11.981782,0.988805,12.114688,85.318291,97.096130
8.2999153,-2.132037,12.017695,0.912191,12.239390,85.725830,100.060066
8.3099613,-2.261323,11.943475,-0.942118,12.192119,94.431816,100.721214
8.3199348,-2.353500,11.106702,-2.659958,11.660753,103.185944,101.963951
8.3299408,-2.057816,9.909601,-3.295619,10.644054,108.036369,101.731247
8.3399200,-1.492785,8.890868,-2.282871,9.299863,104.209824,99.531113
8.3498402,-0.568623,8.495825,-1.042675,8.578435,96.981339,93.829079
8.3598509,0.812831,8.884883,-0.554258,8.939186,93.554802,84.772858
8.3698864,2.343924,9.835381,-0.867898,10.148002,94.906158,76.595558
8.3798914,3.786430,10.894814,-1.389834,11.617473,96.870926,70.835403
8.3899193,4.910508,11.652579,-1.918953,12.789764,98.629135,67.148979
8.4002447,5.756858,11.938686,-1.996764,13.403757,98.567268,64.256546
8.4099722,6.667852,11.992557,-1.510741,13.804492,96.282944,60.925976
8.4200525,7.594408,11.852495,-0.618901,14.090412,92.517448,57.350552
8.4300079,8.232463,11.536461,0.642843,14.187200,87.402954,54.488201
8.4399996,8.359355,11.176133,1.818396,14.074492,82.576752,53.204800
8.4499969,7.948750,10.711658,2.645593,13.598581,78.781609,53.422176
8.4599390,7.157466,10.164583,2.929306,12.772192,76.741180,54.848427
8.4700022,6.232107,9.595961,2.621651,11.738597,77.094955,56.998245
8.4798679,5.244499,9.071630,1.085770,10.534616,84.084198,59.966900
8.4898472,3.878607,8.566454,0.209493,9.405934,88.723778,65.640556
8.4998207,3.288436,8.675390,-0.554258,9.294268,93.418823,69.240616
8.5098515,2.562993,8.965088,-1.231817,9.405271,97.525703,74.045509
8.5200682,1.788469,9.374496,-1.770512,9.706416,100.509956,79.198891
8.5298548,0.872687,9.640253,-2.047042,9.893758,101.940887,84.827385
8.5406418,-0.114922,9.742006,-2.276886,10.005204,103.154060,90.675858
8.5500126,-1.024718,9.730036,-2.467225,10.090136,104.153381,96.011940
8.5598898,-1.586159,9.715671,-2.773683,10.227584,105.735466,99.272179
8.5698881,-1.655591,9.749189,-3.156755,10.380404,107.704460,99.637924
8.5799532,-1.313220,9.902418,-3.330335,10.529652,108.438194,97.554260
8.5903969,-0.569820,10.151415,-2.981978,10.595665,106.345795,93.212761
8.5999079,0.375890,10.353725,-2.129642,10.577160,101.615532,87.920799
8.6099195,1.649605,10.336966,-1.046266,10.519920,95.707832,80.933014
8.6200924,3.219004,9.847352,-0.532710,10.373819,92.943512,71.897934
8.6302052,5.207389,8.900445,0.007183,10.311880,89.960091,59.669350
8.6404057,7.347805,7.727286,0.505177,10.675035,87.287567,46.441986
8.6498899,9.187749,6.623559,1.090559,11.378734,84.500221,35.788288
8.6599102,9.582792,6.673837,2.967613,12.048931,75.741516,34.854885
8.6699200,7.297527,6.862979,4.449624,10.961456,66.050354,43.242298
8.6801310,6.999449,7.527370,2.474407,10.572430,76.464760,47.081280
8.6901274,6.124368,7.170634,1.968034,9.633225,78.211685,49.499687
8.7001724,5.442020,7.060501,0.113725,8.915110,89.269096,52.376053
8.7100124,3.386598,7.250840,-2.724602,8.453826,108.801598,64.964462
8.7202044,2.474407,7.564480,-4.854244,9.322432,121.379608,71.886627
8.7298937,1.918953,7.026982,-4.644751,8.639130,122.523201,74.725883
8.7399216,2.117671,5.661090,-4.074931,7.289550,123.987358,69.490440
8.7499037,3.349488,5.366603,-2.035071,6.645375,107.832703,58.030243
8.7600632,5.292383,6.056133,-0.166397,8.044486,91.185226,48.850178
8.7699709,6.689400,7.389704,1.109712,10.029320,83.647392,47.847584
8.7800360,6.564901,8.638280,1.769315,10.993101,80.738091,52.765972
8.7899246,5.448006,9.344569,1.634043,10.939463,81.409500,59.757256
8.8000383,4.376601,9.558850,0.689530,10.535734,86.247490,65.398918
8.8101244,3.630807,9.550470,-0.348356,10.223288,91.952721,69.184677
8.8200579,3.112462,9.526528,-0.714669,10.047533,94.078827,71.906998
8.8307838,2.885013,9.678560,-0.471658,10.110405,92.673859,73.401581
8.8406343,3.207033,10.055647,-0.129287,10.555464,90.701797,72.311035
8.8501043,3.754108,10.474632,0.214281,11.129113,88.896751,70.282318
8.8609686,4.171896,10.760739,0.605733,11.557038,86.995613,68.808884
8.8699608,4.236540,10.740389,0.858321,11.577604,85.748398,68.473274
8.8801308,3.885789,10.445902,0.918176,11.182990,85.290443,69.595215
8.8906994,3.265691,9.973047,0.738611,10.520074,85.973969,71.868881
8.8999605,2.675520,9.538500,0.429759,9.915951,87.516014,74.331352
8.9099779,2.249352,9.296685,0.071826,9.565203,89.569756,76.398560
8.9201508,2.047042,9.278728,-0.347159,9.508192,92.092422,77.558884
8.9300385,2.104503,9.356541,-0.851139,9.627992,95.071709,77.323807
8.9401550,2.308010,9.416395,-1.272518,9.778277,97.477524,76.227997
8.9499388,2.495955,9.428367,-1.379060,9.850163,98.048065,75.172318
8.9598494,2.694674,9.350554,-1.280898,9.815031,97.498703,73.923897
8.9699907,2.958036,9.216479,-1.051055,9.736436,96.197189,72.205925
8.9799023,3.716998,9.230844,-0.889446,9.990780,95.107613,68.066757
8.9898396,4.114436,9.409213,-0.695516,10.292989,93.874527,66.381332
9.0001364,4.370615,9.478644,-0.503979,10.449927,92.764336,65.245514
9.0099697,4.498705,9.461885,-0.349553,10.482738,91.910919,64.570992
9.0199928,4.548983,9.402030,-0.227449,10.447160,91.247505,64.180916
9.0299883,4.492720,9.330204,-0.088585,10.355921,90.490120,64.288055
9.0411186,4.406528,9.273940,0.005986,10.267594,89.966599,64.585190
9.0511866,4.346673,9.167398,0.010774,10.145682,89.939156,64.632278
9.0606852,4.308366,9.036914,-0.040701,10.011468,90.232933,64.510437
9.0704088,4.295198,8.966286,-0.107739,9.942565,90.620880,64.403778
9.0801001,4.328717,9.001001,-0.130484,9.988636,90.748489,64.316399
9.0903492,4.408922,9.136273,-0.135272,10.145362,90.763969,64.239281
9.1010942,4.437653,9.224859,-0.149638,10.237831,90.837471,64.309944
9.1102772,4.381389,9.279925,-0.193930,10.264072,91.082619,64.726303
9.1199465,4.272453,9.361329,-0.227449,10.292719,91.266228,65.468338
9.1301975,4.186262,9.433155,-0.353145,10.326369,91.959801,66.069229
9.1403532,4.060566,9.412804,-0.577003,10.267522,93.221542,66.665237
9.1500359,3.900155,9.327810,-0.712275,10.135412,94.029831,67.309166
9.1603422,3.756502,9.220071,-0.779313,9.986408,94.475761,67.832710
9.1706581,3.649961,9.105149,-0.853533,9.846546,94.972839,68.155746
9.1800861,3.597288,9.044097,-0.888249,9.773698,95.214325,68.309814
9.1906042,3.566164,9.017760,-0.895431,9.738548,95.275635,68.423187
9.2001667,3.567361,9.057265,-0.926556,9.778478,95.437195,68.502144
9.2100401,3.558981,9.085996,-0.944513,9.803763,95.528557,68.609741
9.2201262,3.536236,9.091981,-0.980426,9.804607,95.738968,68.746948
9.2300224,3.515885,9.070433,-1.024718,9.781833,96.013184,68.812653
9.2406321,3.506308,9.044097,-1.078588,9.759777,96.344925,68.809174
9.2506809,3.507505,9.045294,-1.107318,9.764532,96.511467,68.805138
9.2602682,3.542221,9.081207,-1.142034,9.814270,96.682343,68.691200
9.2700119,3.570952,9.114726,-1.142034,9.855667,96.654144,68.605835
9.2807207,3.582923,9.114726,-1.131260,9.858768,96.589012,68.540627
9.2902641,3.609259,9.097966,-1.114501,9.850982,96.496124,68.361252
9.3001928,3.633201,9.041702,-1.095347,9.805729,96.413605,68.108398
9.3100815,3.648763,8.950723,-1.053449,9.723100,96.219917,67.821724
9.3201532,3.676297,8.875306,-0.972046,9.655624,95.777840,67.499863
9.3300610,3.739743,8.869320,-0.895431,9.667073,95.314751,67.137314
9.3399887,3.840300,8.917204,-0.845153,9.745703,94.974976,66.700302
9.3499050,3.939659,8.971074,-0.845153,9.834397,94.929993,66.291260
9.3600683,4.012682,8.985439,-0.866701,9.878811,95.033218,65.935608
9.3699198,4.053383,8.980651,-0.883460,9.892549,95.123665,65.708138
9.3798971,4.076128,8.972271,-0.883460,9.894290,95.122757,65.567566
9.3899403,4.074931,8.932767,-0.860716,9.855974,95.009987,65.478577
9.3998356,4.083311,8.892065,-0.878672,9.824170,95.131378,65.335014
9.4098902,4.079720,8.956709,-0.928950,9.885833,95.391914,65.511063
9.4198666,4.071340,8.957906,-0.919373,9.882567,95.337936,65.558350
9.4298334,4.071340,8.911219,-0.900220,9.838497,95.249893,65.445381
9.4398499,4.098873,8.929175,-0.843956,9.861197,94.909584,65.342850
9.4499464,4.134786,9.030929,-0.859518,9.969599,94.945831,65.399452
9.4604931,4.010288,9.075222,-1.007959,9.972865,95.800797,66.159645
9.4706020,3.834314,8.912416,-0.939724,9.747625,95.532219,66.721581
9.4803486,3.724181,8.842984,-0.954089,9.642519,95.678482,67.161842
9.4898853,3.696647,8.808268,-0.949301,9.599581,95.675247,67.233215
9.4999495,3.744531,8.874108,-0.942118,9.677753,95.586525,67.122131
9.5099678,3.859453,8.938752,-0.968455,9.784405,95.680405,66.646935
9.5198326,3.945644,8.948329,-0.964863,9.827088,95.634613,66.205566
9.5298862,4.046201,8.918402,-0.907402,9.835294,95.293625,65.596619
9.5398674,4.122815,8.910022,-0.889446,9.857850,95.176674,65.169235
9.5498610,4.206613,8.926781,-0.942118,9.913153,95.453461,64.768539
9.5599718,4.162320,8.926781,-0.839168,9.885167,94.869789,65.001617
9.5699682,4.072537,9.027337,-0.641646,9.924217,93.707024,65.718254
9.5798826,3.995923,9.163807,-0.645237,10.017939,93.692871,66.440155
9.5899382,3.857059,9.283517,-0.810437,10.085505,94.609062,67.438393
9.5999956,3.733757,9.313444,-1.022324,10.085947,95.817558,68.154160
9.6098404,3.790021,9.159019,-1.041478,9.966773,95.998070,67.520126
9.6197844,3.975572,8.957906,-0.944513,9.845880,95.504837,66.068069
9.6298761,4.138378,8.785523,-0.803255,9.744578,94.728310,64.777451
9.6399107,4.192247,8.659827,-0.682347,9.645369,94.056694,64.168243
9.6498737,4.124012,8.637083,-0.665588,9.594253,93.978012,64.476578
9.6600142,4.003105,8.756793,-0.791284,9.660870,94.698135,65.432831
9.6700706,3.939659,8.894460,-0.994791,9.778646,95.838852,66.109818
9.6798744,3.904943,9.032125,-1.210269,9.914264,97.011787,66.619270
9.6900377,3.860650,9.053674,-1.283292,9.925748,97.428520,66.905724
9.7001610,3.828329,8.990228,-1.197101,9.844458,96.984543,66.934135
9.7103224,3.859453,8.974665,-1.058237,9.826488,96.182304,66.730423
9.7200031,3.910928,9.023746,-0.933739,9.879030,95.423538,66.567894
9.7299833,3.962404,9.059659,-0.818817,9.922123,94.733681,66.376976
9.7403822,3.975572,9.107543,-0.730232,9.964224,94.202705,66.418045
9.7500887,3.991134,8.979453,-0.659603,9.848594,93.840218,66.036095
9.7601156,4.012682,8.834604,-0.609324,9.722301,93.593246,65.572426
9.7703638,4.035427,8.796297,-0.556652,9.693780,93.291939,65.356033
9.7801600,4.029441,8.840590,-0.593762,9.733703,93.497253,65.497032
9.7901030,4.010288,8.954314,-0.703895,9.836545,94.103546,65.874252
9.8004398,3.976769,9.028535,-0.829591,9.900372,94.806671,66.228104
9.8108072,3.939659,9.008183,-0.934936,9.876355,95.431984,66.378212
9.8207455,3.879804,9.018958,-0.943315,9.863282,95.488106,66.723442
9.8305988,3.791218,9.068039,-0.979228,9.877325,95.689598,67.310890
9.8400021,3.712210,9.133880,-1.134852,9.924522,96.566032,67.882095
9.8501377,3.582923,9.138668,-1.250970,9.895328,97.262787,68.591751
9.8601780,3.533842,9.052477,-1.221043,9.794198,97.161697,68.675674
9.8702440,3.616442,8.917204,-1.059434,9.680784,96.282852,67.924599
9.8809919,3.766079,8.848969,-0.863110,9.655702,95.128433,66.945625
9.8899584,3.934870,8.941146,-0.752976,9.797667,94.407677,66.246391
9.8999634,3.977966,8.748413,-0.835576,9.646612,94.969109,65.548363
9.9100094,4.040215,8.878897,-0.761356,9.784571,94.462807,65.532768
9.9199505,4.067749,8.948329,-0.809240,9.862761,94.706413,65.554314
9.9299774,4.064157,8.937555,-0.809240,9.851505,94.711800,65.547371
9.9398746,4.027047,8.919599,-0.836774,9.822248,94.887047,65.701637
9.9499378,3.968389,8.913613,-0.931344,9.801430,95.452545,66.001114
9.9601974,3.934870,8.948329,-0.899023,9.816519,95.254662,66.263351
9.9703856,3.957615,8.924387,-0.833182,9.798040,94.878075,66.084595
9.9800091,3.967192,8.901642,-0.826000,9.780599,94.844566,65.978912
9.9901047,4.013879,9.102755,-0.786495,9.979476,94.520241,66.204811
10.0000086,3.930082,8.981848,-0.979228,9.852818,95.703796,66.367821
10.0101585,3.961207,9.035717,-0.980426,9.914463,95.675163,66.327629
10.0218744,3.714604,8.821436,-1.307234,9.660480,97.776993,67.164604
10.0305157,3.598485,8.955511,-1.180341,9.723347,96.972473,68.108856
