Keuwl Accelerometer Data File
2019-06-26 16-16-35

Time (s), X (m/s2), Y (m/s2), Z (m/s2), R (m/s2), Theta (deg), Phi (deg)
0.0000000,6.501455,8.044518,-0.800860,10.374226,94.427475,51.055393
0.0095950,6.508637,8.098388,-0.833182,10.423072,94.584908,51.211319
0.0191560,6.447585,8.054094,-0.750582,10.344234,94.161064,51.321503
0.0291100,6.387730,7.994239,-0.591368,10.249911,93.307510,51.373688
0.0390780,6.175843,7.892486,-0.494403,10.033783,92.824326,51.956944
0.0491580,5.811924,7.515399,-0.457293,9.511509,92.755714,52.283947
0.0592190,5.786786,7.375339,-0.530316,9.389555,93.237747,51.881813
0.0694510,5.882554,7.460332,-0.465672,9.511984,92.806114,51.743835
0.0793520,6.141128,7.603985,-0.505177,9.787198,92.958694,51.074974
0.0893520,6.549339,7.811083,-0.499191,10.205688,92.803627,50.021263
0.1003210,6.777985,7.869741,-0.305261,10.390721,91.683487,49.262611
0.1098340,6.835446,7.851785,0.035913,10.410337,89.802345,48.958488
0.1192240,6.937200,7.888895,0.361524,10.511427,88.029007,48.672810
0.1292550,6.902483,7.703344,0.769736,10.371995,85.744003,48.138474
0.1391720,6.925229,7.583634,1.045069,10.322909,84.189545,47.598274
0.1492790,6.906075,7.582437,1.138443,10.319073,83.666000,47.672779
0.1595980,6.643910,7.378930,0.956484,9.975220,84.497688,48.000465
0.1694670,6.398504,7.068881,0.743400,9.563606,85.541779,47.849705
0.1791260,5.894525,7.351396,0.377087,9.430305,87.708321,51.276531
0.1893880,5.276821,7.541735,-0.262165,9.208221,91.631477,55.020187
0.1991380,4.950012,7.402872,-0.774524,8.938960,94.970680,56.230896
0.2093300,4.950012,7.461530,-1.091756,9.020475,96.951599,56.439526
0.2195130,5.050569,7.660248,-1.262941,9.261894,97.837204,56.602264
0.2305060,5.133168,7.754819,-1.321599,9.393256,98.088158,56.498123
0.2394360,5.309142,7.794323,-1.289278,9.518440,97.784668,55.739071
0.2492200,5.538986,7.835025,-1.148020,9.663639,96.822731,54.741528
0.2591950,5.746084,7.815871,-0.926556,9.744939,95.455971,53.677361
0.2695700,5.938818,7.738060,-0.596156,9.772539,93.497398,52.494431
0.2796740,6.155493,7.746439,-0.270545,9.898010,91.566277,51.528568
0.2895850,6.360197,7.796718,-0.089783,10.062255,90.511238,50.794048
0.2992340,6.859388,8.343793,-0.122104,10.802083,90.647675,50.576557
0.3092890,6.882133,8.768764,-0.306458,11.151183,91.574806,51.873528
0.3194260,6.457162,7.961918,-0.368707,10.257828,92.059883,50.957745
0.3294130,6.390124,7.378930,-0.180762,9.762938,91.060898,49.107567
0.3393900,6.488286,7.190985,0.169988,9.686951,88.994514,47.940674
0.3494890,6.487090,7.176620,0.356736,9.680571,87.888130,47.888943
0.3592110,6.467936,7.445967,0.311246,9.867801,88.192497,49.020802
0.3694670,6.324284,7.718906,0.063446,9.979083,89.635712,50.671421
0.3793660,6.038177,7.677008,-0.184354,9.768828,91.081329,51.813980
0.3894620,5.798757,7.529764,-0.361524,9.510712,92.178474,52.399723
0.3992070,5.839458,7.787141,-0.454898,9.744012,92.675819,53.134331
0.4094350,5.771223,8.024167,-0.689530,9.908064,93.990601,54.275173
0.4201060,5.706580,7.930793,-1.009156,9.822471,95.896950,54.263203
0.4293300,5.846641,7.866150,-1.009156,9.852813,95.878723,53.377838
0.4404950,6.163872,7.842207,-0.673968,9.997388,93.865494,51.833118
0.4495040,6.236896,7.708132,-0.530316,9.929522,93.061508,51.022572
0.4596230,6.300342,7.522582,-0.319626,9.817622,91.865669,50.053024
0.4699130,6.381745,7.382521,-0.079009,9.758818,90.463882,49.158562
0.4793690,6.452374,7.416040,0.071826,9.830358,89.581360,48.974888
0.4895450,6.609194,7.431602,0.180762,9.947001,88.958733,48.352142
0.4996300,6.736086,7.483078,0.318429,10.073366,88.188522,48.007217
0.5097400,6.737284,7.546524,0.306458,10.121015,88.264854,48.242588
0.5201590,6.692991,7.570466,0.223858,10.107333,88.730904,48.520348
0.5300410,6.573281,7.612364,0.120907,10.058366,89.311256,49.189373
0.5401509,6.441600,7.677008,-0.032322,10.021562,90.184792,50.000763
0.5498300,6.303933,7.742848,-0.219069,9.986955,91.256912,50.848827
0.5595040,6.126762,7.760805,-0.368707,9.894608,92.135529,51.710697
0.5700350,5.965154,7.735666,-0.459687,9.779309,92.694244,52.363338
0.5792840,5.828684,7.702147,-0.525527,9.673304,93.114273,52.882988
0.5896430,5.698200,7.667431,-0.538695,9.568133,93.227516,53.381397
0.5993050,5.641936,7.657854,-0.584185,9.529714,93.514519,53.619011
0.6091779,5.659893,7.653066,-0.633266,9.539645,93.806244,53.514893
0.6191130,5.753267,7.682993,-0.669179,9.621656,93.988098,53.172977
0.6293580,5.896919,7.734468,-0.690727,9.750526,94.062233,52.677353
0.6394160,6.087258,7.807492,-0.690727,9.924150,93.991051,52.057568
0.6495570,6.314707,7.868544,-0.656011,10.110384,93.720245,51.252071
0.6600330,6.556521,7.924808,-0.572214,10.301358,93.184273,50.397636
0.6694260,6.739678,7.905654,-0.420182,10.397076,92.316154,49.551956
0.6795459,6.807912,7.760805,-0.205901,10.325704,91.142593,48.742199
0.6902800,6.806715,7.524976,0.041899,10.146841,89.763412,47.869087
0.6994670,6.776788,7.265205,0.274136,9.938974,88.419472,46.992092
0.7097600,6.664260,7.066486,0.463278,9.724311,87.269325,46.677933
0.7194570,6.515820,7.000646,0.524330,9.578094,86.861908,47.054276
0.7317070,6.397307,7.097611,0.413000,9.564110,87.525070,47.970638
0.7445090,6.268020,7.629124,-0.165200,9.875166,90.958534,50.593781
0.7591330,6.163872,7.835025,-0.450110,9.979155,92.585205,51.807606
0.7692030,6.036980,7.946355,-0.667982,10.001794,93.829422,52.775455
0.7791800,5.963956,7.984663,-0.803255,9.998441,94.607994,53.242970
0.7894080,5.902905,7.952341,-0.720655,9.929922,94.161842,53.414051
0.7992330,5.886145,7.917625,-0.508768,9.878984,92.952042,53.372036
0.8093110,5.972336,7.906851,-0.356736,9.915359,92.061836,52.934906
0.8192980,6.121974,7.851785,-0.282516,9.960367,91.625359,52.056744
0.8292990,6.236896,7.753622,-0.189142,9.952552,91.088936,51.187328
0.8396900,6.290765,7.654263,-0.108936,9.908246,90.629951,50.584438
0.8498720,6.321889,7.571663,-0.076614,9.864189,90.445015,50.140121
0.8592700,6.354211,7.577648,-0.081403,9.889560,90.471619,50.018600
0.8695589,6.393716,7.660248,-0.119710,9.978643,90.687370,50.149540
0.8792840,6.427235,7.700950,-0.195127,10.032549,91.114441,50.151527
0.8896310,6.408081,7.686584,-0.274136,10.011106,91.569138,50.183022
0.8993740,6.339846,7.607576,-0.302867,9.907602,91.751755,50.193542
0.9094070,6.239290,7.508216,-0.271742,9.766058,91.594467,50.273590
0.9209180,6.132748,7.410054,-0.225055,9.621339,91.340340,50.387985
0.9293640,6.132748,7.410054,-0.307655,9.623625,91.831985,50.387985
0.9393280,6.026206,7.353790,-0.481235,9.519715,92.897614,50.666435
0.9497150,6.013038,7.347805,-0.629675,9.515428,93.794273,50.705002
0.9592760,5.999869,7.381324,-0.730232,9.540211,94.389854,50.894249
0.9695160,6.040571,7.449559,-0.793678,9.623634,94.730659,50.962685
0.9798439,6.099229,7.522582,-0.776918,9.715628,94.586601,50.965229
0.9907930,6.234501,7.600393,-0.739808,9.858109,94.303848,50.638428
0.9992520,6.421249,7.674613,-0.682347,10.029841,93.900948,50.081219
1.0095040,6.560112,7.687782,-0.575805,10.122679,93.260902,49.525322
1.0194330,6.639122,7.624335,-0.428562,10.118897,92.427353,48.951290
1.0297799,6.678626,7.503428,-0.232238,10.047855,91.324402,48.328468
1.0393009,6.673837,7.390901,-0.034716,9.958249,90.199745,47.918587
1.0497690,6.667852,7.356185,0.092177,9.928857,89.468071,47.809956
1.0596770,6.602011,7.309498,0.137667,9.850596,89.199242,47.911335
1.0696189,6.471527,7.307104,0.156820,9.762121,89.079552,48.470333
1.0793550,6.357802,7.291541,0.158017,9.675391,89.064209,48.913452
1.0891349,6.258443,7.310695,0.160412,9.624973,89.045052,49.434261
1.0994400,6.145916,7.417237,0.111330,9.633280,89.337830,50.354885
1.1091819,6.093243,7.596802,-0.027533,9.738571,90.161987,51.267597
1.1192330,6.080075,7.754819,-0.240617,9.857100,91.398758,51.902195
1.1291330,6.051345,7.869741,-0.447716,9.937407,92.582253,52.441940
1.1391970,6.013038,7.911640,-0.593762,9.955060,93.419395,52.764290
1.1496099,5.960365,7.893683,-0.665588,9.913586,93.849678,52.944260
1.1592779,5.889736,7.823054,-0.678756,9.815797,93.965134,53.025036
1.1694539,5.846641,7.705738,-0.646434,9.694302,93.823425,52.811008
1.1791780,5.863400,7.629124,-0.585382,9.639796,93.481461,52.455746
1.1897410,5.929241,7.578846,-0.507571,9.635996,93.019424,51.962475
1.1991249,6.011840,7.601591,-0.428562,9.701035,92.531975,51.660725
1.2091910,6.126762,7.630321,-0.365116,9.792462,92.136787,51.237297
1.2191540,6.241684,7.626729,-0.348356,9.861388,92.024414,50.703247
1.2291170,6.338649,7.608773,-0.301669,9.907720,91.744804,50.203300
1.2391740,6.363788,7.590816,-0.262165,9.908937,91.516075,50.025093
1.2493960,6.387730,7.590816,-0.274136,9.924653,91.582809,49.919132
1.2591180,6.430826,7.571663,-0.252588,9.937273,91.456520,49.657822
1.2697769,6.368577,7.580042,-0.205901,9.902434,91.191437,49.963799
1.2793640,6.281188,7.632715,-0.192733,9.886800,91.116997,50.548019
1.2893009,6.265626,7.705738,-0.281319,9.935573,91.622505,50.885036
1.2994150,6.271611,7.740454,-0.403423,9.970481,92.318916,50.984287
1.3096939,6.239290,7.687782,-0.442927,9.910949,92.561440,50.937725
1.3193059,6.150704,7.599196,-0.420182,9.785474,92.461006,51.013680
1.3302059,6.118382,7.539341,-0.381875,9.717103,92.252266,50.939720
1.3392669,6.143522,7.552509,-0.333991,9.741397,91.964813,50.873672
1.3496699,6.142324,7.656657,-0.323217,9.821254,91.885941,51.262714
1.3592920,6.163872,7.765593,-0.387861,9.922107,92.240295,51.559513
1.3694279,6.217742,7.831434,-0.481235,10.011157,92.755257,51.552292
1.3794200,6.251261,7.800309,-0.537498,10.010593,93.077858,51.290897
1.3898649,6.208165,7.704541,-0.531513,9.908772,93.074860,51.138828
1.3993009,6.166266,7.592013,-0.474052,9.792151,92.774857,50.916348
1.4094599,6.174646,7.509414,-0.430956,9.731561,92.538139,50.571106
1.4194680,6.245275,7.508216,-0.408211,9.774631,92.393501,50.246586
1.4301469,6.521805,7.711724,-0.567426,10.115661,93.215622,49.778797
1.4395039,6.619968,7.746439,-0.559046,10.205089,93.140297,49.483395
1.4496850,6.634333,7.718906,-0.471658,10.189129,92.653183,49.321228
1.4599860,6.610391,7.637504,-0.343568,10.106769,91.948082,49.123249
1.4692879,6.528988,7.559692,-0.175974,9.990376,91.009277,49.184208
1.4792550,6.489484,7.523779,-0.029928,9.935871,90.172577,49.221249
1.4893830,6.435614,7.545327,0.023942,9.917139,89.861679,49.538235
1.4992900,6.379351,7.611167,-0.025139,9.931093,90.145035,50.031719
1.5093820,6.309918,7.685388,-0.164003,9.945207,90.944885,50.613045
1.5194449,6.264429,7.729680,-0.342371,9.955312,91.970833,50.977367
1.5299200,6.151901,7.752425,-0.503979,9.909591,92.915192,51.566402
1.5393280,6.033388,7.741651,-0.608127,9.833858,93.545441,52.069244
1.5497620,5.961562,7.720103,-0.672771,9.777159,93.945663,52.324223
1.5593050,5.950788,7.702147,-0.691924,9.757751,94.066269,52.309814
1.5697370,5.983110,7.678205,-0.669179,9.757061,93.932671,52.073105
1.5794740,6.042965,7.641095,-0.597353,9.760153,93.508881,51.661266
1.5901309,6.087258,7.595605,-0.470461,9.745217,92.767090,51.290672
1.5994570,6.123171,7.541735,-0.312443,9.719496,91.842148,50.926689
1.6095989,6.153099,7.522582,-0.162806,9.719895,90.959732,50.718536
1.6194069,6.172252,7.568071,-0.110133,9.766500,90.646118,50.800529
1.6294109,6.137536,7.641095,-0.168791,9.802253,90.986664,51.227619
1.6393049,6.044162,7.727286,-0.317232,9.815472,91.852097,51.968040
1.6498160,5.929241,7.803900,-0.513556,9.814301,92.999504,52.773186
1.6594890,5.876568,7.892486,-0.732626,9.867225,94.258041,53.329456
1.6702909,5.861006,7.970297,-0.857124,9.930342,94.951569,53.670872
1.6801820,5.930438,8.084022,-0.936133,10.069649,95.334251,53.736229
1.6895010,6.084864,8.189367,-0.936133,10.245372,95.242500,53.386913
1.6992689,6.284780,8.188169,-0.814029,10.354092,94.509193,52.492176
1.7095920,6.479907,7.997831,-0.539892,10.307570,93.002426,50.985332
1.7206200,6.642713,7.688979,-0.114922,10.161654,90.647995,49.175396
1.7307470,6.720524,7.374141,0.332794,9.982693,88.089569,47.655094
1.7393990,6.757634,7.146692,0.682347,9.859332,86.031487,46.602779
1.7495910,6.776788,7.091625,0.867898,9.847297,84.943634,46.300491
1.7594318,6.733692,7.219715,0.828394,9.907227,85.203606,46.994911
1.7692950,6.636727,7.457938,0.567426,9.999449,86.746964,48.334507
1.7792569,6.458359,7.741651,0.195127,10.083732,88.891220,50.163940
1.7897130,6.257246,7.941567,-0.168791,10.111879,90.956444,51.765045
1.7993500,6.015432,8.033744,-0.488417,10.048135,92.786118,53.175209
1.8093979,5.752069,8.025364,-0.706290,9.899072,94.091476,54.369457
1.8192939,5.535394,7.964312,-0.790087,9.731140,94.657059,55.199741
1.8298090,5.424064,7.923611,-0.757765,9.632149,94.512146,55.606625
1.8393949,5.437232,7.902063,-0.653617,9.614224,93.898224,55.469013
1.8497610,5.505467,7.891289,-0.537498,9.636987,93.197304,55.097912
1.8592930,5.566519,7.866150,-0.409408,9.645209,92.432755,54.714684
1.8694780,5.620389,7.837419,-0.322020,9.649746,91.912361,54.354847
1.8803110,5.766435,7.820660,-0.241814,9.719720,91.425591,53.597404
1.8895289,5.766435,7.820660,-0.241814,9.719720,91.425591,53.597404
1.8995129,5.908890,7.854179,-0.263362,9.832215,91.534889,53.044968
1.9098090,6.265626,8.003817,-0.311246,10.169367,91.753883,51.945103
1.9197170,6.400898,8.003817,-0.288501,10.252601,91.612480,51.349598
1.9303470,6.393716,7.746439,-0.179565,10.045854,91.024193,50.464596
1.9399350,6.330269,7.431602,-0.007183,9.762227,90.042152,49.575504
1.9492679,6.244078,7.179014,0.197522,9.516604,88.810715,48.984287
1.9592899,6.148310,7.079654,0.362722,9.383751,87.784721,49.027390
1.9696480,6.077681,7.153875,0.446519,9.397634,87.276627,49.649940
1.9801880,6.032191,7.303512,0.365116,9.479553,87.792641,50.445671
1.9893329,5.998672,7.466318,0.130484,9.578465,89.219460,51.220520
1.9993709,5.911284,7.606379,-0.107739,9.633892,90.640770,52.147499
2.0098460,5.797559,7.720103,-0.269348,9.658377,91.598045,53.094582
2.0193460,5.759252,7.841011,-0.414197,9.737659,92.437843,53.702576
2.0306759,5.789180,7.949947,-0.512359,9.847780,92.982323,53.937759
2.0394189,5.795165,8.000225,-0.571017,9.895130,93.308197,54.081360
2.0497630,5.786786,7.971495,-0.582988,9.867700,93.387032,54.022797
2.0592740,5.778406,7.891289,-0.502782,9.793631,92.942726,53.786503
2.0695229,5.789180,7.795521,-0.393846,9.718018,92.322685,53.401348
2.0795889,5.814319,7.722497,-0.307655,9.671500,91.822914,53.023670
2.0899849,5.845443,7.673417,-0.233435,9.649095,91.386253,52.700630
2.0993998,5.900510,7.691373,-0.160412,9.695307,90.948021,52.506039
2.1096320,5.987898,7.746439,-0.112527,9.791574,90.658470,52.296436
2.1196039,6.101623,7.803900,-0.089783,9.906499,90.519279,51.979271
2.1297300,6.200983,7.852982,-0.116119,10.006747,90.664879,51.704174
2.1402090,6.253655,7.824251,-0.114922,10.017001,90.657349,51.365860
2.1493120,6.308722,7.765593,-0.086191,10.005590,90.493568,50.909798
2.1596038,6.364985,7.703344,-0.014365,9.992735,90.082367,50.434349
2.1696970,6.392519,7.668628,0.059855,9.983773,89.656494,50.185635
2.1793189,6.347029,7.653066,0.120907,9.943279,89.303284,50.329571
2.1894221,6.264429,7.696161,0.136469,9.924343,89.212105,50.855515
2.1992371,6.198588,7.759608,0.071826,9.931726,89.585632,51.381176
2.2092211,6.126762,7.814674,-0.029928,9.930118,90.172676,51.903294
2.2192388,6.034585,7.849391,-0.159214,9.902247,90.921280,52.447037
2.2293701,5.949591,7.835025,-0.265756,9.841538,91.547379,52.788479
2.2393470,5.926847,7.799112,-0.349553,9.801828,92.043716,52.767395
2.2493310,5.912481,7.754819,-0.338780,9.757532,91.989700,52.677135
2.2592750,5.943606,7.754819,-0.253785,9.773847,91.487892,52.531990
2.2696760,5.997475,7.836222,-0.209493,9.870155,91.216187,52.571259
2.2799339,6.081272,7.926005,-0.233435,9.992893,91.338554,52.502571
2.2905519,6.139930,7.960721,-0.282516,10.057417,91.609665,52.357780
2.2996600,6.126762,7.926005,-0.271742,10.021607,91.553802,52.296158
2.3095329,6.087258,7.867347,-0.240617,9.950264,91.385658,52.269550
2.3192730,6.069301,7.746439,-0.192733,9.842809,91.121986,51.921459
2.3294988,6.076484,7.643489,-0.110133,9.765178,90.646202,51.515713
2.3392370,6.071695,7.631518,-0.016759,9.752222,90.098465,51.493969
2.3493371,6.087258,7.698555,0.005986,9.814403,89.965057,51.666531
2.3594170,6.167464,7.771579,-0.073023,9.921712,90.421700,51.564758
2.3693089,6.210559,7.817069,-0.144849,9.984919,90.831207,51.533314
2.3792210,6.196194,7.809886,-0.202310,9.971363,91.162560,51.572277
2.3900008,6.215348,7.750031,-0.186748,9.936216,91.076920,51.271183
2.4000371,6.296751,7.662642,-0.093374,9.918361,90.539406,50.588459
2.4094698,6.296751,7.662642,-0.028730,9.917963,90.165977,50.588459
2.4202459,6.320693,7.715315,-0.043096,9.973921,90.247566,50.674301
2.4296110,6.306327,7.714118,-0.100556,9.964311,90.578217,50.733841
2.4393148,6.232107,7.675811,-0.143652,9.888269,90.832397,50.926331
2.4495540,6.144719,7.637504,-0.160412,9.803814,90.937523,51.181744
2.4593091,6.070498,7.597999,-0.204704,9.727407,91.205826,51.376537
2.4694221,6.058527,7.602787,-0.237026,9.724419,91.396683,51.449276
2.4796798,6.062119,7.609970,-0.275333,9.733279,91.620987,51.459095
2.4894230,6.063316,7.633912,-0.310049,9.753797,91.821602,51.541267
2.4992950,6.057330,7.655460,-0.385466,9.769642,92.261223,51.647434
2.5094810,6.088455,7.675811,-0.442927,9.807321,92.588524,51.578541
2.5194240,6.123171,7.697359,-0.422577,9.844852,92.460098,51.498104
2.5296798,6.162675,7.705738,-0.329203,9.872454,91.910919,51.348873
2.5393710,6.189012,7.674613,-0.241814,9.862151,91.404999,51.116375
2.5501089,6.202179,7.606379,-0.178368,9.816102,91.041176,50.806477
2.5600419,6.179435,7.556100,-0.154426,9.762373,90.906372,50.723446
2.5695369,6.185420,7.547721,-0.122104,9.759222,90.716888,50.665096
2.5793600,6.191406,7.545327,-0.082600,9.760752,90.484871,50.629013
2.5895858,6.136339,7.601591,-0.061052,9.769471,90.358063,51.088001
2.5992990,6.095637,7.688979,-0.092177,9.812528,90.538231,51.593464
2.6093659,6.110003,7.760805,-0.166397,9.878760,90.965134,51.786999
2.6193650,6.133945,7.803900,-0.216675,9.928398,91.250511,51.832291
2.6292810,6.120777,7.791929,-0.179565,9.910111,91.038223,51.849380
2.6394379,6.112397,7.733272,-0.166397,9.858629,90.967102,51.677071
2.6495819,6.107608,7.653066,-0.147243,9.792547,90.861549,51.408020
2.6592839,6.155493,7.607576,-0.110133,9.786594,90.644791,51.022755
2.6696110,6.232107,7.592013,-0.080206,9.822640,90.467850,50.618225
2.6792328,6.330269,7.617153,-0.108936,9.904806,90.630173,50.271572
2.6896009,6.428432,7.656657,-0.173580,9.998962,90.994690,49.983612
2.6993520,6.466739,7.653066,-0.250194,10.022511,91.430435,49.802635
2.7098229,6.457162,7.614758,-0.301669,9.988518,91.730690,49.702724
2.7193441,6.385336,7.515399,-0.305261,9.866454,91.772972,49.647652
2.7294810,6.330269,7.448361,-0.287304,9.779210,91.683540,49.639206
2.7395670,6.309918,7.402872,-0.277727,9.731121,91.635452,49.557022
2.7497320,6.289568,7.378930,-0.278924,9.699745,91.647820,49.556767
2.7593260,6.252458,7.401675,-0.310049,9.694027,91.832832,49.811031
2.7697201,6.238092,7.430405,-0.343568,9.707871,92.028160,49.985332
2.7792559,6.216545,7.463924,-0.354342,9.720141,92.089149,50.209797
2.7892978,6.189012,7.529764,-0.368707,9.753828,92.166367,50.581860
2.7994750,6.169858,7.611167,-0.367510,9.804697,92.148125,50.970657
2.8094499,6.172252,7.694964,-0.393846,9.872400,92.286346,51.266354
2.8194611,6.181829,7.738060,-0.397437,9.912141,92.297951,51.379128
2.8302920,6.197391,7.747637,-0.386664,9.928899,92.231850,51.343433
2.8396659,6.208165,7.724892,-0.387861,9.917949,92.241234,51.212650
2.8496408,6.222530,7.668628,-0.368707,9.882494,92.138153,50.943199
2.8594108,6.223727,7.605182,-0.301669,9.831814,91.758278,50.704700
2.8693750,6.233304,7.551312,-0.220267,9.794126,91.288673,50.461700
2.8794949,6.258443,7.532158,-0.193930,9.794852,91.134483,50.276928
2.8892648,6.300342,7.541735,-0.208296,9.829316,91.214264,50.124725
2.8994138,6.330269,7.590816,-0.248997,9.887103,91.443092,50.173992
2.9094720,6.359000,7.609970,-0.284910,9.921174,91.645607,50.117390
2.9193001,6.302736,7.570466,-0.345962,9.856780,92.011429,50.221172
2.9294138,6.230910,7.539341,-0.328006,9.786393,91.920715,50.427872
2.9409199,6.217742,7.536947,-0.341174,9.776619,91.999855,50.478451
2.9495628,6.234501,7.544129,-0.371101,9.793907,92.171516,50.429527
2.9593511,6.251261,7.550115,-0.389058,9.809886,92.272934,50.376297
2.9695930,6.269217,7.553706,-0.393846,9.824290,92.297546,50.308941
2.9792719,6.290765,7.550115,-0.336385,9.833163,91.960426,50.198898
2.9901779,6.317101,7.577648,-0.322020,9.870675,91.869545,50.183746
2.9992478,6.330269,7.620744,-0.304064,9.911635,91.757965,50.284843
3.0098350,6.351817,7.687782,-0.293290,9.976652,91.684601,50.435722
3.0192010,6.414066,7.717709,-0.322020,10.040268,91.837952,50.270561
3.0293801,6.418855,7.709330,-0.349553,10.037810,91.995651,50.218941
3.0394750,6.380548,7.667431,-0.317232,9.980057,91.821541,50.234047
3.0493648,6.366182,7.626729,-0.295684,9.938949,91.704803,50.147579
3.0592818,6.350620,7.599196,-0.280122,9.907402,91.620193,50.114620
3.0702121,6.312313,7.572860,-0.264559,9.862226,91.537170,50.187302
3.0792999,6.287174,7.565677,-0.283713,9.841164,91.652023,50.272987
3.0896080,6.288371,7.589619,-0.318429,9.861405,91.850426,50.356590
3.0993919,6.290765,7.600393,-0.351948,9.872364,92.043015,50.385803
3.1091409,6.288371,7.609970,-0.349553,9.878129,92.027924,50.431950
3.1193249,6.274005,7.642292,-0.331597,9.893317,91.920761,50.615421
3.1294100,6.262034,7.677008,-0.338780,9.912834,91.958511,50.796326
3.1391847,6.238092,7.692570,-0.363919,9.910695,92.104362,50.960560
3.1491849,6.194997,7.674613,-0.363919,9.869657,92.113113,51.089310
3.1591270,6.135142,7.649475,-0.344765,9.811895,92.013641,51.269188
3.1698439,6.107608,7.626729,-0.351948,9.777205,92.062904,51.311687
3.1791830,6.093243,7.623138,-0.365116,9.765919,92.142601,51.364342
3.1893859,6.083666,7.629124,-0.368707,9.764756,92.163940,51.430210
3.1997750,6.086061,7.657854,-0.373495,9.788890,92.186653,51.524166
3.2096598,6.082469,7.681796,-0.383072,9.805772,92.238884,51.627712
3.2199941,6.080075,7.682993,-0.347159,9.803888,92.029289,51.643036
3.2296288,6.058527,7.665037,-0.322020,9.775594,91.887733,51.676777
3.2392750,6.011840,7.633912,-0.313640,9.721996,91.848732,51.778946
3.2492530,6.019023,7.621941,-0.326809,9.717481,91.927277,51.701962
3.2593789,6.060922,7.657854,-0.311246,9.771099,91.825394,51.639629
3.2693450,6.106411,7.751228,-0.313640,9.872597,91.820526,51.768986
3.2792330,6.156690,7.832631,-0.381875,9.969993,92.195107,51.831558
3.2897930,6.203377,7.874529,-0.463278,10.035174,92.646027,51.769756
3.3005049,6.216545,7.811083,-0.480037,9.994443,92.752998,51.485050
3.3100448,6.179435,7.745243,-0.451307,9.918562,92.607933,51.415871
3.3193400,6.160281,7.662642,-0.402226,9.840068,92.342697,51.202915
3.3295720,6.163872,7.611167,-0.350751,9.800317,92.051041,50.997864
3.3394401,6.175843,7.583634,-0.293290,9.784609,91.717674,50.841846
3.3493891,6.169858,7.564480,-0.252588,9.764852,91.482239,50.798096
3.3598950,6.215348,7.580042,-0.262165,9.805933,91.532005,50.649544
3.3696797,6.254852,7.614758,-0.270545,9.858038,91.572624,50.599915
3.3799510,6.250063,7.663840,-0.259771,9.892685,91.504700,50.801849
3.3896539,6.254852,7.710526,-0.356736,9.934921,92.057777,50.950710
3.3995309,6.262034,7.738060,-0.356736,9.960818,92.052429,51.018444
3.4096019,6.123171,7.705738,-0.337582,9.848125,91.964417,51.528473
3.4195650,6.099229,7.688979,-0.324414,9.819686,91.893234,51.577034
3.4295919,6.090849,7.686584,-0.323217,9.812568,91.887611,51.606697
3.4404380,6.096835,7.716512,-0.338780,9.840261,91.972961,51.687653
3.4498360,6.121974,7.769185,-0.344765,9.897356,91.996246,51.762547
3.4593060,6.127959,7.784747,-0.363919,9.913960,92.103668,51.791058
3.4693968,6.145916,7.758410,-0.380678,9.905055,92.202576,51.615082
3.4793999,6.127959,7.688979,-0.343568,9.838207,92.001282,51.445869
3.4900148,6.126762,7.643489,-0.302867,9.800606,91.770882,51.285519
3.4995089,6.129156,7.615956,-0.275333,9.779834,91.613274,51.173645
3.5097001,6.159084,7.621941,-0.277727,9.803338,91.623398,51.059261
3.5194130,6.166266,7.631518,-0.275333,9.815228,91.607452,51.061790
3.5303810,6.156690,7.643489,-0.275333,9.818531,91.606911,51.149197
3.5394249,6.150704,7.660248,-0.310049,9.828871,91.807678,51.237694
3.5504518,6.136339,7.677008,-0.335188,9.833792,91.953323,51.364166
3.5603518,6.099229,7.674613,-0.345962,9.809178,92.021194,51.524857
3.5694349,6.052542,7.671022,-0.336385,9.777064,91.971680,51.726078
3.5795329,6.019023,7.665037,-0.369904,9.752859,92.173622,51.858982
3.5894778,6.002264,7.667431,-0.361524,9.744094,92.126274,51.945240
3.5996201,6.016629,7.688979,-0.369904,9.770212,92.169762,51.956806
3.6100059,6.045359,7.734468,-0.377087,9.823979,92.199799,51.988365
3.6192110,6.106411,7.759608,-0.395043,9.882096,92.291046,51.799076
3.6302919,6.147113,7.748834,-0.359130,9.897494,92.079430,51.575199
3.6392429,6.121974,7.703344,-0.332794,9.845345,91.937088,51.525261
3.6504118,6.114791,7.666234,-0.325611,9.811618,91.901787,51.423210
3.6595020,6.147113,7.650671,-0.307655,9.819084,91.795502,51.219040
3.6696460,6.149507,7.663840,-0.293290,9.830406,91.709671,51.256248
3.6793311,6.194997,7.706935,-0.319626,9.893280,91.851395,51.206947
3.6898508,6.242881,7.729680,-0.380678,9.943160,92.194130,51.073902
3.6994998,6.282385,7.709330,-0.399832,9.952990,92.302307,50.823174
3.7101910,6.251261,7.648277,-0.357933,9.884459,92.075233,50.739418
3.7194858,6.233304,7.607576,-0.288501,9.839335,91.680222,50.670357
3.7295301,6.218939,7.596802,-0.253785,9.820948,91.480759,50.695354
3.7399280,6.203377,7.619547,-0.263362,9.828975,91.535393,50.849590
3.7498779,6.235698,7.667431,-0.299275,9.887517,91.734489,50.879547
3.7600369,6.256049,7.717709,-0.332794,9.940419,91.918556,50.971443
3.7699559,6.250063,7.756016,-0.385466,9.968333,92.216125,51.136944
3.7794030,6.233304,7.776367,-0.415394,9.974895,92.386711,51.285378
3.7898810,6.215348,7.767987,-0.428562,9.957702,92.466675,51.335884
3.7992799,6.194997,7.712921,-0.420182,9.901701,92.432098,51.228664
3.8094230,6.144719,7.626729,-0.395043,9.802073,92.309761,51.142231
3.8193977,6.089652,7.548918,-0.361524,9.705706,92.134682,51.107155
3.8297029,6.090849,7.515399,-0.323217,9.679056,91.913658,50.976990
3.8395288,6.119579,7.540538,-0.313640,9.716344,91.849808,50.938690
3.8492877,6.157887,7.629124,-0.330400,9.809804,91.930122,51.091087
3.8595119,6.200983,7.705738,-0.399832,9.899013,92.314865,51.175579
3.8695168,6.205771,7.757214,-0.454898,9.944490,92.621841,51.340191
3.8798897,6.149507,7.802703,-0.422577,9.943701,92.435631,51.757465
3.8895059,6.132748,7.789535,-0.405817,9.922305,92.344025,51.786427
3.8994250,6.124368,7.744045,-0.333991,9.878748,91.937485,51.661339
3.9096098,6.087258,7.609970,-0.331597,9.750709,91.948860,51.343487
3.9193997,6.093243,7.595605,-0.345962,9.743743,92.034775,51.263187
3.9296119,6.110003,7.626729,-0.345962,9.778487,92.027542,51.300732
3.9400167,6.111200,7.684190,-0.378284,9.825306,92.206490,51.504936
3.9508688,6.119579,7.763199,-0.407014,9.893541,92.357780,51.751972
3.9597559,6.144719,7.836222,-0.481235,9.969731,92.766716,51.898479
3.9698479,6.168661,7.826645,-0.520739,9.978974,92.991257,51.756180
3.9793887,6.114791,7.744045,-0.463278,9.878033,92.688148,51.704956
3.9905288,6.082469,7.650671,-0.383072,9.781408,92.244469,51.514450
3.9993498,6.071695,7.586028,-0.293290,9.721076,91.728905,51.326965
4.0102067,6.076484,7.584831,-0.246603,9.721837,91.453514,51.300514
4.0195160,6.112397,7.638700,-0.240617,9.786165,91.408905,51.333622
4.0301538,6.153099,7.688979,-0.301669,9.852513,91.754585,51.331486
4.0402617,6.167464,7.739257,-0.359130,9.902660,92.078346,51.448433
4.0493340,6.178237,7.791929,-0.424971,9.953159,92.447105,51.589027
4.0595469,6.174646,7.802703,-0.440533,9.960046,92.535019,51.643772
4.0701017,6.125565,7.781156,-0.399832,9.911044,92.312057,51.789093
4.0795178,6.087258,7.736863,-0.361524,9.851114,92.103165,51.804817
4.0894527,6.083666,7.733272,-0.337582,9.845224,91.964996,51.808319
4.1000748,6.056133,7.730877,-0.323217,9.825868,91.885056,51.925934
4.1093178,6.023811,7.752425,-0.329203,9.823175,91.920502,52.151978
4.1198630,6.008249,7.738060,-0.342371,9.802747,92.001518,52.172298
4.1301079,6.047753,7.741651,-0.343568,9.829879,92.002975,52.003159
4.1394291,6.095637,7.732074,-0.349553,9.852104,92.033287,51.749264
4.1498337,6.087258,7.736863,-0.344765,9.850513,92.005745,51.804817
4.1592751,6.119579,7.751228,-0.347159,9.881867,92.013268,51.708977
4.1692839,6.153099,7.757214,-0.328006,9.906693,91.897385,51.578201
4.1793160,6.143522,7.754819,-0.319626,9.898598,91.850403,51.613037
4.1894040,6.102820,7.746439,-0.348356,9.867781,92.023102,51.768162
4.1997967,6.060922,7.714118,-0.383072,9.817797,92.236145,51.843559
4.2092428,6.025009,7.687782,-0.385466,9.775035,92.259972,51.913769
4.2193899,6.014235,7.671022,-0.380678,9.755025,92.236465,51.902847
4.2301898,6.052542,7.702147,-0.367510,9.802622,92.148582,51.838840
4.2395797,6.086061,7.718906,-0.389058,9.837328,92.266586,51.745583
4.2503777,6.121974,7.764396,-0.452504,9.897937,92.620308,51.745373
4.2595611,6.131551,7.794323,-0.492008,9.929223,92.840256,51.808975
4.2697511,6.135142,7.795521,-0.499191,9.932739,92.880737,51.796951
4.2794318,6.107608,7.753622,-0.472855,9.881556,92.742783,51.772129
4.2899609,6.112397,7.724892,-0.436942,9.860337,92.539787,51.646847
4.3005819,6.118382,7.700950,-0.389058,9.843302,92.265213,51.532959
4.3096290,6.127959,7.685388,-0.356736,9.835869,92.078514,51.432823
4.3194690,6.139930,7.685388,-0.361524,9.843507,92.104790,51.378304
4.3297381,6.136339,7.682993,-0.417788,9.841625,92.432999,51.385944
4.3393111,6.098032,7.693767,-0.428562,9.826683,92.499580,51.599876
4.3497400,6.070498,7.714118,-0.420182,9.825229,92.451042,51.799606
4.3593569,6.084864,7.709330,-0.430956,9.830821,92.512497,51.716473
4.3702049,6.087258,7.711724,-0.391452,9.832529,92.281662,51.714165
4.3800068,6.084864,7.736863,-0.418985,9.851912,92.437431,51.815769
4.3894558,6.084864,7.775170,-0.418985,9.882024,92.430000,51.953194
4.4009700,6.088455,7.788338,-0.454898,9.896182,92.634644,51.983841
4.4093556,6.063316,7.750031,-0.454898,9.850569,92.646858,51.961788
4.4200668,6.042965,7.718906,-0.466869,9.814117,92.726662,51.943378
4.4292889,6.062119,7.692570,-0.463278,9.805078,92.708168,51.760174
4.4396567,6.083666,7.715315,-0.427365,9.834619,92.490585,51.743576
4.4496851,6.108806,7.720103,-0.366313,9.851481,92.130951,51.645943
4.4593177,6.141128,7.733272,-0.351948,9.881336,92.041161,51.546291
4.4700546,6.168661,7.734468,-0.375890,9.900287,92.175903,51.425728
4.4794650,6.220136,7.734468,-0.306458,9.930057,91.768524,51.193417
4.4894028,6.324284,7.672219,0.008380,9.942816,89.951714,50.500916
4.4999890,6.197391,7.569269,-0.301669,9.787363,91.766266,50.690861
4.5096359,6.121974,7.574057,-0.386664,9.746508,92.273636,51.052017
4.5194879,6.077681,7.711724,-0.331597,9.824401,91.934235,51.758030
4.5297008,6.063316,7.814674,-0.543484,9.905973,93.145073,52.192528
4.5393529,5.972336,7.839813,-0.673968,9.878548,93.912064,52.700005
4.5494137,5.866991,7.839813,-0.724246,9.818798,94.230049,53.190342
4.5594888,6.048951,7.866150,-0.729034,9.949755,94.201920,52.440258
4.5700111,6.675035,8.572439,-0.500388,10.876267,92.636955,52.093456
4.5794110,6.239290,8.242040,-0.345962,10.343097,91.916824,52.873989
4.5903678,5.692214,7.271191,-0.282516,9.238579,91.752380,51.944565
4.5997491,5.567716,6.719327,-0.025139,8.726365,90.165062,50.354439
4.6094098,5.875371,6.977901,0.254982,9.125574,88.398857,49.902725
4.6193519,6.119579,7.382521,0.175974,9.590716,88.948662,50.343712
4.6306906,6.294356,7.723695,-0.130484,9.964508,90.750305,50.821991
4.6393957,6.430826,7.930793,-0.452504,10.220458,92.537560,50.962513
4.6495686,6.531382,8.093599,-0.588974,10.416919,93.241241,51.097122
4.6594210,6.590040,8.353370,-0.654814,10.660028,93.521729,51.729809
4.6694293,6.420052,8.451532,-0.688333,10.635754,93.710709,52.778542
4.6795268,6.150704,8.408437,-0.720655,10.442812,93.957108,53.814827
4.6898737,5.884948,8.256405,-0.933739,10.181979,95.261703,54.519730
4.6994371,5.505467,8.027759,-0.493206,9.746708,92.900536,55.557526
4.7101126,5.329493,7.623138,-0.563834,9.318457,93.468933,55.041809
4.7194138,5.351041,7.402872,-0.396240,9.142929,92.483887,54.139351
4.7297845,5.588067,7.486669,-0.260968,9.345844,91.600105,53.262257
4.7392406,5.783194,7.533356,-0.093374,9.497658,90.563301,52.487331
4.7493939,5.930438,7.493851,-0.034716,9.556626,90.208138,51.642834
4.7598867,5.946000,7.442376,0.026336,9.525994,89.841599,51.377300
4.7696400,5.831078,7.111976,-0.058658,9.197017,90.365433,50.651825
4.7804208,5.911284,6.812701,-0.067038,9.020015,90.425835,49.052288
4.7902951,6.294356,7.129933,-0.135272,9.511738,90.814865,48.561703
4.8002009,6.558916,7.930793,-0.118513,10.292274,90.659760,50.408607
4.8098559,6.422446,8.400057,-0.368707,10.580393,91.997055,52.599491
4.8193417,6.157887,8.446744,-0.623690,10.471678,93.414536,53.907017
4.8300691,5.961562,8.245630,-0.763750,10.203625,94.292656,54.133202
4.8395400,5.871779,8.019379,-0.736217,9.966455,94.236267,53.788456
4.8498578,5.847837,7.817069,-0.664391,9.784946,93.893341,53.200359
4.8594851,5.889736,7.709330,-0.538695,9.716633,93.178139,52.621071
4.8694525,5.938818,7.650671,-0.392649,9.693116,92.321571,52.179672
4.8792868,5.999869,7.608773,-0.290895,9.694146,91.719551,51.742588
4.8923740,6.149507,7.649475,-0.238223,9.817721,91.390396,51.203770
4.9093657,6.283582,7.824251,-0.260968,10.038447,91.489677,51.232380
4.9191937,6.254852,7.790732,-0.281319,9.994889,91.612877,51.240482
4.9294009,6.268020,7.688979,-0.268151,9.923728,91.548386,50.813240
4.9393449,6.302736,7.545327,-0.196325,9.833361,91.143997,50.127438
4.9502435,6.321889,7.468712,-0.134075,9.786007,90.785019,49.753765
4.9595656,6.350620,7.538144,-0.142455,9.857702,90.828018,49.887047
4.9695697,6.332664,7.739257,-0.226252,10.002495,91.296120,50.708179
4.9798837,6.230910,7.862558,-0.367510,10.038880,92.097992,51.603924
4.9893808,6.144719,7.879318,-0.487220,10.003929,92.791573,52.050964
4.9993439,6.147113,7.855376,-0.559046,9.990318,93.207878,51.955547
5.0097737,6.165070,7.801506,-0.610521,9.962144,93.513527,51.682762
5.0199866,6.142324,7.767987,-0.638055,9.923553,93.686493,51.665775
5.0303459,6.102820,7.711724,-0.642843,9.855371,93.739929,51.642998
5.0400777,6.098032,7.709330,-0.604536,9.848107,93.519371,51.656223
5.0492902,6.056133,7.710526,-0.555455,9.820260,93.242500,51.852592
5.0595169,6.017826,7.657854,-0.509965,9.752796,92.997314,51.838421
5.0701237,6.045359,7.643489,-0.430956,9.754744,92.532104,51.658958
5.0796399,6.098032,7.653066,-0.355539,9.791926,92.080833,51.451847
5.0897899,6.165070,7.680599,-0.302867,9.853498,91.761375,51.246655
5.1003413,6.185420,7.715315,-0.319626,9.893820,91.851295,51.280613
5.1095009,6.191406,7.785944,-0.356736,9.953979,92.053841,51.508175
5.1193285,6.187814,7.835025,-0.383072,9.991166,92.197319,51.699619
5.1302986,6.153099,7.674613,-0.392649,9.844516,92.285851,51.279209
5.1394296,6.216545,7.521385,-0.299275,9.762491,91.756714,50.425724
5.1496778,6.351817,7.544129,-0.142455,9.863050,90.827568,49.904129
5.1592588,6.477513,7.823054,-0.044293,10.156786,90.249863,50.375137
5.1692505,6.403293,7.934384,-0.168791,10.197309,90.948433,51.095402
5.1793218,6.212954,7.842207,-0.316035,10.010039,91.809227,51.612133
5.1892509,6.041768,7.722497,-0.433351,9.814669,92.530624,51.961819
5.1992469,5.979519,7.706935,-0.483629,9.766545,92.838387,52.193470
5.2094655,5.954380,7.688979,-0.480037,9.736810,92.825905,52.245640
5.2195807,5.966351,7.675811,-0.446519,9.732152,92.629700,52.142342
5.2299266,6.015432,7.685388,-0.353145,9.766028,92.072296,51.949348
5.2394247,6.077681,7.691373,-0.278924,9.806794,91.629822,51.684402
5.2497129,6.133945,7.691373,-0.229843,9.840494,91.338371,51.427299
5.2600508,6.175843,7.688979,-0.214281,9.864449,91.244705,51.228317
5.2695365,6.185420,7.678205,-0.215478,9.862083,91.251961,51.145725
5.2794499,6.163872,7.641095,-0.254982,9.820624,91.487793,51.107784
5.2892938,6.142324,7.684190,-0.288501,9.841655,91.679825,51.363056
5.2992439,6.156690,7.745243,-0.342371,9.900042,91.981842,51.518829
5.3091221,6.179435,7.763199,-0.428562,9.931582,92.473160,51.480534
5.3191519,6.185420,7.738060,-0.466869,9.917407,92.698242,51.362900
5.3294301,6.155493,7.702147,-0.441730,9.869563,92.565231,51.368439
5.3393250,6.113594,7.687782,-0.366313,9.829151,92.135796,51.507050
5.3492961,6.099229,7.641095,-0.290895,9.781183,91.704247,51.402641
5.3597722,6.084864,7.614758,-0.217872,9.749748,91.280464,51.372063
5.3694868,6.072893,7.602787,-0.156820,9.731751,90.923317,51.383125
5.3793917,6.048951,7.563283,-0.183156,9.686414,91.083450,51.347935
5.3894095,6.089652,7.550115,-0.252588,9.703191,91.491661,51.111599
5.3994627,6.277597,7.726089,-0.136469,9.955868,90.785400,50.905476
5.4093637,6.333860,7.764396,-0.122104,10.020905,90.698166,50.793915
5.4199982,6.359000,7.766790,-0.110133,10.038527,90.628609,50.691364
5.4303198,6.313510,7.783550,-0.101754,10.022695,90.581696,50.953281
5.4394479,6.223727,7.781156,-0.165200,9.965363,90.949860,51.345566
5.4496398,6.135142,7.753622,-0.268151,9.890932,91.553520,51.646793
5.4596629,6.042965,7.722497,-0.407014,9.814278,92.376831,51.956310
5.4694490,6.004658,7.690176,-0.454898,9.767377,92.669418,52.016502
5.4797816,6.017826,7.638700,-0.288501,9.728680,91.699341,51.768692
5.4901257,6.050148,7.674613,-0.017957,9.772631,90.105278,51.750137
5.4998012,6.076484,7.814674,0.095768,9.899593,89.445717,52.132309
5.5099392,6.141128,7.751228,0.100556,9.889646,89.417412,51.610989
