Keuwl Accelerometer Data File
2019-06-26 17-30-52

Time (s), X (m/s2), Y (m/s2), Z (m/s2), R (m/s2), Theta (deg), Phi (deg)
0.0000000,6.669049,6.271611,-2.852691,9.588908,107.307457,43.240868
0.0093640,7.132327,6.884527,-3.471592,10.503274,109.300629,43.987190
0.0194270,7.588422,7.322666,-3.794810,11.207416,109.791489,43.978939
0.0293490,8.036138,7.870938,-3.829526,11.882611,108.800858,44.404991
0.0393620,8.271967,8.147469,-2.701857,11.920852,103.099899,44.565571
0.0493950,8.537724,7.589619,-1.702277,11.549580,98.475624,41.635532
0.0595940,8.140285,6.749255,-0.663194,10.595118,93.588737,39.662727
0.0696350,7.285556,5.754464,0.092177,9.284486,89.431152,38.303284
0.0795800,6.550536,5.443218,-0.083797,8.517344,90.563705,39.725147
0.0894150,6.323087,5.572505,-0.666785,8.454515,94.523460,41.389565
0.0995500,6.578069,5.959168,-1.124078,8.946856,97.217682,42.173885
0.1096010,6.989872,6.259640,-1.238999,9.464487,97.522202,41.845402
0.1205980,7.264008,5.748478,-0.896629,9.306705,95.528580,38.356842
0.1294490,7.062895,6.394913,-0.864307,9.566944,95.183342,42.158440
0.1397550,6.708553,6.545747,-1.623269,9.512439,99.825439,44.296257
0.1495590,6.888118,6.732495,-2.469619,9.943424,104.380905,44.345394
0.1598570,6.807912,6.843825,-2.574964,9.990799,104.935623,45.150723
0.1694990,6.566098,8.467094,-1.892616,10.880594,100.017220,52.206989
0.1795660,7.265205,9.379285,-3.055001,12.251009,104.440079,52.238598
0.1893310,6.552930,7.805098,-4.270059,11.049608,112.733437,49.984173
0.1993970,5.817910,6.464345,-4.145560,9.634392,115.485817,48.012787
0.2093930,5.285200,5.762844,-2.861071,8.326430,110.097160,47.475544
0.2194760,5.176264,5.516241,-1.826776,7.782013,103.576492,46.821152
0.2294730,5.717354,5.645528,-1.377863,8.152216,99.730667,44.637833
0.2394660,6.593631,6.002264,-1.380257,9.022653,98.799484,42.311981
0.2494790,7.310695,6.449979,-1.502362,9.864359,98.760353,41.420876
0.2596580,7.583634,6.830657,-1.528698,10.320189,98.518394,42.009689
0.2696660,7.513005,6.998251,-1.571793,10.387074,98.703552,42.968414
0.2797000,7.359776,6.941988,-1.662773,10.252917,99.333199,43.326733
0.2898230,7.254431,6.813898,-1.750161,10.105397,99.973389,43.206436
0.2998560,7.213730,6.726510,-1.768118,10.020483,100.163071,42.998291
0.3098490,7.256825,6.706159,-1.719037,10.029415,99.869202,42.741562
0.3196620,7.356185,6.766014,-1.704672,10.138950,99.679169,42.606983
0.3296990,7.457938,6.822278,-1.736993,10.255801,99.751015,42.451256
0.3397510,7.456741,6.788759,-1.804031,10.244255,100.142776,42.315323
0.3496790,7.325060,6.696582,-1.860295,10.097594,100.616325,42.433609
0.3597070,7.137115,6.607996,-1.908179,9.911871,101.099564,42.795483
0.3695230,6.981492,6.550536,-1.983596,9.776779,101.705925,43.175911
0.3796460,6.877345,6.542156,-2.082955,9.717838,102.377014,43.569180
0.3901680,6.847417,6.602011,-2.212242,9.765638,103.093056,43.954666
0.4001240,6.853402,6.659472,-2.282871,9.824927,103.435760,44.177776
0.4105320,6.840234,6.698977,-2.268506,9.839269,103.329826,44.402241
0.4204360,6.828263,6.708553,-2.220622,9.826547,103.060623,44.493332
0.4294760,6.845023,6.688202,-2.146402,9.807825,102.641251,44.336098
0.4400340,6.891710,6.664260,-2.026692,9.798750,101.936745,44.038750
0.4499550,6.953959,6.641516,-1.904588,9.802792,101.203270,43.683495
0.4601630,7.028179,6.676231,-1.812411,9.861653,100.590225,43.528889
0.4695330,7.100005,6.720524,-1.796848,9.940029,100.414551,43.427181
0.4796730,7.127539,6.731298,-1.856703,9.977952,100.724144,43.362293
0.4895180,7.096414,6.722919,-1.877054,9.953897,100.869621,43.451843
0.4996250,7.048530,6.714539,-1.841141,9.907401,100.709816,43.609863
0.5094650,7.019799,6.716933,-1.766921,9.875058,100.307304,43.736954
0.5196140,7.022193,6.764817,-1.671153,9.892760,99.725433,43.930523
0.5294890,7.074866,6.807912,-1.720234,9.967978,99.937630,43.898388
0.5397360,7.188591,6.903681,-1.792060,10.126604,100.193062,43.841785
0.5497350,7.137115,6.880936,-1.923741,10.098835,100.981461,43.953037
0.5603050,7.052121,6.787562,-2.035071,9.997246,101.745399,43.904869
0.5694350,6.914454,6.737284,-1.999158,9.858870,101.699432,44.256462
0.5797750,6.806715,6.708553,-1.865083,9.737279,101.042702,44.583866
0.5895680,6.845023,6.709750,-1.721431,9.738502,100.181412,44.428226
0.5994110,6.982689,6.716933,-1.650802,9.828545,99.669228,43.888668
0.6096500,7.117962,6.683414,-1.635240,9.899870,99.507568,43.196590
0.6199020,7.231686,6.679823,-1.618480,9.976812,99.336021,42.728294
0.6295580,7.229292,6.681020,-1.618480,9.975879,99.336899,42.742867
0.6395460,7.199365,6.627151,-1.649605,9.923265,99.569054,42.630150
0.6494460,7.156269,6.629545,-1.646014,9.893048,99.577461,42.811924
0.6594040,7.141904,6.619968,-1.672350,9.880664,99.744492,42.828030
0.6693560,7.183802,6.599617,-1.764527,9.913401,100.252945,42.573074
0.6794810,7.205350,6.599617,-1.788469,9.933310,100.372536,42.487595
0.6893330,7.217321,6.613982,-1.774103,9.948966,100.271942,42.502270
0.6995429,7.186196,6.546945,-1.821988,9.890578,100.615334,42.334911
0.7093440,7.123947,6.427235,-1.892616,9.779671,101.158607,42.056820
0.7209520,7.006631,6.362591,-1.906982,9.654637,101.391960,42.242001
0.7296250,6.974309,6.313510,-2.023100,9.622595,102.136696,42.153042
0.7404670,6.836643,6.307524,-1.884237,9.490780,101.451210,42.694801
0.7495120,6.874950,6.372168,-1.920150,9.568513,101.576363,42.826431
0.7597640,6.974309,6.458359,-1.885434,9.690524,101.219292,42.800346
0.7696050,7.018602,6.527791,-1.790863,9.750898,100.583092,42.924973
0.7797379,7.001843,6.585252,-1.692701,9.759948,99.987503,43.243816
0.7897130,7.041347,6.642713,-1.714248,9.830811,100.042297,43.331371
0.7995660,7.000646,6.634333,-1.625663,9.780910,99.567406,43.461082
0.8096039,6.987478,6.602011,-1.605312,9.746201,99.480484,43.375237
0.8195909,6.977901,6.573281,-1.577779,9.715375,99.346237,43.289734
0.8296060,7.028179,6.568492,-1.538275,9.742005,99.085098,43.063637
0.8397740,7.107188,6.596025,-1.527501,9.815952,98.952415,42.863724
0.8500670,7.159860,6.596025,-1.499967,9.849926,98.759201,42.652840
0.8605880,7.219715,6.566098,-1.489193,9.871962,98.676239,42.285507
0.8696250,7.234080,6.506243,-1.376666,9.826409,98.053551,41.967827
0.8797510,7.236475,6.497863,-1.164779,9.795177,96.829407,41.921688
0.8894660,7.274782,6.582858,-1.028310,9.864779,95.983414,42.141544
0.8995650,7.320271,6.709750,-0.999579,9.980295,95.748116,42.508327
0.9103140,7.362170,6.794744,-1.022324,10.070514,95.826508,42.704746
0.9195470,7.375339,6.840234,-1.043872,10.113065,95.924629,42.844284
0.9295950,7.349002,6.817489,-1.028310,10.076875,95.857025,42.851326
0.9397359,7.279570,6.764817,-0.984017,9.986149,95.654999,42.900940
0.9495810,7.195773,6.737284,-0.821211,9.891640,94.762222,43.115273
0.9598069,7.150283,6.782773,-0.826000,9.890139,94.790779,43.489071
0.9694460,7.150283,6.807912,-0.907402,9.914515,95.251205,43.594913
0.9796750,7.176620,6.769605,-1.029507,9.919239,95.957390,43.328323
0.9895420,7.198167,6.755240,-1.119289,9.934772,96.468895,43.181854
0.9997280,7.171831,6.762423,-1.167173,9.926118,96.752808,43.317051
1.0100789,7.145495,6.730101,-1.266533,9.897296,97.352158,43.285248
1.0196420,7.138312,6.654684,-1.227028,9.835950,97.166283,42.991840
1.0296710,7.126341,6.584054,-1.183933,9.774262,96.957184,42.734962
1.0395770,7.138312,6.458359,-1.126472,9.691999,96.674400,42.137093
1.0496540,7.213730,6.373365,-1.004368,9.678143,95.956703,41.460751
1.0597010,7.328651,6.344635,-0.958878,9.740788,95.649315,40.883728
1.0696020,7.447165,6.315904,-1.004368,9.816296,95.872574,40.301117
1.0794901,7.475895,6.357802,-1.088165,9.873943,96.327171,40.379181
1.0894929,7.433996,6.393716,-1.297657,9.890795,97.538857,40.697655
1.0995280,7.253234,6.355408,-1.381454,9.742126,98.152138,41.225399
1.1094500,7.111976,6.301539,-1.403002,9.605103,98.399155,41.542423
1.1198250,7.109582,6.222530,-1.310825,9.538569,97.898796,41.193439
1.1299289,7.190985,6.235698,-1.149217,9.587226,96.884575,40.930355
1.1394659,7.329848,6.291962,-1.029507,9.714697,96.083298,40.642883
1.1495100,7.468712,6.293159,-0.990002,9.816599,95.788109,40.117588
1.1596220,7.497443,6.275203,-0.991199,9.827120,95.788910,39.928627
1.1696290,7.456741,6.275203,-1.015141,9.798554,95.946579,40.082207
1.1795850,7.438785,6.299145,-1.076194,9.806780,96.300316,40.257847
1.1894859,7.493851,6.375759,-1.076194,9.897793,96.242149,40.391094
1.1994630,7.523779,6.443994,-1.012747,9.957809,95.837296,40.579517
1.2094090,7.513005,6.463148,-0.908600,9.952039,95.238274,40.704136
1.2197660,7.530962,6.455965,-0.864307,9.957002,94.979767,40.605045
1.2296270,7.569269,6.411672,-0.798466,9.951930,94.601921,40.266811
1.2396369,7.556100,6.349423,-0.749385,9.898050,94.342041,40.040478
1.2497039,7.535750,6.338649,-0.773327,9.877450,94.490410,40.068657
1.2596490,7.468712,6.308722,-0.800860,9.809333,94.682991,40.187332
1.2696270,7.372944,6.293159,-0.857124,9.731332,95.053093,40.482334
1.2795970,7.286753,6.272809,-0.900220,9.656878,95.348915,40.723549
1.2900699,7.242460,6.234501,-0.894234,9.598015,95.345924,40.722740
1.2996309,7.230489,6.228516,-0.824802,9.578867,94.939651,40.742393
1.3106890,7.212533,6.233304,-0.857124,9.571279,95.137817,40.834637
1.3196800,7.250840,6.245275,-0.909797,9.612797,95.430847,40.738895
1.3301049,7.291541,6.271611,-0.952892,9.664765,95.658241,40.699532
1.3396950,7.317877,6.347029,-0.940921,9.732493,95.547928,40.936142
1.3496039,7.366959,6.490681,-0.966060,9.865814,95.619408,41.381760
1.3595750,7.400477,6.512228,-1.010353,9.909440,95.851967,41.346943
1.3694799,7.344213,6.445191,-0.859518,9.809012,95.027008,41.269787
1.3795819,7.305906,6.446388,-0.713472,9.769403,94.188110,41.423668
1.3894670,7.366959,6.382942,-0.665588,9.770211,93.906258,40.906582
1.3995609,7.449559,6.349423,-0.578200,9.805376,93.380554,40.441685
1.4095509,7.510611,6.442797,-0.469264,9.906518,92.715073,40.623848
1.4197600,7.589619,6.574478,-0.524330,10.054899,92.989143,40.900620
1.4296409,7.643489,6.681020,-0.639252,10.171902,93.603119,41.156052
1.4396619,7.650671,6.678626,-0.693121,10.179255,93.904381,41.119213
1.4495770,7.526173,6.554127,-0.611719,9.998703,93.507530,41.050800
1.4597059,7.417237,6.417658,-0.537498,9.822965,93.136711,40.867527
1.4697219,7.339425,6.320693,-0.506374,9.699213,92.992645,40.734940
1.4796660,7.268796,6.338649,-0.511162,9.657907,93.033897,41.089584
1.4895650,7.310695,6.453571,-0.586579,9.769284,93.442291,41.436699
1.5005739,7.508216,6.580463,-0.693121,10.007809,93.971375,41.232460
1.5095840,7.508216,6.580463,-0.693121,10.007809,93.971375,41.232460
1.5196189,7.473501,6.530185,-0.697910,9.949051,94.022507,41.146267
1.5304270,7.438785,6.457162,-0.707487,9.875778,94.108109,40.959286
1.5409689,7.435194,6.399701,-0.604536,9.828720,93.526321,40.719597
1.5496429,7.468712,6.351817,-0.541090,9.819369,93.158844,40.379726
1.5600049,7.478289,6.350620,-0.480037,9.822709,92.801170,40.338169
1.5695970,7.456741,6.418855,-0.445322,9.849010,92.591507,40.722275
1.5805689,7.447165,6.494272,-0.502782,9.893868,92.912888,41.089935
1.5897830,7.443573,6.567295,-0.685939,9.950209,93.952942,41.421227
1.5994101,7.335834,6.564901,-0.836774,9.879908,94.858459,41.825634
1.6094719,7.164649,6.447585,-0.861913,9.677109,95.109947,41.984570
1.6196970,7.104794,6.370971,-0.741005,9.571648,94.440094,41.883038
1.6297330,7.208941,6.408081,-0.580594,9.662786,93.444725,41.634132
1.6396019,7.354988,6.488286,-0.463278,9.818775,92.704384,41.417496
1.6497610,7.417237,6.554127,-0.471658,9.909311,92.728165,41.464928
1.6595299,7.382521,6.523003,-0.560243,9.867373,93.254852,41.462975
1.6693619,7.274782,6.451177,-0.618901,9.742852,93.642090,41.566174
1.6795839,7.240066,6.399701,-0.676362,9.686702,94.003868,41.474384
1.6894259,7.275979,6.341043,-0.691924,9.676128,94.100632,41.072273
1.6994870,7.351396,6.347029,-0.632069,9.732796,93.723534,40.806583
1.7094219,7.455544,6.360197,-0.620098,9.819458,93.620636,40.466927
1.7193919,7.526173,6.370971,-0.660800,9.882772,93.833878,40.248203
1.7294370,7.548918,6.363788,-0.691924,9.897612,94.008713,40.131111
1.7395370,7.515399,6.375759,-0.689530,9.879624,94.002106,40.309917
1.7496569,7.499837,6.368577,-0.739808,9.866795,94.300049,40.336651
1.7595960,7.472303,6.299145,-0.787692,9.804846,94.607941,40.130856
1.7695310,7.466318,6.238092,-0.721852,9.756063,94.243195,39.878681
1.7807010,7.518991,6.244078,-0.646434,9.794978,93.784073,39.707630
1.7898079,7.588422,6.269217,-0.652420,9.864730,93.792114,39.562004
1.7995629,7.601591,6.268020,-0.646434,9.873710,93.753853,39.507862
1.8098079,7.635109,6.287174,-0.749385,9.918922,94.332886,39.469940
1.8195229,7.522582,6.296751,-0.677559,9.833483,93.950996,39.930901
1.8294100,7.517793,6.339846,-0.731429,9.861331,94.253616,40.141342
1.8396599,7.538144,6.307524,-0.675165,9.852123,93.929550,39.920830
1.8500879,7.584831,6.302736,-0.586579,9.879181,93.403954,39.725426
1.8596970,7.618350,6.296751,-0.639252,9.904391,93.700569,39.574554
1.8696390,7.617153,6.329072,-0.651223,9.924830,93.762192,39.723103
1.8803370,7.657854,6.408081,-0.614113,10.004168,93.519356,39.922543
1.8897240,7.625533,6.453571,-0.706290,10.014797,94.044121,40.241600
1.9003689,7.479486,6.398504,-0.828394,9.877743,94.810745,40.546124
1.9095389,7.351396,6.359000,-0.847547,9.756959,94.983330,40.859993
1.9195559,7.375339,6.268020,-0.820014,9.713708,94.842575,40.359947
1.9295499,7.483078,6.228516,-0.667982,9.758947,93.924858,39.772198
1.9399689,7.588422,6.265626,-0.566229,9.857121,93.293091,39.545883
1.9500619,7.587225,6.289568,-0.550666,9.870556,93.198120,39.657650
1.9597681,7.526173,6.332664,-0.623690,9.855704,93.628220,40.077888
1.9695300,7.449559,6.350620,-0.754174,9.818099,94.405495,40.447018
1.9797820,7.420828,6.317101,-0.866701,9.783947,95.082153,40.406631
1.9897289,7.443573,6.216545,-0.797269,9.730768,94.699669,39.867149
1.9995549,7.462727,6.212954,-0.654814,9.732515,93.857834,39.778442
2.0097029,7.597999,6.368577,-0.729034,9.940818,94.205704,39.969444
2.0200329,7.643489,6.435614,-0.826000,10.026083,94.725670,40.096485
2.0295029,7.583634,6.361394,-0.877475,9.937243,95.065910,39.990997
2.0407839,7.492654,6.251261,-0.851139,9.795028,94.985001,39.838871
2.0498428,7.459136,6.198588,-0.770933,9.729108,94.544876,39.726795
2.0600359,7.523779,6.220136,-0.723049,9.788776,94.236015,39.581570
2.0695350,7.657854,6.236896,-0.693121,9.900606,94.014442,39.160896
2.0794570,7.684190,6.242881,-0.709881,9.925940,94.101166,39.091507
2.0894151,7.647080,6.211756,-0.736217,9.879563,94.273598,39.087105
2.1000021,7.620744,6.185420,-0.775721,9.845654,94.518913,39.064705
2.1093819,7.593211,6.180632,-0.799663,9.823264,94.669334,39.144489
2.1196129,7.548918,6.167464,-0.811634,9.781745,94.759552,39.248814
2.1297119,7.529764,6.143522,-0.793678,9.750391,94.669022,39.210949
2.1395099,7.526173,6.157887,-0.779313,9.755521,94.581917,39.289906
2.1496210,7.554904,6.203377,-0.774524,9.806036,94.530197,39.389626
2.1604381,7.611167,6.217742,-0.767342,9.857941,94.464417,39.246197
2.1696789,7.667431,6.258443,-0.754174,9.926046,94.357491,39.222607
2.1796310,7.654263,6.266823,-0.796072,9.924441,94.600822,39.308430
2.1894679,7.620744,6.193800,-0.883460,9.859990,95.140625,39.102669
2.1994789,7.576451,6.177041,-0.877475,9.814703,95.129326,39.190178
2.2095931,7.601591,6.223727,-0.848745,9.861000,94.937607,39.308563
2.2196028,7.671022,6.271611,-0.888249,9.948199,95.122612,39.268463
2.2295520,7.697359,6.232107,-0.873884,9.942442,95.042480,38.995094
2.2395859,7.667431,6.193800,-0.834379,9.891857,94.838654,38.931499
2.2497668,7.618350,6.156690,-0.849942,9.831912,94.959251,38.943047
2.2595787,7.565677,6.123171,-0.900220,9.774614,95.284302,38.984474
2.2697310,7.526173,6.137536,-0.930147,9.755911,95.471001,39.196980
2.2796140,7.539341,6.193800,-0.916979,9.800289,95.368820,39.404156
2.2894359,7.612364,6.221333,-0.890643,9.871490,95.176483,39.257992
2.2995949,7.668628,6.223727,-0.831985,9.911348,94.815224,39.062191
2.3102999,7.698555,6.179435,-0.743400,9.899789,94.306534,38.753128
2.3203688,7.684190,6.121974,-0.673968,9.847821,93.924294,38.544235
2.3294578,7.666234,6.094440,-0.645237,9.814768,93.769424,38.483711
2.3401458,7.672219,6.105214,-0.661997,9.827250,93.862564,38.511227
2.3494270,7.681796,6.136339,-0.696713,9.856473,94.053375,38.618408
2.3599920,7.679402,6.215348,-0.751779,9.908024,94.351547,38.985085
2.3695309,7.673417,6.193800,-0.855927,9.898337,94.960663,38.909645
2.3797078,7.611167,6.138733,-0.918176,9.821251,95.364342,38.887665
2.3894930,7.582437,6.101623,-0.919373,9.775908,95.396347,38.823799
2.3995252,7.600393,6.053739,-0.913388,9.759509,95.370148,38.537441
2.4095259,7.618350,6.052542,-0.840365,9.766204,94.936310,38.466045
2.4207768,7.674613,6.154295,-0.760159,9.866756,94.418587,38.726231
2.4295969,7.714118,6.218939,-0.831985,9.943592,94.799576,38.874935
2.4401278,7.698555,6.199785,-0.926556,9.927920,95.355110,38.845119
2.4496560,7.647080,6.133945,-0.932542,9.847474,95.433968,38.734112
2.4596338,7.596802,6.093243,-0.915782,9.781496,95.372124,38.732403
2.4707620,7.597999,6.046556,-0.884658,9.750541,95.205551,38.513092
2.4797177,7.674613,6.033388,-0.859518,9.800013,95.031639,38.172615
2.4896150,7.748834,6.057330,-0.779313,9.866256,94.530380,38.015049
2.4994769,7.807492,6.092046,-0.703895,9.928013,94.065674,37.964279
2.5095379,7.775170,6.104017,-0.774524,9.915250,94.480194,38.134235
2.5196381,7.735666,6.105214,-0.828394,9.889408,94.805054,38.281536
2.5295529,7.690176,6.062119,-0.852336,9.829271,94.974594,38.248493
2.5396919,7.688979,6.065710,-0.841562,9.829621,94.911385,38.269333
2.5499589,7.739257,6.087258,-0.863110,9.884117,95.009613,38.186569
2.5595698,7.790732,6.089652,-0.855927,9.925321,94.947144,38.013081
2.5696740,7.788338,6.104017,-0.792481,9.926997,94.578842,38.087151
2.5796978,7.754819,6.123171,-0.788889,9.912254,94.564842,38.294464
2.5895438,7.721301,6.105214,-0.824802,9.877875,94.789772,38.333340
2.5997789,7.709330,6.077681,-0.847547,9.853441,94.934418,38.250622
2.6095281,7.703344,6.057330,-0.885855,9.839588,95.165314,38.178848
2.6197309,7.705738,6.035782,-0.896629,9.829191,95.233856,38.071033
2.6296408,7.698555,6.011840,-0.903811,9.809528,95.286507,37.986454
2.6398199,7.693767,5.996278,-0.843956,9.790897,94.944923,37.931721
2.6495419,7.708132,6.025009,-0.786495,9.815020,94.596146,38.012718
2.6594198,7.714118,6.033388,-0.791284,9.825250,94.619362,38.029774
2.6697719,7.693767,6.053739,-0.797269,9.822293,94.655785,38.196972
2.6796768,7.704541,6.113594,-0.823605,9.869869,94.786697,38.432186
2.6894760,7.730877,6.131551,-0.875081,9.905966,95.068047,38.418808
2.6994779,7.739257,6.112397,-0.845153,9.898069,94.898201,38.301369
2.7094431,7.752425,6.115988,-0.812831,9.907881,94.705772,38.270363
2.7200680,7.750031,6.088455,-0.823605,9.889924,94.776962,38.153316
2.7294347,7.710526,6.014235,-0.852336,9.815788,94.981445,37.954342
2.7398357,7.677008,5.992687,-0.827197,9.774098,94.854836,37.975666
2.7497809,7.697359,6.014235,-0.843956,9.804724,94.937927,38.001842
2.7594419,7.733272,6.022614,-0.900220,9.843057,95.247452,37.911194
2.7694237,7.747637,6.042965,-0.954089,9.871859,95.546143,37.953350
2.7798820,7.729680,6.005855,-0.972046,9.836824,95.671051,37.846714
2.7894950,7.710526,5.971139,-0.956484,9.799060,95.601547,37.754700
2.7994108,7.673417,5.931635,-0.876278,9.738248,95.162636,37.704414
2.8094590,7.697359,5.908890,-0.827197,9.739023,94.872360,37.511703
2.8197491,7.783550,5.960365,-0.791284,9.835432,94.614571,37.443607
2.8297009,7.841011,6.028600,-0.732626,9.917772,94.236298,37.555061
2.8398459,7.849391,6.075287,-0.669179,9.948359,93.856934,37.739227
2.8496900,7.817069,6.070498,-0.665588,9.919703,93.847298,37.831829
2.8596349,7.778761,6.057330,-0.687136,9.882941,93.986847,37.907932
2.8696508,7.721301,6.029797,-0.738611,9.824586,94.311562,37.987354
2.8795240,7.691373,6.025009,-0.775721,9.801004,94.539543,38.073246
2.8895690,7.678205,6.048951,-0.796072,9.807057,94.656013,38.231319
2.8995991,7.694964,6.039374,-0.846350,9.818494,94.945007,38.126511
2.9095130,7.675811,6.014235,-0.843956,9.787817,94.946480,38.079792
2.9195938,7.688979,6.029797,-0.790087,9.803218,94.622742,38.104004
2.9295738,7.728483,6.065710,-0.787692,9.856102,94.583923,38.126644
2.9398279,7.751228,6.075287,-0.834379,9.883665,94.842674,38.088772
2.9495149,7.747637,6.054936,-0.916979,9.875676,95.327721,38.008350
2.9594910,7.733272,6.020220,-0.926556,9.844036,95.400879,37.900150
2.9697468,7.720103,5.987898,-0.905008,9.811930,95.292229,37.798019
2.9797270,7.711724,5.975927,-0.902614,9.797811,95.285812,37.772629
2.9897459,7.685388,5.947197,-0.796072,9.750285,94.683189,37.733841
2.9995010,7.784747,5.981913,-0.706290,9.842988,94.114830,37.539204
3.0110779,7.851785,6.009446,-0.639252,9.908209,93.699142,37.429016
3.0223889,7.860164,6.054936,-0.645237,9.942875,93.720795,37.608212
3.0399189,7.758410,6.047753,-0.835576,9.872509,94.855133,37.936749
3.0495939,7.698555,5.992687,-0.861913,9.794026,95.048782,37.897797
3.0596349,7.691373,5.931635,-0.820014,9.747509,94.825737,37.639633
3.0698049,7.723695,5.940014,-0.737414,9.771541,94.327972,37.562584
3.0800598,7.799112,6.034585,-0.723049,9.887627,94.193588,37.731018
3.0895829,7.870938,6.144719,-0.804452,10.017803,94.605934,37.978603
3.0997088,7.874529,6.174646,-0.922965,10.049196,95.269737,38.101021
3.1096308,7.790732,6.075287,-0.975637,9.927562,95.639877,37.947445
3.1198168,7.642292,5.993884,-0.840365,9.748717,94.945183,38.107250
3.1296937,7.599196,5.955577,-0.810437,9.688833,94.798203,38.086205
3.1397297,7.641095,5.972336,-0.866701,9.736853,95.106796,38.011448
3.1496549,7.705738,6.030994,-0.900220,9.826580,95.256279,38.048962
3.1604199,7.783550,6.039374,-0.909797,9.893705,95.276207,37.808426
3.1695628,7.817069,5.980716,-0.871489,9.881042,95.059952,37.419033
3.1795890,7.817069,5.926847,-0.820014,9.844110,94.778275,37.169147
3.1895108,7.778761,5.888539,-0.761356,9.785892,94.462204,37.125801
3.1998870,7.741651,5.863400,-0.772130,9.742115,94.545853,37.139694
3.2096670,7.729680,5.884948,-0.762553,9.744848,94.488091,37.283627
3.2195959,7.744045,5.920861,-0.779313,9.779272,94.570763,37.400425
3.2294629,7.782352,5.972336,-0.808043,9.843106,94.708839,37.503368
3.2396009,7.812280,5.993884,-0.896629,9.887483,95.202911,37.496819
3.2496169,7.831434,6.009446,-0.926556,9.914802,95.362221,37.500809
3.2602558,7.848193,5.989096,-0.877475,9.911274,95.079216,37.347897
3.2696707,7.872135,5.956774,-0.750582,9.900355,94.347977,37.114464
3.2801330,7.856573,5.949591,-0.651223,9.876613,93.780586,37.135757
3.2899377,7.848193,5.986701,-0.574608,9.887614,93.331558,37.336849
3.3001778,7.836222,6.011840,-0.635661,9.897104,93.682465,37.494919
3.3100250,7.815871,6.019023,-0.705092,9.890078,94.088249,37.599960
3.3198860,7.815871,6.017826,-0.735020,9.891528,94.261467,37.594456
3.3302777,7.791929,5.926847,-0.688333,9.814045,94.021889,37.258038
3.3410931,7.791929,5.779603,-0.512359,9.714962,93.023132,36.565891
3.3499410,7.862558,5.731719,-0.353145,9.736382,92.078613,36.091640
3.3598149,7.945158,5.659893,-0.117316,9.755700,90.689018,35.464931
3.3697169,8.237251,5.702989,0.013168,10.018810,89.924690,34.696453
3.3797858,8.483853,5.858612,0.401029,10.317943,87.772514,34.627415
3.3899729,8.740033,5.904101,0.598550,10.564320,86.752014,34.039967
3.3996968,8.792706,5.708974,0.627281,10.502263,86.575790,32.995071
3.4103599,8.572439,5.436035,0.889446,10.189618,84.992310,32.379982
3.4195440,8.400057,5.232528,0.843956,9.932400,85.125702,31.919428
3.4296439,8.482656,5.203797,0.790087,9.982945,85.460655,31.527582
3.4409311,8.798691,5.100847,1.499967,10.280345,81.610237,30.102068
3.4496481,9.539697,4.948815,1.499967,10.851105,82.054459,27.418488
3.4599919,9.970653,4.398149,2.323573,11.142558,77.963699,23.802727
3.4698548,10.168175,4.265270,2.788048,11.373545,75.810219,22.756712
3.4802189,10.001778,4.331111,2.044648,11.089395,79.375092,23.414257
3.4908688,10.477027,3.672705,1.288081,11.176583,83.382065,19.318035
3.4997239,11.204864,3.411737,1.381454,11.793953,83.273361,16.934822
3.5095849,12.950237,5.090073,0.906205,13.944128,86.273819,21.457239
3.5197029,14.273033,2.814384,-0.586579,14.559681,92.308952,11.154594
3.5296130,14.385561,2.306813,1.189918,14.617854,85.330856,9.110172
3.5406561,14.630966,2.759317,-0.290895,14.891730,91.119286,10.680215
3.5503869,14.686033,1.970428,-3.731363,15.280223,104.134300,7.641750
3.5602129,15.804126,0.299275,-6.659472,17.152508,112.845688,1.084853
3.5695758,16.778566,-1.406593,-5.914876,17.846136,109.356041,355.207947
3.5797288,18.418594,-4.229357,-3.714604,19.259552,101.120361,347.067688
3.5911767,22.011093,-3.259706,-4.248511,22.653118,100.809631,351.576080
3.5997839,25.694572,-2.045845,-11.871649,28.378382,114.729469,355.447632
3.6098611,26.776752,-6.532579,-17.124527,32.448704,121.852982,346.289673
3.6198299,25.463531,-3.768473,-13.597869,29.111765,117.845688,351.581635
3.6295269,23.926455,-5.776011,-12.464214,27.589746,116.857292,346.428070
3.6402988,24.903290,-7.726089,-10.745177,28.201508,112.396523,342.763824
3.6495008,25.001451,-6.754043,-1.977611,25.973076,94.366776,344.882629
3.6604040,25.037365,-4.048595,-1.262941,25.394011,92.850716,350.814667
3.6696789,25.036167,-2.036268,-4.473566,25.514091,100.098274,355.350189
3.6799731,25.578453,-0.887052,-4.274847,25.948380,99.482376,358.013794
3.6894238,26.054899,0.839168,-5.984307,26.746475,102.928909,1.844726
3.6998158,27.286716,2.540248,-10.123882,29.214907,110.275307,5.318602
3.7093849,28.301859,6.380548,-10.855310,30.976513,110.514038,12.704717
3.7198000,22.149958,13.402741,-5.864597,26.545200,102.763588,31.177757
3.7301419,15.313314,25.477898,-13.487736,32.642609,114.405647,58.992321
3.7401860,6.665458,38.871063,-16.865953,42.893456,113.154121,80.269775
3.7497268,-7.183802,39.221813,-14.264654,42.349003,109.684204,100.379158
3.7595809,-24.669855,34.459743,-11.694478,43.964039,105.426437,125.599014
3.7694120,-36.753391,11.756727,4.169502,38.812592,83.833015,162.261490
3.7798269,-39.163155,-0.179565,16.019604,42.313267,67.753304,180.262695
3.7897868,-37.268143,0.112527,21.455639,43.003159,60.070652,179.826996
3.7998738,-32.731133,-2.203863,13.388376,35.432087,67.798798,183.852036
3.8094678,-20.969616,-3.143587,-3.332729,21.464251,98.932388,188.525803
3.8196638,-7.298724,-2.033874,-7.943961,10.977911,136.355118,195.571121
3.8295479,3.435679,1.028310,-9.830592,10.464314,159.957687,16.662605
3.8400488,12.759898,4.374207,-9.680955,16.603300,125.667053,18.922171
3.8497708,21.001938,5.052963,-7.809886,22.969723,109.877350,13.527967
3.8599749,26.754007,4.145560,-4.252102,27.405163,98.925903,8.807992
3.8695869,24.617182,2.535460,3.705027,25.023216,81.485275,5.880474
3.8801410,17.706318,1.060631,10.613496,20.670872,59.105976,3.427995
3.8903308,11.251551,-0.872687,13.627796,17.693949,39.628571,355.564941
3.9001358,6.762423,-3.128025,13.053187,15.029989,29.717962,335.176636
3.9096050,4.969166,-5.079299,11.008539,13.102665,32.841335,314.372040
3.9196668,6.527791,-5.170279,9.791088,12.853375,40.381077,321.619324
3.9294729,7.061698,-3.552995,8.543709,11.639859,42.776836,333.291382
3.9398739,6.240487,-1.711854,6.706159,9.319157,43.977703,344.660278
3.9493260,5.899313,-0.411803,4.094085,7.192566,55.304806,356.006927
3.9597459,6.293159,0.290895,1.874660,6.572886,73.428535,2.646561
3.9696639,7.049727,0.638055,1.053449,7.156502,81.535210,5.171620
3.9793830,7.867347,0.773327,1.023521,7.971247,82.622765,5.613900
3.9894090,8.354567,0.757765,1.663970,8.552298,78.780739,5.182585
3.9995308,7.502231,0.438139,2.223016,7.836915,73.521255,3.342343
4.0095191,6.860585,0.283713,2.609680,7.345648,69.190079,2.368063
4.0199261,6.554127,0.270545,2.993949,7.210652,65.467331,2.363744
4.0295348,6.797139,0.353145,3.351882,7.586891,63.781265,2.974123
4.0399370,7.269993,0.539892,3.367445,8.030191,65.206566,4.247168
4.0497060,7.462727,0.969652,3.226187,8.187844,66.795036,7.403116
4.0597649,7.308300,1.604115,3.162740,8.123260,67.086334,12.379665
4.0697360,7.229292,2.184709,3.154361,8.184473,67.330933,16.814941
4.0796690,7.289147,2.640805,2.735375,8.221179,70.565865,19.915081
4.0898690,7.329848,3.020285,2.285265,8.250529,73.919708,22.394253
4.0999942,7.174225,3.330335,2.000355,8.158557,75.807236,24.901119
4.1100450,6.866570,3.572149,1.528698,7.889674,78.827744,27.484495
4.1198559,6.464345,3.805584,1.074997,7.577983,81.844635,30.485481
4.1313300,6.051345,3.985149,0.615310,7.271780,85.146049,33.367138
4.1395888,5.697003,4.071340,0.025139,7.002306,89.794304,35.551342
4.1496739,5.637148,4.214992,-0.393846,7.049731,93.202599,36.786095
4.1597409,6.198588,4.209007,-0.863110,7.542095,96.571266,34.177551
4.1700697,7.159860,4.062960,-1.163582,8.314155,98.045067,29.573334
4.1797128,8.185776,4.048595,-0.831985,9.170074,95.205505,26.316494
4.1896639,8.588001,4.344279,-0.153229,9.625487,90.912132,26.832771
4.2000217,8.384495,4.957195,0.233435,9.743101,88.627121,30.593004
4.2095070,7.891289,5.734113,0.262165,9.758137,88.460487,36.003593
4.2197719,8.196549,6.354211,-0.077812,10.371379,90.429871,37.783916
4.2303200,9.797073,6.524199,-0.855927,11.801713,94.159065,33.660976
4.2400289,11.528081,6.297947,-1.136049,13.185272,94.942757,28.648378
4.2494907,12.747927,5.960365,-0.515950,14.081966,92.099731,25.058706
4.2598600,12.791022,5.793968,0.645237,14.056908,87.369095,24.369169
4.2705336,11.482592,5.829881,1.137246,12.927907,84.953262,26.917578
4.2798400,9.830592,6.106411,0.640449,11.590469,86.832420,31.847067
4.2898836,9.041702,6.666655,-0.043096,11.233811,90.219803,36.402203
4.2997622,9.624691,7.133524,-1.235408,12.043591,95.887642,36.544701
4.3098145,10.918756,7.157466,-2.084153,13.220902,99.069984,33.245655
4.3204308,12.078748,6.768408,-2.030283,13.993912,98.342102,29.264387
4.3296576,12.349293,6.217742,-1.094150,13.869481,94.524712,26.724785
4.3396897,11.167754,5.852626,-0.165200,12.609491,90.750664,27.657448
4.3495917,9.339781,5.969942,-0.186748,11.086325,90.965187,32.586514
4.3598824,7.845799,6.532579,-0.518345,10.222516,92.906494,39.781487
4.3702149,7.802703,7.413646,-1.595735,10.880749,98.433228,43.535358
4.3796668,9.082404,8.070854,-2.691083,12.444705,102.488472,41.625103
4.3900652,10.568007,8.304289,-2.832341,13.735579,101.900032,38.160095
4.3995419,11.828553,8.143877,-2.200271,14.528543,98.710663,34.547142
4.4096556,12.154165,7.796718,-1.219846,14.491396,94.828712,32.679573
4.4197140,11.298238,7.474698,-0.684742,13.564297,92.893585,33.487858
4.4295111,9.783905,7.354988,-0.567426,12.253270,92.654205,36.933781
4.4398170,8.398860,7.477092,-0.624887,11.262248,93.180695,41.677101
4.4494510,7.700950,7.651869,-1.162385,10.918190,96.111473,44.816833
4.4600468,7.729680,7.651869,-1.957260,11.051241,100.201340,44.710159
4.4698606,8.148665,7.479486,-1.978808,11.236509,100.142982,42.548157
4.4796109,8.553286,7.194576,-1.416170,11.266151,97.221260,40.068790
4.4896569,8.214506,7.179014,-0.885855,10.945368,94.642265,41.151623
4.4997640,7.656657,7.291541,-0.532710,10.586536,92.884315,43.600803
4.5095577,7.091625,7.544129,-0.316035,10.358809,91.748299,46.770889
4.5196915,6.944382,7.714118,-0.707487,10.403490,93.899391,48.005909
4.5309000,7.254431,7.688979,-1.341950,10.655890,97.234756,46.665665
4.5409560,7.772776,7.523779,-1.685518,10.948254,98.856087,44.067425
4.5501819,8.295909,7.359776,-1.731008,11.224295,98.871544,41.578068
4.5597987,8.528147,7.170634,-1.880645,11.299739,99.580467,40.057785
4.5694909,8.066066,6.959944,-2.057816,10.850661,100.932297,40.789837
4.5799551,7.206547,6.836643,-2.489970,10.240799,104.072067,43.491150
4.5896058,6.350620,6.837840,-2.827552,9.750974,106.856544,47.115711
4.5995879,5.996278,7.095217,-3.046622,9.776470,108.157372,49.798328
4.6108904,6.212954,7.459136,-3.247735,10.236566,108.497787,50.207996
4.6203938,6.755240,7.660248,-3.007117,10.646851,106.405998,48.592331
4.6360760,7.429208,7.693767,-2.360683,10.952625,102.446960,46.002220
4.6494317,8.678981,7.562086,-1.260547,11.580105,96.249290,41.065975
4.6599269,8.816648,7.400477,-0.884658,11.544824,94.394775,40.009274
4.6694169,8.541314,7.196970,-0.743400,11.193886,93.807884,40.117722
4.6796660,8.006210,7.026982,-0.744597,10.678591,93.998367,41.273148
4.6895399,7.453150,6.964733,-0.944513,10.244465,95.290031,43.059803
4.6995587,6.955156,7.073669,-1.177947,9.989922,96.771706,45.484016
4.7101426,6.442797,7.212533,-1.521515,9.790060,98.940826,48.226284
4.7201228,5.950788,7.378930,-1.831564,9.654798,100.935577,51.115322
4.7294960,5.584476,7.521385,-2.201468,9.623100,103.224617,53.406864
4.7398357,5.319916,7.671022,-2.365471,9.630241,104.219040,55.258377
4.7495880,5.131971,7.736863,-2.360683,9.579614,104.266228,56.443115
4.7598457,4.994305,7.741651,-2.304419,9.496662,104.043335,57.173073
4.7701950,4.811148,7.618350,-2.041057,9.238632,102.763443,57.726727
4.7799268,4.873397,7.429208,-1.959654,9.098536,102.437897,56.736004
4.7894516,4.965574,7.229292,-1.793257,8.951836,101.555840,55.516045
4.7995610,5.094861,7.095217,-1.508347,8.864244,99.797173,54.319012
4.8096986,5.281609,7.037756,-1.301249,8.894866,98.412109,53.112953
4.8200436,5.456386,7.171831,-1.162385,9.086167,97.349937,52.735836
4.8296256,5.613206,7.368156,-1.314417,9.355506,98.076584,52.699139
4.8394785,5.649119,7.483078,-1.508347,9.496531,99.139069,52.950142
4.8502407,5.622783,7.455544,-1.770512,9.504500,100.735855,52.977325
4.8602071,5.637148,7.347805,-2.047042,9.484622,102.464081,52.505013
4.8701220,5.747281,7.248446,-2.220622,9.513272,103.498718,51.589157
4.8802958,5.929241,7.186196,-2.217031,9.576667,103.385597,50.474384
4.8896408,6.198588,7.170634,-2.099715,9.708208,102.490776,49.158527
4.8998308,6.484695,7.173028,-1.926135,9.859696,101.265427,47.885197
4.9113240,6.767211,7.114370,-1.786075,9.979954,100.309547,46.432590
4.9200807,6.953959,6.928820,-1.648408,9.954062,99.532181,44.896248
4.9305282,6.932411,6.609194,-1.484405,9.692431,98.809570,43.632698
4.9397998,6.783970,6.236896,-1.265336,9.301731,97.818314,42.594120
4.9506569,6.612785,5.907693,-1.040281,8.928155,96.691124,41.776787
4.9596086,6.409278,5.625177,-1.040281,8.590904,96.955070,41.272182
4.9706750,5.877765,5.341464,-1.261744,8.041850,99.026848,42.263233
4.9796157,5.777209,5.600038,-1.575385,8.198682,101.078339,44.107838
4.9896436,5.905299,6.317101,-1.895011,8.852649,102.360466,46.929703
4.9999800,6.295553,7.492654,-2.243367,10.040247,102.911011,49.962013
5.0107403,6.900089,8.881291,-2.612074,11.546061,103.075264,52.155506
5.0196376,7.693767,10.291476,-3.092112,13.216267,103.530479,53.218712
5.0301027,8.482656,11.526884,-3.564966,14.749017,103.987411,53.650578
5.0398407,9.126697,12.288240,-3.974375,15.814332,104.555328,53.398064
5.0496178,9.348161,12.291832,-4.086902,15.974355,104.823448,52.746353
5.0598903,8.625112,11.148601,-3.588908,14.545243,104.284744,52.272682
5.0704198,7.353790,9.144653,-2.543839,12.007249,102.231293,51.195049
5.0801449,6.179435,7.037756,-1.392228,9.468565,98.455246,48.715557
5.0897226,5.446809,5.249287,-0.597353,7.588120,94.515121,43.942055
5.1007137,5.486313,4.125209,0.556652,6.886715,85.363731,36.939842
5.1103258,6.113594,3.630807,1.297657,7.227911,79.657372,30.705683
5.1198392,6.325481,3.299210,0.603339,7.159645,85.165985,27.545399
5.1295629,6.165070,3.647566,-0.050278,7.163474,90.402145,30.610703
5.1400990,6.087258,4.447230,-1.243788,7.640652,99.368614,36.151123
5.1498017,6.104017,5.485116,-2.319981,8.528062,105.785744,41.943104
5.1604176,6.221333,6.524199,-3.347094,9.616299,110.368988,46.361240
5.1704936,6.448782,7.364564,-3.940856,10.552439,111.928825,48.792984
5.1798348,6.687006,7.966706,-4.080917,11.173107,111.422638,49.990948
5.1900268,6.815095,8.261193,-3.849876,11.380438,109.772659,50.478977
5.1996117,6.873753,8.264784,-3.385401,11.270142,107.480835,50.249981
5.2097669,6.969521,8.081628,-2.919729,11.063985,105.301300,49.225819
5.2207966,7.052121,7.885303,-2.330755,10.832491,102.425110,48.192543
5.2295656,7.119159,7.728483,-1.926135,10.682784,100.387398,47.350014
5.2403431,6.993463,7.602787,-1.920150,10.507039,100.529915,47.390438
5.2497606,6.902483,7.468712,-2.942474,10.586977,106.136894,47.256302
5.2601957,6.623559,7.296329,-2.719813,10.222785,105.429596,47.767044
5.2696056,6.211756,7.177817,-1.691504,9.641999,100.103729,49.126755
5.2796388,6.476315,6.774394,-2.110489,9.606729,102.690742,46.288666
5.2897649,6.447585,6.635530,-1.717840,9.410238,100.518333,45.823025
5.2997570,6.669049,6.507440,-1.897405,9.509108,101.509796,44.297306
5.3106818,6.630742,6.519411,-1.819593,9.475250,101.071655,44.514942
5.3203597,6.454768,6.582858,-1.933318,9.419966,101.843323,45.562889
5.3298178,6.203377,6.769605,-1.651999,9.329445,100.199356,47.499187
5.3397388,6.493075,7.893683,-1.821988,10.382192,100.107269,50.560452
5.3495836,7.837419,9.497798,-2.944868,12.661182,103.449623,50.471138
5.3600478,7.369353,9.208099,-3.478775,12.296273,106.434135,51.329292
5.3705397,5.673061,7.393295,-2.911349,9.763216,107.349266,52.500065
5.3797674,4.614824,5.797559,-2.170344,7.721314,106.324959,51.480412
5.3896279,4.778827,5.264850,-1.289278,7.226206,100.277565,47.770435
5.3996882,5.428853,5.412093,-0.482432,7.680881,93.601082,44.911423
5.4096451,6.087258,5.969942,-0.416591,8.536303,92.797279,44.442535
5.4200959,6.475119,6.536170,-0.766145,9.232316,94.760170,45.268845
5.4306650,6.793547,7.395689,-1.801637,10.202666,100.170906,47.429974
5.4405088,6.793547,7.395689,-1.801637,10.202666,100.170906,47.429974
5.4506598,6.635530,7.605182,-2.482787,10.393906,103.819824,48.895264
5.4598489,6.447585,7.680599,-2.760514,10.401125,105.391045,49.987759
5.4695206,6.447585,7.680599,-2.929306,10.447190,106.283585,49.987759
5.4796472,6.230910,7.606379,-3.043030,10.292778,107.196342,50.676731
5.4896278,6.343437,7.619547,-2.983175,10.353552,106.746071,50.221889
5.4996791,6.362591,7.613562,-2.680309,10.277788,105.116737,50.114773
5.5097189,6.359000,7.536947,-2.442086,10.159047,103.909286,49.845329
5.5203209,6.360197,7.365762,-2.315193,10.003332,103.381996,49.190010
5.5297370,6.306327,7.284359,-2.200271,9.882957,102.863724,49.116100
5.5397592,6.293159,7.332242,-2.155979,9.900196,102.578163,49.360981
5.5497041,6.295553,7.305906,-2.286463,9.911517,103.337547,49.248283
5.5601888,6.259640,7.211336,-2.103306,9.778054,102.421677,49.041111
5.5696092,6.287174,7.088034,-1.819593,9.647782,100.871223,48.426579
5.5806680,6.384139,7.071275,-1.663970,9.671038,99.907440,47.923420
5.5900807,6.460753,7.100005,-1.616086,9.734636,99.556145,47.698914
5.5995612,6.481104,7.173028,-1.736993,9.822127,100.186043,47.900986
5.6104178,6.429629,7.254431,-1.939303,9.885737,101.313187,48.449310
5.6199689,6.318298,7.266402,-2.085350,9.852420,102.219574,48.992313
5.6296668,6.204574,7.195773,-2.187103,9.749837,102.963013,49.230362
5.6397271,6.162675,7.126341,-2.308010,9.700011,103.764923,49.147598
5.6495872,6.121974,7.115568,-2.318784,9.668848,103.875923,49.292503
5.6597729,6.185420,7.161057,-2.288857,9.735453,103.597832,49.180927
5.6696200,6.293159,7.237672,-2.322376,9.868190,103.611641,48.993027
5.6803765,6.291962,7.265205,-2.292448,9.880653,103.415665,49.106110
5.6906385,6.221333,7.175423,-2.104503,9.727312,102.494736,49.073612
5.6998115,6.173449,7.083246,-2.075773,9.622509,102.457802,48.926006
5.7097588,6.093243,7.049727,-2.078167,9.546991,102.572670,49.162380
5.7202916,6.119579,7.070077,-2.098518,9.583268,102.648972,49.121834
5.7295799,6.178237,7.119159,-2.129642,9.663769,102.730995,49.047493
5.7402039,6.313510,7.224504,-2.053028,9.811666,102.078026,48.849716
5.7497978,6.561310,7.314286,-2.072181,10.042087,101.908524,48.106178
5.7600975,6.681020,7.316680,-1.981202,10.104207,101.307640,47.600117
5.7704878,6.706159,7.237672,-1.906982,10.049529,100.938683,47.182949
5.7798958,6.671443,7.134721,-1.963245,9.963269,101.364403,46.921890
5.7896628,6.624756,7.071275,-1.889025,9.872119,101.031548,46.867298
5.8003030,6.719327,7.040150,-1.893813,9.914616,101.011864,46.335697
5.8096585,6.600814,6.428432,-0.623690,9.234959,93.872459,44.241997
5.8201318,6.245275,6.245275,-1.744176,9.002726,101.171051,45.000000
