Keuwl Accelerometer Data File
2019-06-26 17-31-08

Time (s), X (m/s2), Y (m/s2), Z (m/s2), R (m/s2), Theta (deg), Phi (deg)
0.0000000,8.256405,5.963956,-3.403358,10.738708,108.477020,35.842201
0.0099450,7.432799,5.832275,-3.351882,10.024822,109.533524,38.120121
0.0199850,7.444770,5.803545,-2.195483,9.691537,103.093224,37.938076
0.0299440,7.936779,5.732916,-0.767342,9.820773,94.481346,35.841438
0.0400030,8.481460,5.577293,0.245406,10.153894,88.615105,33.328377
0.0499730,8.925584,5.614403,0.851139,10.578847,85.385185,32.170860
0.0603380,9.135077,5.584476,1.301249,10.785603,83.070564,31.438372
0.0701040,8.923190,5.288792,2.121263,10.587463,78.442215,30.655304
0.0821150,8.713697,5.328296,1.489193,10.321674,81.704514,31.445164
0.0902200,8.698134,5.328296,0.248997,10.203444,88.601662,31.490768
0.1000550,8.615535,5.805939,-0.571017,10.404923,93.145943,33.975712
0.1103110,8.396465,6.065710,-0.938527,10.400688,95.177246,35.844810
0.1202580,7.839813,5.475539,-0.673968,9.586367,94.031494,34.931499
0.1303900,8.140285,5.425261,-0.092177,9.782954,90.539856,33.682289
0.1404400,8.516175,5.614403,-0.241814,10.203197,91.358032,33.395405
0.1500700,8.429984,5.576096,-0.345962,10.113217,91.960411,33.483032
0.1605770,8.171411,5.592855,-0.313640,9.907086,91.814186,34.389370
0.1702630,8.325836,6.198588,0.074220,10.380152,89.590317,36.667698
0.1799980,7.981071,5.640739,-0.993594,9.823577,95.805038,35.251320
0.1899600,6.994660,5.377377,-0.636858,8.845737,94.128639,37.552475
0.2001920,7.070077,5.191826,-0.816423,8.809518,95.317520,36.291252
0.2099480,7.781156,5.504270,-0.925359,9.575994,95.545326,35.275002
0.2199360,8.080431,5.641936,-0.635661,9.875671,93.690468,34.923599
0.2301460,7.961918,5.531803,-0.345962,9.701168,92.043709,34.790905
0.2401380,7.906851,5.464766,-0.296881,9.616138,91.769188,34.650021
0.2502110,8.030152,5.487510,-0.284910,9.730226,91.677910,34.347263
0.2606490,8.177396,5.540183,-0.216675,9.879797,91.256660,34.117626
0.2713560,8.210915,5.501875,-0.140061,9.884805,90.811867,33.824795
0.2800400,8.221688,5.443218,-0.079009,9.860579,90.459091,33.506790
0.2899370,8.293514,5.439626,-0.087388,9.918647,90.504814,33.260433
0.2999140,8.389283,5.475539,-0.116119,10.018737,90.664085,33.131786
0.3099610,8.416816,5.485116,-0.117316,10.047042,90.669037,33.091702
0.3200780,8.370130,5.483919,-0.123301,10.007380,90.705963,33.231911
0.3301890,8.239645,5.378574,-0.154426,9.840968,90.899132,33.135204
0.3401510,8.188169,5.348647,-0.183156,9.782008,91.072861,33.153229
0.3505300,8.237251,5.367800,-0.202310,9.833947,91.178810,33.090256
0.3610230,8.298303,5.431247,-0.210690,9.919912,91.217003,33.204784
0.3702890,8.277952,5.457583,-0.223858,9.917651,91.293373,33.396523
0.3802170,8.245630,5.462371,-0.219069,9.893226,91.268829,33.522743
0.3901830,8.243237,5.493496,-0.227449,9.908642,91.315315,33.680466
0.4003600,8.207323,5.492299,-0.274136,9.879304,91.590080,33.790234
0.4100470,8.148665,5.445612,-0.317232,9.805921,91.853905,33.754120
0.4203020,8.154651,5.443218,-0.313640,9.809451,91.832245,33.723053
0.4306310,8.218098,5.480328,-0.292093,9.882128,91.693779,33.697769
0.4405160,8.286332,5.474342,-0.259771,9.934748,91.498322,33.450634
0.4508340,8.298303,5.443218,-0.246603,9.927299,91.423424,33.262611
0.4602950,8.231265,5.359420,-0.222661,9.824800,91.298615,33.068363
0.4700780,8.197746,5.317522,-0.159214,9.772637,90.933495,32.969727
0.4802620,8.261193,5.376180,-0.167594,9.857926,90.974129,33.055080
0.4901090,8.304289,5.424064,-0.210690,9.920992,91.216866,33.151131
0.5001990,8.262390,5.425261,-0.202310,9.886429,91.172546,33.289753
0.5100700,8.239645,5.430049,-0.227449,9.870608,91.320389,33.385483
0.5204230,8.282741,5.416882,-0.193930,9.898686,91.122581,33.184536
0.5299540,8.327033,5.442020,-0.158017,9.948871,90.910065,33.166084
0.5408040,8.289924,5.414487,-0.137667,9.902447,90.796570,33.150192
0.5504250,8.213309,5.422867,-0.111330,9.842679,90.648087,33.434929
0.5611580,8.141483,5.384560,-0.202310,9.763103,91.187363,33.479588
0.5702090,8.141483,5.384560,-0.202310,9.763103,91.187363,33.479588
0.5808179,8.170214,5.413290,-0.160412,9.802135,90.937683,33.527023
0.5899640,8.259995,5.453991,-0.178368,9.899766,91.032379,33.436378
0.6005700,8.248025,5.456386,-0.096965,9.889968,90.561760,33.486168
0.6151810,8.231265,5.482722,-0.093374,9.890535,90.540924,33.666988
0.6299239,8.153454,5.456386,-0.204704,9.812892,91.195320,33.790897
0.6399540,8.153454,5.446809,-0.161609,9.806766,90.944237,33.744389
0.6501909,8.196549,5.451597,-0.165200,9.845335,90.961441,33.628227
0.6600530,8.226477,5.415684,-0.155623,9.850318,90.905243,33.357857
0.6700140,8.225280,5.407305,-0.083797,9.843841,90.487747,33.320950
0.6800030,8.213309,5.424064,-0.079009,9.843026,90.459908,33.440746
0.6900210,8.175002,5.421670,-0.156820,9.810696,90.915894,33.552380
0.7003109,8.117541,5.383362,-0.238223,9.743296,91.401016,33.551403
0.7105420,8.146272,5.389348,-0.226252,9.770262,91.326927,33.487518
0.7200700,8.218098,5.383362,-0.158017,9.825614,90.921478,33.227280
0.7301810,8.228871,5.415684,-0.100556,9.851603,90.584831,33.350197
0.7401220,8.218098,5.449203,-0.134075,9.861486,90.779007,33.547306
0.7502670,8.172607,5.470751,-0.201113,9.836720,91.171501,33.798389
0.7601479,8.151060,5.468357,-0.222661,9.817957,91.299515,33.856743
0.7703490,8.164227,5.462371,-0.198719,9.825049,91.158928,33.784962
0.7801020,8.201338,5.404911,-0.165200,9.823558,90.963570,33.385998
0.7903330,8.202535,5.412093,-0.052672,9.827263,90.307098,33.417122
0.7999210,8.209718,5.443218,-0.055067,9.850437,90.320297,33.545227
0.8100359,8.201338,5.468357,-0.136469,9.858169,90.793190,33.693928
0.8201520,8.178593,5.485116,-0.129287,9.848482,90.752174,33.848473
0.8300010,8.200141,5.498284,-0.141258,9.873875,90.819717,33.842285
0.8399230,8.196549,5.451597,-0.136469,9.844895,90.794258,33.628227
0.8501430,8.186973,5.418078,-0.080206,9.817766,90.468079,33.496296
0.8604180,8.221688,5.433641,-0.064643,9.855191,90.375824,33.460361
0.8700650,8.279149,5.471948,-0.079009,9.924353,90.456139,33.461960
0.8799660,8.282741,5.476737,-0.106542,9.930246,90.614738,33.473583
0.8901690,8.234857,5.449203,-0.112527,9.875189,90.652901,33.493565
0.9000530,8.202535,5.427655,-0.089783,9.836111,90.522995,33.492790
0.9104690,8.175002,5.415684,-0.101754,9.806664,90.594513,33.523232
0.9199250,8.182184,5.416882,-0.141258,9.813801,90.824730,33.505901
0.9307939,8.189367,5.440824,-0.138864,9.832984,90.809174,33.599133
0.9400979,8.226477,5.422867,-0.147243,9.854140,90.856163,33.392742
0.9504290,8.250419,5.409699,-0.093374,9.866254,90.542252,33.252369
0.9605700,8.206126,5.384560,-0.029928,9.815034,90.174706,33.271420
0.9703060,8.185776,5.398925,-0.059855,9.806065,90.349731,33.406830
0.9800570,8.179790,5.430049,-0.124498,9.818855,90.726501,33.577690
0.9902570,8.218098,5.482722,-0.180762,9.880792,91.048248,33.709320
1.0003150,8.243237,5.467160,-0.240617,9.894377,91.393494,33.553520
1.0105850,8.197746,5.424064,-0.187945,9.831523,91.095367,33.490738
1.0200260,8.172607,5.410896,-0.152032,9.802674,90.888649,33.507629
1.0303429,8.220491,5.446809,-0.149638,9.862383,90.869354,33.528023
1.0400590,8.257602,5.445612,-0.165200,9.892925,90.956818,33.403515
1.0500710,8.275558,5.412093,-0.125696,9.888954,90.728287,33.184093
1.0600280,8.279149,5.388151,-0.106542,9.878655,90.617950,33.056469
1.0702590,8.226477,5.340267,-0.159214,9.809114,90.930023,32.989857
1.0799299,8.232463,5.319916,-0.180762,9.803450,91.056519,32.871029
1.0901629,8.234857,5.342661,-0.179565,9.817797,91.047981,32.974949
1.1002619,8.225280,5.361814,-0.166397,9.819978,90.970909,33.099133
1.1099060,8.221688,5.361814,-0.167594,9.816991,90.978195,33.110580
1.1205020,8.220491,5.363012,-0.149638,9.816352,90.873436,33.120251
1.1300789,8.222886,5.366603,-0.137667,9.820144,90.803246,33.130165
1.1402160,8.236053,5.398925,-0.110133,9.848507,90.640739,33.245773
1.1501549,8.261193,5.444415,-0.159214,9.895166,90.921936,33.386276
1.1604160,8.215703,5.386954,-0.178368,9.825928,91.040138,33.252453
1.1700550,8.172607,5.353435,-0.162806,9.771248,90.954689,33.226650
1.1800150,8.191761,5.371391,-0.191536,9.797626,91.120163,33.253117
1.1899569,8.202535,5.367800,-0.162806,9.804151,90.951485,33.201038
1.2001570,8.244433,5.374983,-0.125696,9.842607,90.731720,33.102459
1.2104590,8.301894,5.424064,-0.108936,9.917348,90.629372,33.158699
1.2199540,8.310274,5.432444,-0.101754,9.928869,90.587189,33.172729
1.2299229,8.268375,5.421670,-0.108936,9.887993,90.631241,33.253323
1.2401520,8.267179,5.414487,-0.150835,9.883606,90.874428,33.222301
1.2505809,8.248025,5.346252,-0.184354,9.830886,91.074501,32.950733
1.2600679,8.244433,5.322310,-0.136469,9.814086,90.796753,32.844837
1.2700210,8.263587,5.315128,-0.128090,9.826182,90.746902,32.749069
1.2799850,8.282741,5.357026,-0.105345,9.864716,90.611870,32.893566
1.2899820,8.299500,5.368997,-0.138864,9.885703,90.804855,32.899075
1.3002890,8.299500,5.385756,-0.155623,9.895064,90.901146,32.980560
1.3100150,8.286332,5.419276,-0.164003,9.902461,90.948967,33.184757
1.3200810,8.295909,5.422867,-0.201113,9.913124,91.162468,33.171829
1.3304839,8.263587,5.366603,-0.232238,9.856025,91.350189,33.000813
1.3399370,8.227674,5.311536,-0.175974,9.794795,91.029434,32.845055
1.3503659,8.250419,5.317522,-0.150835,9.816730,90.880386,32.802402
1.3602800,8.301894,5.335478,-0.175974,9.870144,91.021576,32.728127
1.3700860,8.294712,5.331887,-0.175974,9.862162,91.022400,32.733135
1.3799280,8.257602,5.353435,-0.160412,9.842408,90.933846,32.955498
1.3902450,8.227674,5.334281,-0.220267,9.808043,91.286842,32.956715
1.4000829,8.203732,5.316325,-0.239420,9.778643,91.402969,32.944744
1.4132910,8.239645,5.299565,-0.232238,9.799544,91.357971,32.748264
1.4301870,8.331821,5.315128,-0.152032,9.883974,90.881340,32.535069
1.4404780,8.339005,5.361814,-0.171185,9.915511,90.989227,32.740211
1.4500250,8.283937,5.354632,-0.205901,9.866007,91.195839,32.878113
1.4603910,8.234857,5.335478,-0.251391,9.815467,91.467606,32.939766
1.4700650,8.232463,5.312734,-0.219069,9.800335,91.280853,32.835754
1.4799349,8.283937,5.304354,-0.187945,9.838450,91.094597,32.632164
1.4902990,8.333019,5.306748,-0.197522,9.881286,91.145386,32.490360
1.4999530,8.380903,5.328296,-0.199916,9.933290,91.153206,32.446823
1.5099919,8.403648,5.363012,-0.178368,9.970708,91.025032,32.545067
1.5206350,8.343793,5.278018,-0.160412,9.874314,90.930832,32.316139
1.5300859,8.275558,5.222951,-0.118513,9.786630,90.693848,32.257240
1.5405030,8.273164,5.230134,-0.184354,9.789459,91.079048,32.300278
1.5499650,8.294712,5.249287,-0.184354,9.817904,91.075920,32.327568
1.5600220,8.360553,5.300763,-0.165200,9.900718,90.956062,32.375538
1.5700279,8.449138,5.385756,-0.153229,10.020866,90.876144,32.514767
1.5800679,8.407239,5.335478,-0.177171,9.958935,91.019356,32.400398
1.5902129,8.336611,5.282806,-0.130484,9.870367,90.757462,32.361923
1.6011599,8.271967,5.243302,-0.134075,9.794673,90.784325,32.369137
1.6100409,8.270770,5.266047,-0.148441,9.806066,90.867355,32.485138
1.6206690,8.313866,5.293580,-0.193930,9.857989,91.127220,32.485603
1.6300189,8.276755,5.266047,-0.205901,9.812152,91.202400,32.466366
1.6402769,8.243237,5.251681,-0.169988,9.775479,90.996384,32.500793
1.6502190,8.234857,5.257667,-0.203507,9.772274,91.193268,32.556805
1.6602399,8.236053,5.274426,-0.220267,9.782671,91.290184,32.635784
1.6701499,8.228871,5.321113,-0.216675,9.801812,91.266663,32.888302
1.6801980,8.238448,5.357026,-0.292093,9.831331,91.702530,33.033813
1.6901410,8.240842,5.360618,-0.319626,9.836150,91.862152,33.043758
1.7004139,8.231265,5.321113,-0.275333,9.805293,91.609077,32.880707
1.7109970,8.242040,5.273229,-0.231040,9.787315,91.352654,32.610977
1.7215829,8.250419,5.267244,-0.168791,9.789880,90.987907,32.555031
1.7302699,8.274361,5.292383,-0.183156,9.823844,91.068291,32.603481
1.7408760,8.313866,5.366603,-0.228646,9.898134,91.323647,32.842255
1.7510890,8.333019,5.376180,-0.251391,9.919965,91.452141,32.828728
1.7606560,8.350976,5.370194,-0.210690,9.930870,91.215660,32.743526
1.7708459,8.403648,5.415684,-0.187945,9.999313,91.076981,32.799530
1.7802600,8.433576,5.421670,-0.227449,10.028531,91.299591,32.735638
1.7901599,8.397662,5.341464,-0.231040,9.955167,91.329842,32.459038
1.8003190,8.398860,5.298368,-0.165200,9.931809,90.953072,32.245522
1.8103900,8.421604,5.291186,-0.116119,9.946534,90.668900,32.140621
1.8200189,8.398860,5.276821,-0.105345,9.919516,90.608490,32.140251
1.8301049,8.342596,5.231331,-0.152032,9.848291,90.884529,32.090290
1.8403270,8.339005,5.242105,-0.154426,9.851015,90.898216,32.154484
1.8502079,8.371326,5.210980,-0.156820,9.861948,90.911133,31.901423
1.8603089,8.368932,5.216966,-0.166397,9.863236,90.966652,31.938299
1.8705670,8.310274,5.196615,-0.208296,9.803512,91.217461,32.018738
1.8812569,8.280347,5.244499,-0.248997,9.804637,91.455231,32.348824
1.8914449,8.255207,5.274426,-0.319626,9.801539,91.868736,32.575371
1.9007210,8.200141,5.288792,-0.330400,9.763339,91.939308,32.820538
1.9100950,8.207323,5.268441,-0.306458,9.757589,91.799789,32.697197
1.9205739,8.295909,5.300763,-0.248997,9.847954,91.448830,32.576992
1.9305038,8.366538,5.321113,-0.216675,9.917669,91.251862,32.456337
1.9409449,8.367735,5.342661,-0.158017,9.929149,90.911873,32.557560
1.9501389,8.318654,5.335478,-0.168791,9.884120,90.978485,32.675594
1.9608120,8.307879,5.321113,-0.195127,9.867785,91.133049,32.639153
1.9702001,8.297106,5.292383,-0.138864,9.842284,90.808403,32.532127
1.9816250,8.335413,5.295974,-0.069432,9.875793,90.402824,32.430176
1.9905159,8.401254,5.324705,-0.069432,9.946776,90.399948,32.366474
2.0007820,8.398860,5.370194,-0.088585,9.969337,90.509125,32.594673
2.0101140,8.383297,5.376180,-0.144849,9.960118,90.833275,32.671913
2.0203629,8.352173,5.361814,-0.166397,9.926506,90.960487,32.699100
2.0304730,8.316259,5.341464,-0.172383,9.885400,90.999176,32.712296
2.0404999,8.303091,5.331887,-0.234632,9.870431,91.362114,32.706829
2.0506868,8.315063,5.318719,-0.222661,9.873126,91.292259,32.604961
2.0605769,8.330625,5.305551,-0.185551,9.878391,91.076279,32.491966
2.0709059,8.328231,5.289989,-0.177171,9.867867,91.028763,32.423206
2.0802360,8.287529,5.263652,-0.183156,9.819508,91.068764,32.420826
2.0904860,8.258799,5.285200,-0.208296,9.807369,91.216980,32.617123
2.1003509,8.255207,5.309142,-0.282516,9.819127,91.648743,32.746143
2.1100309,8.195353,5.276821,-0.344765,9.753333,92.025742,32.776661
2.1205859,8.153454,5.236119,-0.324414,9.695412,91.917511,32.708435
2.1301370,8.196549,5.242105,-0.317232,9.734666,91.867477,32.600956
2.1405680,8.248025,5.238513,-0.270545,9.774719,91.586037,32.420586
2.1505129,8.288726,5.291186,-0.180762,9.835258,91.053101,32.552505
2.1609631,8.311471,5.370194,-0.241814,9.898384,91.399857,32.867245
2.1706109,8.271967,5.388151,-0.281319,9.876069,91.632286,33.079205
2.1801698,8.228871,5.368997,-0.319626,9.830697,91.863190,33.122780
2.1906888,8.220491,5.310339,-0.323217,9.791866,91.891609,32.861980
2.2001050,8.283937,5.316325,-0.245406,9.846174,91.428185,32.690845
2.2112010,8.366538,5.339070,-0.174777,9.926489,91.008865,32.543804
2.2201118,8.401254,5.359420,-0.149638,9.966286,90.860291,32.535065
2.2302778,8.383297,5.341464,-0.164003,9.941721,90.945221,32.503475
2.2407758,8.299500,5.299565,-0.191536,9.849051,91.114311,32.559872
2.2501509,8.243237,5.252879,-0.198719,9.776665,91.164665,32.506714
2.2602959,8.233660,5.233725,-0.179565,9.757934,91.054413,32.442078
2.2705767,8.254010,5.254076,-0.204704,9.786516,91.198540,32.478718
2.2800078,8.286332,5.310339,-0.207098,9.844079,91.205467,32.653992
2.2900181,8.319851,5.348647,-0.245406,9.893845,91.421303,32.736061
2.3001850,8.301894,5.348647,-0.253785,9.878961,91.472061,32.792397
2.3105929,8.275558,5.339070,-0.244209,9.851405,91.420464,32.828541
2.3204908,8.269572,5.315128,-0.239420,9.833297,91.395172,32.730198
2.3301618,8.282741,5.281609,-0.185551,9.825152,91.082108,32.524208
2.3410318,8.271967,5.219360,-0.141258,9.781979,90.827415,32.250683
2.3500741,8.263587,5.278018,-0.119710,9.806052,90.699471,32.566689
2.3601708,8.267179,5.358223,-0.240617,9.854679,91.399101,32.948566
2.3704031,8.200141,5.401319,-0.372298,9.826248,92.171349,33.372341
2.3802061,8.165425,5.388151,-0.427365,9.792292,92.501358,33.419777
2.3903859,8.201338,5.385756,-0.393846,9.819543,92.298660,33.292603
2.4005759,8.275558,5.360618,-0.344765,9.866101,92.002571,32.933754
2.4102468,8.289924,5.333084,-0.240617,9.860148,91.398331,32.754040
2.4201081,8.312668,5.335478,-0.225055,9.880204,91.305214,32.694340
2.4300280,8.321048,5.360618,-0.295684,9.902700,91.711044,32.790600
2.4403329,8.306683,5.339070,-0.312443,9.879487,91.812309,32.730637
2.4502540,8.274361,5.292383,-0.295684,9.826586,91.724304,32.603481
2.4608519,8.262390,5.200206,-0.311246,9.767605,91.826050,32.185604
2.4712708,8.287529,5.157111,-0.235829,9.763941,91.384003,31.892916
2.4801700,8.373720,5.220557,-0.209493,9.870019,91.216202,31.941284
2.4899771,8.407239,5.278018,-0.235829,9.929489,91.360924,32.120373
2.5006719,8.409634,5.337873,-0.289698,9.964875,91.665932,32.404648
2.5103159,8.365341,5.372589,-0.336385,9.947703,91.937851,32.710354
2.5201049,8.336611,5.342661,-0.375890,9.908804,92.174034,32.654480
2.5306180,8.347384,5.310339,-0.360327,9.899918,92.085854,32.463215
2.5400989,8.420407,5.267244,-0.160412,9.933421,90.925293,32.027344
2.5500190,8.492233,5.292383,-0.186748,10.008107,91.069183,31.931271
2.5603230,8.420407,5.244499,-0.191536,9.921931,91.106125,31.915970
2.5700378,8.333019,5.203797,-0.198719,9.826404,91.158768,31.983921
2.5801179,8.306683,5.228937,-0.243011,9.818442,91.418243,32.189823
2.5903118,8.344990,5.280412,-0.266953,9.878910,91.548470,32.324169
2.6017430,8.358158,5.249287,-0.288501,9.874060,91.674309,32.130611
2.6101329,8.365341,5.230134,-0.234632,9.868550,91.362373,32.014225
2.6200418,8.396465,5.250484,-0.217872,9.905336,91.260345,32.018597
2.6302238,8.394072,5.255273,-0.245406,9.906490,91.419487,32.049431
2.6399868,8.346188,5.252879,-0.314838,9.866646,91.828575,32.185268
2.6504829,8.267179,5.218163,-0.345962,9.782390,92.026733,32.259720
2.6600718,8.230068,5.188235,-0.341174,9.734897,92.008423,32.227333
2.6700089,8.311471,5.201403,-0.317232,9.809984,91.853134,32.038754
2.6802490,8.414422,5.238513,-0.307655,9.916611,91.777840,31.904892
2.6901381,8.441956,5.243302,-0.292093,9.942039,91.683563,31.844431
2.7002490,8.416816,5.267244,-0.280122,9.933031,91.616013,32.038334
2.7100148,8.376115,5.245696,-0.302867,9.887788,91.755264,32.057613
2.7204759,8.366538,5.246893,-0.296881,9.880131,91.721901,32.092987
2.7300768,8.354567,5.184644,-0.313640,9.837565,91.827011,31.822746
2.7402508,8.346188,5.125986,-0.270545,9.798355,91.582207,31.557035
2.7511659,8.368932,5.122395,-0.238223,9.815023,91.390778,31.469664
2.7603090,8.397662,5.131971,-0.210690,9.843894,91.226402,31.429895
2.7701459,8.372523,5.146337,-0.207098,9.829894,91.207207,31.577784
2.7810450,8.383297,5.210980,-0.277727,9.874772,91.611656,31.864700
2.7902048,8.358158,5.245696,-0.323217,9.873227,91.876015,32.112953
2.8001568,8.367735,5.221754,-0.308852,9.868186,91.793526,31.965580
2.8102200,8.401254,5.249287,-0.244209,9.909375,91.412148,31.998045
2.8201017,8.441956,5.260061,-0.277727,9.950477,91.599388,31.926439
2.8300800,8.337808,5.206192,-0.283713,9.833817,91.653252,31.980974
2.8402140,8.305486,5.164293,-0.268151,9.783810,91.570534,31.873060
2.8514400,8.367735,5.182250,-0.271742,9.846246,91.581482,31.770483
2.8602648,8.394072,5.173870,-0.232238,9.863230,91.349197,31.648516
2.8701599,8.376115,5.183447,-0.195127,9.852182,91.134850,31.750740
2.8809531,8.323442,5.178658,-0.245406,9.806040,91.434029,31.888945
2.8903069,8.288726,5.195418,-0.281319,9.786444,91.647240,32.079708
2.9006190,8.331821,5.252879,-0.320823,9.854690,91.865616,32.229786
2.9106159,8.342596,5.272032,-0.316035,9.873860,91.834190,32.290489
2.9203057,8.344990,5.245696,-0.317232,9.861887,91.843376,32.153641
2.9301560,8.303091,5.204995,-0.257377,9.803038,91.504463,32.082542
2.9401548,8.328231,5.193024,-0.193930,9.816544,91.131981,31.945381
2.9501970,8.354567,5.234922,-0.192733,9.861052,91.119911,32.071014
2.9613550,8.322245,5.242105,-0.156820,9.836870,90.913452,32.206444
2.9701040,8.316259,5.269638,-0.211887,9.847546,91.232910,32.360588
2.9801769,8.311471,5.251681,-0.263362,9.835144,91.534431,32.287132
2.9902830,8.337808,5.285200,-0.231040,9.874500,91.340714,32.369942
3.0010281,8.355764,5.281609,-0.268151,9.888685,91.553879,32.296638
3.0100698,8.355764,5.281609,-0.268151,9.888685,91.553879,32.296638
3.0200188,8.312668,5.272032,-0.222661,9.846032,91.295815,32.383553
3.0300570,8.321048,5.245696,-0.228646,9.839179,91.331581,32.227863
3.0401268,8.342596,5.233725,-0.191536,9.850252,91.114174,32.102093
3.0499759,8.371326,5.239710,-0.196325,9.877865,91.138840,32.042927
3.0607169,8.398860,5.222951,-0.233435,9.893157,91.352051,31.876003
3.0706260,8.367735,5.210980,-0.248997,9.860796,91.446938,31.912453
3.0801950,8.335413,5.213374,-0.251391,9.834713,91.464729,32.023872
3.0908048,8.310274,5.231331,-0.251391,9.822967,91.466484,32.190479
3.1004839,8.300697,5.204995,-0.264559,9.801201,91.546745,32.089977
3.1105988,8.343793,5.196615,-0.227449,9.832366,91.325523,31.915148
3.1200860,8.382100,5.237316,-0.185551,9.885521,91.075500,31.998028
3.1299629,8.414422,5.278018,-0.202310,9.934833,91.166832,32.098343
3.1401269,8.373720,5.276821,-0.198719,9.899673,91.150192,32.217670
3.1512990,8.346188,5.270835,-0.217872,9.873602,91.264397,32.273479
3.1602340,8.321048,5.278018,-0.264559,9.857347,91.537933,32.386845
3.1701229,8.283937,5.278018,-0.300472,9.827073,91.752144,32.502789
3.1802988,8.275558,5.285200,-0.324414,9.824636,91.892281,32.564407
3.1903050,8.315063,5.267244,-0.317232,9.848084,91.845963,32.352547
3.2003989,8.364143,5.246893,-0.311246,9.878545,91.805534,32.100372
3.2101130,8.347384,5.190629,-0.216675,9.832009,91.262772,31.874468
3.2202699,8.367735,5.212177,-0.184354,9.860009,91.071327,31.918360
3.2305658,8.360553,5.200206,-0.231040,9.848572,91.344238,31.881329
3.2409539,8.317456,5.182250,-0.231040,9.802508,91.350563,31.925259
3.2503059,8.350976,5.188235,-0.215478,9.833769,91.255569,31.851564
3.2604420,8.380903,5.188235,-0.132878,9.857738,90.772346,31.759762
3.2707310,8.397662,5.128380,-0.064643,9.839979,90.376404,31.412052
3.2803130,8.457518,4.948815,0.080206,9.799327,89.531036,30.333523
3.2900238,8.579621,4.836287,0.333991,9.854498,88.057747,29.409729
3.3007138,8.711303,4.756082,0.432153,9.934479,87.506828,28.633072
3.3101928,8.701726,4.791995,0.468066,9.944965,87.302338,28.841345
3.3202448,8.734048,4.759673,0.221464,9.949227,88.724525,28.588448
3.3299949,8.783129,4.636372,0.308852,9.936533,88.218819,27.828339
3.3404360,9.040505,4.402937,0.506374,10.068417,87.117195,25.967163
3.3500957,9.465476,4.029441,0.853533,10.322798,85.257126,23.059395
3.3601339,9.817424,3.585317,1.115698,10.510999,83.906815,20.062162
3.3699908,9.818622,2.990358,1.410185,10.360318,82.176956,16.938631
3.3800597,9.992201,2.780865,1.382651,10.463699,82.406845,15.552074
3.3902619,10.583569,3.260903,0.799663,11.103372,85.869987,17.124586
3.4010088,11.289858,4.027047,-0.027533,11.986608,90.131607,19.631115
3.4109848,12.592304,7.704541,-0.661997,14.777155,92.567635,31.460178
3.4208729,12.411542,3.040636,-5.817910,14.040652,114.479134,13.765466
3.4301171,9.964667,-1.885434,0.316035,10.146395,88.215096,349.285614
3.4402919,11.280281,0.250194,4.212598,12.043809,69.526573,1.270599
3.4510379,13.663709,-0.229843,-0.336385,13.669781,91.410072,359.036285
3.4609818,14.051570,-0.108936,-2.726996,14.314154,100.982574,359.555817
3.4702530,14.398729,-1.452083,-3.256114,14.833551,102.680260,354.241302
3.4803078,17.762583,-2.015918,-3.049016,18.134768,99.679169,353.525085
3.4905620,22.664711,1.812411,-3.906140,23.070152,99.748039,4.571997
3.5007758,27.342981,-9.502586,-9.488221,30.462503,108.147972,340.835968
3.5109260,26.139894,-5.928043,-3.738546,27.063122,97.940331,347.222504
3.5206997,28.061241,-4.636372,-8.356961,29.644022,106.374260,350.618164
3.5300050,28.590359,-3.071761,-10.588357,30.642416,110.215118,353.867645
3.5410349,27.327417,-2.038663,-6.217742,28.099897,102.783798,355.733551
3.5506029,25.960329,-1.191115,-2.701857,26.127714,95.935547,357.372986
3.5600679,24.756046,0.326809,-5.200206,25.298433,101.861961,0.756327
3.5702558,23.932440,1.891419,-7.204153,25.064695,106.703697,4.518785
3.5801630,23.452402,2.959233,-7.321469,24.746235,107.209229,7.191598
3.5901120,23.089682,3.993528,-9.980229,25.469328,113.069839,9.812644
3.6006479,23.457191,5.291186,-12.209231,26.968533,116.918419,12.711342
3.6102819,22.906525,8.859743,-11.027693,26.922369,114.180389,21.145382
3.6202857,16.962919,14.894329,-3.536236,22.849215,98.903107,41.284824
3.6301389,11.280281,26.040535,-11.088745,30.468254,111.342621,66.578629
3.6403940,2.865860,39.019501,-15.059528,41.922836,111.052315,85.799347
3.6514077,-13.089101,39.221813,-13.426683,43.473568,107.989761,108.454880
3.6605330,-31.380802,30.731974,-1.987187,43.967693,92.590454,135.598495
3.6705039,-38.759731,9.241618,9.352949,40.929230,76.790329,166.589157
3.6803551,-37.938519,0.682347,9.434352,39.099918,76.037415,178.969604
3.6901250,-33.676842,2.269703,11.947066,35.805218,70.508423,176.144287
3.7003529,-30.190884,1.046266,17.238253,34.781338,60.289497,178.015213
3.7104261,-22.760479,-2.754529,10.170568,25.081213,66.077194,186.900513
3.7214189,-12.943054,-2.888604,-4.152743,13.896473,107.387604,192.580978
3.7301748,-4.454412,-0.867898,-8.463503,9.603433,151.799545,191.025375
3.7404029,2.070984,1.210269,-7.475895,7.851288,162.210815,30.301720
3.7503290,7.744045,2.633622,-8.614338,11.879100,136.482788,18.782320
3.7611749,14.311340,3.106477,-10.372879,17.946066,125.310204,12.246865
3.7702389,21.371841,2.960430,-10.078392,23.813730,115.037903,7.886434
3.7809978,25.937584,2.448071,-6.234501,26.788437,103.457916,5.391785
3.7904658,25.371355,1.600524,1.426944,25.461805,86.787315,3.609658
3.8003058,22.431276,0.057461,7.016208,23.503035,72.631058,0.146771
3.8102188,18.975246,-1.800440,8.415619,20.835648,66.177483,354.579803
3.8201621,15.130157,-3.438074,7.575254,17.266338,63.977146,347.197876
3.8302419,12.030864,-4.404134,6.803124,14.505880,62.031193,339.893860
3.8403130,10.848128,-4.455609,6.690597,13.501793,60.295036,337.670776
3.8507497,11.241974,-3.675100,6.750452,13.618258,60.284653,341.896973
3.8605330,11.863270,-2.445677,6.381745,13.691062,62.216953,348.351349
3.8701239,12.206838,-1.258153,5.339070,13.382656,66.487167,354.115326
3.8803508,12.021287,-0.293290,4.280833,12.764125,70.404350,358.602386
3.8904319,11.295844,0.371101,3.463213,11.820645,72.963547,1.881656
3.8999460,10.465055,0.754174,2.567781,10.801836,76.248161,4.121945
3.9100647,9.842564,0.993594,1.582567,10.018373,80.911118,5.764405
3.9203660,9.607931,1.102530,0.729034,9.698422,85.688988,6.546175
3.9305818,9.776723,1.022324,-0.272939,9.833817,91.590454,5.969562
3.9399569,9.882068,0.786495,-0.781707,9.944089,94.508682,4.550472
3.9499409,9.734824,0.523133,-0.608127,9.767818,93.569443,3.076020
3.9600689,9.344569,0.294487,-0.193930,9.351219,91.188316,1.805034
3.9699268,8.875306,0.256180,0.123301,8.879859,89.204391,1.653344
3.9801750,8.492233,0.456095,0.258574,8.508403,88.258492,3.074251
3.9899120,8.292317,0.852336,0.153229,8.337415,88.946930,5.868607
4.0007238,8.479065,1.625663,-0.198719,8.635786,91.318558,10.853420
4.0109468,8.942344,1.860295,-0.252588,9.137286,91.584068,11.751747
4.0203676,9.415198,2.000355,-0.077812,9.625666,90.463173,11.994721
4.0302420,9.722853,2.194286,0.307655,9.972132,88.232063,12.717645
4.0404720,9.789890,2.437297,0.709881,10.113668,85.975082,13.980182
4.0499978,9.634268,2.651578,0.852336,10.028782,85.124611,15.388165
4.0601859,9.306262,2.816778,0.664391,9.745879,86.091034,16.839783
4.0700068,8.920795,2.838326,0.337582,9.367532,87.934753,17.649490
4.0801969,8.577228,2.712631,0.107739,8.996599,89.313835,17.550058
4.0899410,8.362947,2.486378,0.093374,8.725232,89.386833,16.557682
4.1000829,8.248025,2.273294,0.254982,8.559369,88.292915,15.409102
4.1100569,8.176199,2.196680,0.507571,8.481348,86.569054,15.038400
4.1200490,8.070854,2.311602,0.697910,8.424326,85.247910,15.982427
4.1303558,7.861362,2.536657,0.736217,8.293229,84.906960,17.883539
4.1399536,7.576451,2.814384,0.719458,8.114246,84.913132,20.378252
4.1499891,7.411252,3.023877,0.633266,8.029415,85.476479,22.196030
4.1601458,7.477092,3.136404,0.527921,8.125431,86.274780,22.756512
4.1699290,7.819463,3.107674,0.430956,8.425400,87.068062,21.674261
4.1801348,8.250419,3.059790,0.591368,8.819378,86.155251,20.348043
4.1901188,8.536526,3.113659,0.731429,9.116037,85.397903,20.039213
4.2001209,8.398860,3.337517,0.611719,9.058371,86.127823,21.671755
4.2099452,7.851785,3.635595,0.287304,8.657403,88.098236,24.845453
4.2201858,7.237672,4.054581,-0.144849,8.297258,91.000290,29.257772
4.2300797,6.787562,4.638766,-0.149638,8.222623,91.042740,34.349541
4.2404571,6.964733,5.273229,-0.524330,8.751535,93.434814,37.130566
4.2500911,7.736863,5.744887,-0.774524,9.667609,94.595200,36.595158
4.2605076,8.793902,6.041768,-0.748188,10.695581,94.011292,34.490646
4.2700448,9.853337,6.167464,-0.377087,11.630480,91.857986,32.043537
4.2804217,10.378864,6.218939,0.237026,12.101744,88.877724,30.929729
4.2902021,10.256760,6.262034,0.745794,12.040365,86.448761,31.405216
4.3008537,9.574412,6.332664,0.951695,11.518582,85.260674,33.481262
4.3101420,8.743625,6.528988,0.908600,10.950078,85.240326,36.749218
4.3212790,8.289924,6.848614,0.389058,10.760005,87.927864,39.561375
4.3310781,8.321048,7.170634,-0.186748,10.986024,90.973999,40.753006
4.3403049,8.714894,7.407660,-0.568623,11.451906,92.846085,40.364536
4.3504710,9.108741,7.511808,-0.834379,11.836072,94.042397,39.511765
4.3605657,8.935161,7.455544,-0.738611,11.660522,93.631714,39.841793
4.3712702,8.172607,7.298724,-0.800860,10.986549,94.180260,41.767136
4.3802738,7.250840,7.285556,-0.909797,10.318998,95.058174,45.136837
4.3910518,6.664260,7.660248,-0.839168,10.188030,94.724693,48.977394
4.4006557,6.776788,8.313866,-1.199495,10.792775,96.380959,50.815876
4.4104424,7.304709,8.848969,-1.485602,11.570223,97.377075,50.460770
4.4200602,7.848193,9.072827,-1.252167,12.061436,95.958946,49.139481
4.4302959,8.113950,9.006987,-0.763750,12.146823,93.604942,47.985870
4.4404750,7.930793,8.805874,-0.483629,11.860641,92.336937,47.993000
4.4500937,7.450756,8.657434,-0.872687,11.455414,94.369087,49.284073
4.4600868,6.909666,8.875306,-1.600524,11.361172,98.098579,52.098278
4.4702358,6.467936,9.617508,-1.865083,11.739216,99.141678,56.078503
4.4799232,6.496666,10.639832,-1.987187,12.623851,99.056900,58.591820
4.4899569,7.062895,11.522096,-1.769315,13.629880,97.458702,58.492245
4.5000739,9.131485,11.698070,-0.578200,14.851369,92.231224,52.024487
4.5102658,9.603143,11.038467,0.125696,14.631606,89.507782,48.977688
4.5198998,9.033323,10.165780,0.505177,13.608792,87.872612,48.375671
4.5302701,7.484274,9.288305,0.331597,11.933019,88.407646,51.139038
4.5400391,5.798757,8.986636,0.235829,10.697701,88.736824,57.167286
4.5499392,4.353856,9.089587,-0.329203,10.083899,91.870834,64.405869
4.5604477,3.463213,9.662998,-0.585382,10.281539,93.263916,70.282349
4.5705938,3.205836,10.381259,-0.322020,10.869757,91.697655,72.838791
4.5800409,2.567781,10.911574,-1.213860,11.275167,96.180321,76.757729
4.5908680,1.750161,10.532093,-2.194286,10.899675,101.613960,80.565140
4.6006188,0.846350,9.749189,-2.475605,10.094138,104.196709,85.038460
4.6100163,0.885855,8.382100,-2.287660,8.733712,105.184875,83.967140
4.6205969,2.906561,7.364564,-1.142034,7.999321,98.207954,68.462418
4.6300411,6.578069,7.222109,0.481235,9.780667,87.179756,47.671997
4.6401625,10.356119,7.314286,1.655591,12.786281,82.560349,35.232674
4.6501098,12.694057,7.526173,2.834735,15.027246,79.126595,30.663256
4.6599560,12.515690,8.095993,3.988740,15.430413,75.019005,32.897514
4.6705456,10.418368,8.556877,3.999514,14.062669,73.476624,39.397152
4.6801081,7.615956,8.556877,2.744952,11.779546,76.524651,48.329662
4.6900349,4.770447,8.252813,0.964863,9.581078,84.220222,59.970417
4.7001767,2.373851,8.057686,-0.505177,8.415264,93.441589,73.584656
4.7109089,0.744597,8.294712,-1.569399,8.474649,100.672066,84.870445
4.7211246,-0.143652,8.832211,-1.900996,9.035617,102.145164,90.931808
4.7299747,-0.375890,9.524135,-1.847127,9.708879,100.967453,92.260124
4.7400799,-0.132878,10.195708,-1.884237,10.369207,100.469650,90.746681
4.7499089,0.373495,10.708067,-2.079364,10.914483,100.982796,88.002342
4.7600846,1.024718,10.869676,-2.088941,11.115915,100.831627,84.614464
4.7700911,1.632846,10.637438,-1.885434,10.925939,99.936981,81.273216
4.7805400,2.317587,10.226832,-1.709460,10.624574,99.258957,77.231392
4.7904849,2.801216,9.809045,-1.364695,10.292063,97.619682,74.061996
4.8000679,3.096900,9.528923,-1.051055,10.074516,95.988457,71.995842
4.8099837,3.247735,9.369708,-0.851139,9.953073,94.905647,70.882629
4.8204098,3.203442,9.202114,-0.909797,9.786147,95.334366,70.805962
4.8301268,3.056198,8.933964,-1.091756,9.505157,96.595512,71.114815
4.8399377,3.044227,8.585608,-1.294066,9.200792,98.085304,70.476852
4.8498988,3.147178,8.200141,-1.340753,8.885080,98.679047,69.003418
4.8599887,3.418920,7.934384,-1.236605,8.727695,98.145508,66.688828
4.8701048,3.770868,7.841011,-0.945710,8.751871,96.203377,64.316353
4.8802419,4.103662,7.991845,-0.533907,8.999704,93.401070,62.820358
4.8900309,4.369418,8.292317,-0.304064,9.377995,91.858032,62.214195
4.9003191,4.501099,8.595184,-0.451307,9.712917,92.663185,62.359989
4.9106698,4.416105,8.780735,-0.679953,9.852189,93.957443,63.300751
4.9204731,4.309563,8.919599,-0.858321,9.943254,94.952049,64.212181
4.9299898,4.305972,9.022549,-0.998382,10.047116,95.702896,64.487396
4.9402189,4.384980,9.095572,-1.100136,10.157154,96.217987,64.261261
4.9504786,4.398149,9.226056,-0.991199,10.268704,95.539169,64.512421
4.9601040,4.294001,9.333796,-0.871489,10.311047,94.848419,65.295265
4.9701161,4.185065,9.412804,-0.987608,10.348479,95.476364,66.029396
4.9802332,4.108450,9.378088,-1.461660,10.342357,98.124672,66.342239
4.9907241,4.331111,9.200917,-1.660379,10.303992,99.273033,64.792419
5.0001907,4.481946,9.045294,-1.717840,10.239929,99.657547,63.641575
5.0100656,4.520253,8.963891,-1.446098,10.142743,98.196854,63.239399
5.0200567,4.623203,8.904037,-1.534683,10.149440,98.696976,62.560509
5.0300808,4.845864,8.796297,-1.727417,10.190250,99.759712,61.149712
5.0404267,5.145139,8.662222,-1.891419,10.251049,100.632553,59.290768
5.0500760,5.448006,8.508993,-2.033874,10.306327,101.381584,57.370007
5.0602541,5.600038,8.371326,-1.993173,10.267048,101.194084,56.219273
5.0699286,5.555745,8.234857,-1.890222,10.111979,100.773621,55.993954
5.0800920,5.384560,8.058883,-1.875857,9.872077,100.953743,56.251049
5.0901799,5.292383,7.869741,-1.842338,9.661074,100.993469,56.079258
5.1000843,5.425261,7.744045,-1.692701,9.605672,100.149597,54.985992
5.1099749,5.821501,7.667431,-1.556231,9.751986,99.182571,52.792393
5.1200857,6.245275,7.718906,-1.250970,10.007492,97.180954,51.024094
5.1299796,6.607996,7.854179,-0.956484,10.308666,95.323814,49.924923
5.1406207,6.756437,7.964312,-0.731429,10.469704,94.006027,49.690754
5.1499624,6.643910,8.010999,-0.617704,10.425891,93.396599,50.329437
5.1599212,6.397307,8.031349,-0.705092,10.292000,93.928345,51.461205
5.1708708,6.121974,8.040926,-0.881066,10.144523,94.982498,52.716103
5.1801529,5.900510,8.018182,-1.059434,10.011476,96.074524,53.650970
5.1899676,5.840655,8.009802,-1.258153,9.992654,97.233185,53.900902
5.1998959,5.845443,7.975086,-1.383849,9.984300,97.966988,53.759960
5.2099166,5.833472,7.977480,-1.325191,9.971245,97.637276,53.824142
5.2199626,5.796362,7.969100,-1.248576,9.932941,97.221214,53.969559
5.2299318,5.755661,8.021772,-1.258153,9.952859,97.262260,54.340374
5.2401490,5.713762,8.074445,-1.298854,9.976510,97.480644,54.715427
5.2503281,5.622783,8.072051,-1.416170,9.938774,98.191925,55.139923
5.2601147,5.560534,8.054094,-1.651999,9.925577,99.580818,55.378864
5.2702613,5.451597,7.915231,-1.853112,9.787993,100.913399,55.442959
5.2798920,5.434838,7.746439,-2.074576,9.687551,102.365585,54.946819
5.2899909,5.448006,7.553706,-2.177526,9.564563,103.159706,54.199493
5.3001957,5.531803,7.402872,-2.075773,9.471651,102.659485,53.231041
5.3099599,5.700594,7.350199,-1.898602,9.493519,101.536331,52.203918
5.3198981,5.821501,7.390901,-1.751359,9.569877,100.544983,51.773983
5.3298917,5.822699,7.386112,-1.686715,9.555285,100.167221,51.750206
5.3402290,5.777209,7.384915,-1.772906,9.542343,100.707405,51.963978
5.3499160,5.728127,7.402872,-1.923741,9.555875,101.613869,52.268333
5.3601770,5.710171,7.405266,-2.062605,9.575926,102.438690,52.364326
5.3699789,5.780800,7.353790,-2.090138,9.584599,102.595848,51.829182
5.3801570,5.946000,7.321469,-1.924938,9.626225,101.535095,50.918839
5.3901258,6.233304,7.369353,-1.657985,9.793384,99.746910,49.774075
5.4000964,6.487090,7.441179,-1.367089,9.966063,97.884377,48.918652
5.4099059,6.588843,7.534553,-1.108515,10.070310,96.319786,48.830837
5.4199047,6.488286,7.576451,-1.079785,10.033265,96.178169,49.424065
5.4299469,6.633136,7.721301,-0.817620,10.212026,94.592270,49.335121
5.4402452,6.873753,8.121132,-1.234211,10.710955,96.616821,49.755310
5.4499965,5.819107,7.620744,-2.861071,10.006172,106.614487,52.635090
5.4602995,4.734534,7.556100,-1.762132,9.089312,101.178642,57.929386
5.4732509,5.561730,7.437588,-1.598130,9.423617,99.763847,53.211342
5.4899955,6.505046,7.213730,-1.041478,9.769247,96.119804,47.957153
5.4998999,6.795941,7.313089,-0.905008,10.024227,95.179832,47.099159
5.5098805,6.750452,7.497443,-0.939724,10.132291,95.321571,48.001163
5.5200701,6.453571,7.741651,-1.144428,10.143542,96.478096,50.184845
5.5298548,6.089652,7.933187,-1.294066,10.084341,97.372772,52.489532
5.5400310,5.880159,7.984663,-1.583764,10.041883,99.074341,53.630886
5.5499349,5.743690,7.920019,-1.869871,9.960577,100.820175,54.049942
5.5600138,5.760449,7.777564,-2.061408,9.895589,102.023674,53.474518
5.5704708,5.947197,7.710526,-2.093729,9.960175,102.134666,52.356682
5.5804682,6.132748,7.758410,-1.916559,10.073565,100.967735,51.674881
5.5898995,6.234501,7.870938,-1.738190,10.190289,99.821152,51.617565
5.5999718,6.126762,8.063671,-1.412579,10.225232,97.940598,52.772499
5.6100836,5.841852,8.158242,-1.517924,10.148313,98.602242,54.394779
5.6199112,5.388151,8.121132,-1.460463,9.854841,98.522484,56.436806
5.6299372,5.177461,8.037335,-1.437718,9.668087,98.552040,57.211323
5.6398687,5.187038,7.897274,-1.418565,9.554299,98.538498,56.702545
5.6500607,5.293580,7.803900,-1.382651,9.530718,98.341515,55.849979
5.6601491,5.418078,7.831434,-1.177947,9.595545,97.051407,55.323067
5.6700039,5.566519,7.953538,-1.130063,9.773533,96.639664,55.012611
5.6799898,5.718551,8.142680,-1.145625,10.015863,96.567932,54.919888
5.6899328,5.580884,8.510190,-1.157596,10.242539,96.489349,56.743603
5.7002468,6.402095,9.971850,-2.097321,12.034259,100.036713,57.298855
5.7098908,6.915652,11.013328,-2.774880,13.297353,102.044952,57.873859
5.7200809,5.584476,9.645041,-2.659958,11.458122,103.423454,59.929176
5.7302232,4.016273,7.420828,-1.978808,8.666882,103.198082,61.577023
5.7400289,4.298789,7.091625,-1.429338,8.415091,99.779343,58.776669
5.7501321,5.111620,7.396886,-0.920571,9.038255,95.845863,55.353577
5.7600260,5.465962,7.254431,-0.463278,9.094952,92.919792,53.003242
5.7699556,5.740098,7.273585,-0.278924,9.269928,91.724243,51.720539
5.7803960,6.071695,7.489063,-0.192733,9.643064,91.145233,50.966877
5.7902246,6.234501,7.599196,-0.155623,9.830616,90.907059,50.633999
5.8003149,6.197391,7.491457,-0.110133,9.723256,90.648994,50.400368
5.8103070,5.928043,7.283162,-0.192733,9.392725,91.175758,50.856541
5.8198566,5.485116,7.114370,-0.463278,8.995298,92.952164,52.368099
5.8299160,5.179855,7.278373,-1.000776,8.989281,96.391991,54.561394
5.8399682,5.026627,7.557298,-1.549049,9.207566,99.685303,56.370712
5.8500481,5.049371,7.921216,-1.960851,9.596185,101.790665,57.484570
5.8599477,5.233725,8.327033,-2.128445,10.062884,102.211121,57.849728
5.8703485,5.419276,8.477868,-1.833959,10.227717,100.329720,57.412220
5.8803902,5.679047,8.507795,-1.278504,10.308673,97.124290,56.276455
5.8899117,5.841852,8.252813,-0.836774,10.145755,94.730858,54.706776
5.9002771,5.925649,7.946355,-0.553061,9.927928,93.193459,53.287865
5.9099698,5.905299,7.863756,-0.615310,9.853416,93.580238,53.095230
5.9202685,5.774815,7.904457,-0.934936,9.833770,95.455582,53.848995
5.9300656,5.638345,7.946355,-1.168370,9.813286,96.837860,54.642353
5.9400005,5.609614,7.993042,-1.181539,9.836287,96.899048,54.938354
5.9499469,5.706580,8.043321,-1.003170,9.912941,95.808167,54.645039
5.9603558,5.711368,7.900866,-0.821211,9.783546,94.814957,54.137630
5.9702387,5.571307,7.767987,-0.928950,9.604376,95.550415,54.351391
5.9798779,5.554548,7.775170,-0.974440,9.604988,95.822762,54.458149
5.9904346,5.695806,7.788338,-0.985214,9.699024,95.830086,53.821064
6.0000939,5.956774,7.872135,-1.023521,9.924780,95.919312,52.885536
6.0098820,6.105214,7.951144,-1.192312,10.095342,96.782761,52.481468
6.0202446,6.007052,7.989451,-1.237802,10.072147,97.059128,53.061485
6.0299039,5.835866,7.975086,-1.167173,9.950961,96.735870,53.804745
6.0403996,5.738902,7.912837,-1.107318,9.837384,96.463043,54.047947
6.0499272,5.826290,7.888895,-1.146823,9.873981,96.669724,53.552528
6.0606380,5.929241,7.896077,-1.127669,9.938590,96.515022,53.096760
6.0699401,5.839458,7.845799,-1.060631,9.837722,96.189240,53.340492
6.0798669,5.770026,7.878121,-0.981623,9.814355,95.740273,53.780525
6.0900660,5.825093,7.954735,-0.969652,9.907055,95.616806,53.785431
6.1001830,5.914876,7.943961,-0.890643,9.944119,95.138573,53.329548
6.1103039,6.008249,7.890092,-0.853533,9.953951,94.919044,52.710983
6.1200280,6.027403,7.870938,-0.938527,9.958016,95.408058,52.555847
6.1300478,5.907693,7.864953,-1.007959,9.888089,95.850700,53.088264
6.1399717,5.765238,7.884106,-1.004368,9.818647,95.871162,53.823933
6.1499634,5.726931,7.902063,-0.907402,9.801209,95.312088,54.067703
6.1604595,5.822699,7.894880,-0.848745,9.846488,94.944901,53.590168
6.1703138,5.859808,7.694964,-0.580594,9.689527,93.435204,52.710289
6.1803498,5.697003,7.433996,-0.174777,9.367534,91.069069,52.535442
6.1905856,5.357026,7.352593,-1.086968,9.161870,96.813637,53.923294
