Keuwl Accelerometer Data File
2019-06-27 16-11-30

Time (s), X (m/s2), Y (m/s2), Z (m/s2), R (m/s2), Theta (deg), Phi (deg)
0.0000000,1.897405,6.508637,7.580042,10.169540,41.809349,73.747482
0.0098128,1.783680,6.707356,7.337031,10.099612,43.409012,75.108047
0.0196843,1.868674,7.147889,7.380127,10.442726,45.030994,75.349052
0.0296365,1.713051,6.873753,7.319075,10.185866,44.064941,76.006027
0.0396446,1.448492,6.623559,7.020997,9.760330,43.999977,77.664307
0.0496261,1.385046,6.676231,6.866570,9.676787,44.798271,78.279716
0.0598334,1.443704,6.691794,6.809110,9.655483,45.153770,77.825470
0.0698120,1.399411,6.551733,6.829460,9.566875,44.449715,77.943138
0.0799438,1.373075,6.470330,6.981492,9.617263,43.453449,78.018951
0.0898188,1.407791,6.493075,7.150283,9.760555,42.897774,77.766808
0.0998257,1.572991,6.573281,7.174225,9.856563,43.292473,76.542160
0.1098587,1.772906,6.833052,7.114370,10.022378,44.777409,75.454750
0.1199747,1.701080,6.811504,6.989872,9.906996,45.126076,75.977974
0.1299352,1.553837,6.679823,7.076063,9.854193,44.104107,76.904938
0.1399404,1.292869,6.527791,7.238869,9.832842,42.591885,78.797203
0.1499821,2.003947,6.791153,7.281964,10.156898,44.196953,73.559624
0.1599009,2.384625,6.988675,7.247249,10.346527,45.536697,71.159706
0.1698662,2.282871,6.853402,7.534553,10.437917,43.793022,71.577065
0.1800295,2.003947,6.502652,7.569269,10.178119,41.954109,72.872070
0.1900591,1.776498,6.307524,7.413646,9.894592,41.473476,74.270264
0.1998699,1.611298,6.284780,7.234080,9.717338,41.888046,75.620178
0.2099348,1.489193,6.404490,7.144298,9.709593,42.625320,76.909996
0.2199312,1.386243,6.502652,7.113173,9.736703,43.067257,77.965767
0.2299774,1.346738,6.575675,7.161057,9.814986,43.146759,78.425537
0.2398926,1.426944,6.646304,7.213730,9.911984,43.299515,77.882690
0.2497926,1.624466,6.788759,7.279570,10.085548,43.798176,76.542870
0.2599811,1.745373,6.842628,7.329848,10.178142,43.932652,75.690498
0.2700679,1.697489,6.627151,7.290344,9.997485,43.179138,75.633049
0.2801178,1.684321,6.563704,7.248446,9.922656,43.072136,75.607796
0.2899787,1.651999,6.612785,7.202956,9.916682,43.418953,75.973518
0.2999132,1.584962,6.627151,7.168240,9.890141,43.548920,76.549683
0.3103549,1.558625,6.629545,7.170634,9.889296,43.523624,76.769859
0.3201903,1.532289,6.622362,7.173028,9.882101,43.459507,76.972107
0.3301385,1.534683,6.570887,7.146692,9.828886,43.355247,76.853767
0.3400506,1.539472,6.538565,7.131130,9.796724,43.288563,76.751297
0.3499466,1.502362,6.558916,7.128736,9.802823,43.346786,77.098595
0.3601836,1.480814,6.597223,7.127539,9.824356,43.489811,77.349060
0.3699196,1.487996,6.540959,7.048530,9.730368,43.582314,77.183952
0.3799476,1.533486,6.552930,7.058106,9.752402,43.636696,76.828926
0.3900296,1.525106,6.588843,7.110779,9.813357,43.564243,76.967377
0.4001352,1.498770,6.604405,7.155072,9.851880,43.425850,77.214142
0.4099134,1.525106,6.598420,7.149086,9.847565,43.449974,76.985649
0.4198505,1.545457,6.587646,7.149086,9.843524,43.425144,76.797211
0.4297691,1.497573,6.519411,7.077260,9.738226,43.385342,77.063026
0.4398884,1.467646,6.523003,7.086837,9.743039,43.333271,77.319870
0.4497920,1.395820,6.582858,6.945579,9.670750,44.093536,78.028397
0.4598444,1.358709,6.652289,6.719327,9.552402,45.298164,78.456291
0.4699055,1.304840,6.821081,6.629545,9.601073,46.330269,79.170425
0.4798526,1.428141,6.955156,5.621585,9.056269,51.629829,78.396423
0.4899981,0.905008,6.928820,6.354211,9.444765,47.718319,82.558434
0.4999079,0.271742,6.218939,5.892130,8.571245,46.572994,87.498001
0.5098683,0.426168,5.596447,4.469975,7.175131,51.465805,85.645348
0.5200495,0.560243,6.515820,5.679047,8.661487,49.029789,85.085678
0.5300230,1.534683,8.000225,5.097255,9.609415,57.964550,79.140869
0.5399849,2.049437,9.028535,3.533842,9.909726,69.108261,77.210838
0.5498338,0.591368,8.118738,3.682282,8.934362,65.660141,85.833939
0.5600272,-1.292869,6.550536,5.949591,8.943079,48.296707,101.164879
0.5699999,-1.070208,5.528212,7.242460,9.173860,37.864262,100.956375
0.5800393,1.307234,5.541380,6.946776,8.981840,39.337578,76.726372
0.5901104,3.499126,6.148310,7.139510,10.050781,44.737106,60.354935
0.6000885,4.519056,6.259640,7.304709,10.628440,46.584850,54.173149
0.6100216,5.853823,6.938396,7.558495,11.812681,50.218418,49.846165
0.6199576,6.629545,7.437588,7.849391,12.683908,51.768059,48.287567
0.6299056,6.454768,7.123947,8.262390,12.676030,49.321632,47.821339
0.6400326,6.183026,6.818686,8.598776,12.596160,46.948883,47.798992
0.6499116,5.334281,5.938818,8.613141,11.743522,42.824635,48.069630
0.6600077,4.687847,5.319916,8.335413,10.943333,40.386703,48.613880
0.6699296,4.376601,5.191826,8.160637,10.616294,39.763618,49.869816
0.6798571,4.477157,6.159084,7.121553,10.425726,46.915596,53.985870
0.6898404,3.332729,7.084443,6.199785,9.986678,51.625015,64.806335
0.6998510,2.640805,7.026982,5.586870,9.357640,53.341923,69.403320
0.7100713,2.139219,6.930017,5.354632,9.015181,53.561668,72.845123
0.7201390,1.823185,6.936002,5.373785,8.961568,53.155312,75.272499
0.7300218,1.982399,7.467515,5.037400,9.223290,56.895969,75.132629
0.7399727,-1.367089,8.944737,7.819463,11.959150,49.167667,98.689682
0.7499812,-1.058237,7.730877,5.876568,9.768335,53.015888,97.794464
0.7599480,2.565387,6.555324,4.376601,8.289036,58.129662,68.627403
0.7699138,5.330690,5.689820,4.811148,9.161738,58.322678,46.866463
0.7798952,6.101623,6.039374,5.816713,10.370052,55.880932,44.706238
0.7898605,5.537788,6.835446,6.490681,10.932491,53.579594,50.987076
0.7998850,4.769250,7.310695,6.714539,11.012585,52.431099,56.880932
0.8098738,3.810372,7.156269,6.627151,10.471401,50.737003,61.966827
0.8198333,2.867057,6.791153,6.634333,9.917366,48.013058,67.111732
0.8299000,2.191892,6.636727,6.319495,9.422662,47.881214,71.723320
0.8399352,2.256535,6.555324,5.683835,8.964943,50.653641,71.005035
0.8499085,3.116054,7.043741,5.316325,9.358813,55.385262,66.136063
0.8604006,3.815161,7.727286,4.892551,9.909765,60.415272,63.723259
0.8701551,4.230555,7.679402,4.443638,9.829381,63.122971,61.149792
0.8807404,4.528633,7.653066,4.751293,10.082297,61.884464,59.385456
0.8906220,5.098453,7.748834,4.553771,10.333222,63.851940,56.656528
0.9005083,5.233725,8.052897,4.147954,10.461671,66.641029,56.979424
0.9101894,6.187814,8.019379,3.751714,10.801612,69.675964,52.345947
0.9199800,6.914454,7.564480,3.775656,10.921842,69.775604,47.570545
0.9302003,7.190985,7.144298,3.715801,10.796223,69.868492,44.813400
0.9401900,6.744466,6.333860,3.622427,9.936176,68.618904,43.201736
0.9500513,5.929241,5.675455,3.938462,9.103745,64.366051,43.747185
0.9599860,6.361394,4.853047,4.794389,9.327677,59.069630,37.339664
0.9706558,7.179014,4.945224,5.503073,10.309088,57.736897,34.560799
0.9803512,8.091205,5.207389,5.762844,11.215831,59.081829,32.764778
0.9901270,8.589199,4.370615,6.677429,11.724533,55.282806,26.969273
0.9999912,9.281123,4.553771,6.250063,12.080537,58.844242,26.134821
1.0099070,9.303867,5.304354,6.871359,12.724531,57.315762,29.688482
1.0199593,8.817844,5.523423,7.218518,12.663712,55.248657,32.062679
1.0298250,7.473501,4.243722,7.513005,11.415236,48.840622,29.589470
1.0398103,5.898116,3.518279,6.215348,9.262646,47.854767,30.816456
1.0498044,3.886986,3.954024,4.815937,7.344128,49.023201,45.489845
1.0602236,2.996343,4.781221,5.497087,7.877570,45.748032,57.925037
1.0701910,3.313575,5.352238,6.435614,9.002408,44.366886,58.238312
1.0800544,4.441244,5.062540,6.171055,9.134324,47.500042,48.740303
1.0898764,4.981137,4.611232,6.726510,9.556209,45.260147,42.791634
1.1000465,5.855020,4.793192,6.050148,9.688149,51.355274,39.305355
1.1099291,6.366182,5.340267,5.869385,10.173318,54.764458,39.991577
1.1200714,6.294356,5.542577,5.413290,9.982123,57.159760,41.365948
1.1299475,6.216545,5.104438,5.088876,9.518265,57.680279,39.389599
1.1399086,5.859808,4.774038,4.766856,8.935979,57.761463,39.170013
1.1497931,5.093664,4.570531,4.454412,8.165596,56.940495,41.901543
1.1597784,4.314352,4.587290,4.199430,7.569153,56.302479,46.756229
1.1702124,3.960010,4.590882,4.199430,7.375167,55.291512,49.219555
1.1800085,4.079720,4.786009,3.827132,7.361856,58.677170,49.554859
1.1899180,5.354632,5.257667,4.139575,8.570369,61.117821,44.476501
1.1998993,5.890934,6.186617,4.161122,9.502225,64.029373,46.402443
1.2097900,6.224925,6.909666,4.491522,10.327970,64.221756,47.984283
1.2199633,5.692214,7.023391,5.104438,10.381937,60.549908,50.976433
1.2299564,6.475119,7.662642,5.218163,11.308071,62.518986,49.801380
1.2400225,7.987057,9.974244,5.222951,13.804269,67.768013,51.313366
1.2499261,7.825448,9.242816,5.121197,13.148914,67.078049,49.747013
1.2598844,7.032968,7.284359,5.740098,11.639297,60.451153,46.005924
1.2699220,6.856994,5.844246,6.616376,11.178104,53.707687,40.441105
1.2799493,6.974309,5.266047,7.113173,11.268073,50.856266,37.055122
1.2899339,7.222109,5.238513,7.858967,11.889670,48.624489,35.955029
1.3006427,7.496245,5.583278,7.681796,12.098623,50.585098,36.679108
1.3106577,7.327454,6.458359,6.919243,11.969875,54.686161,41.392693
1.3204472,6.688202,7.797915,5.855020,11.824585,60.319931,49.380600
1.3303009,5.074511,9.290700,4.438850,11.479161,67.251450,61.356964
1.3401282,3.547010,10.406398,1.982399,11.171584,79.778725,71.178375
1.3501174,2.735375,10.448297,1.410185,10.892098,82.561111,75.329163
1.3603126,2.117671,10.090364,1.942895,10.491654,79.328094,78.147316
1.3702102,1.644817,9.469068,2.234987,9.867311,76.908653,80.145813
1.3800462,1.154005,9.048885,2.111686,9.363400,76.966217,82.732292
1.3899419,0.513556,8.741230,1.792060,8.937803,78.433601,86.637680
1.3999813,0.059855,8.508993,1.315614,8.610307,81.211052,89.596970
1.4099405,-0.207098,8.459911,0.816423,8.501738,84.489388,91.402321
1.4199367,-0.080206,8.650250,0.679953,8.677303,85.505699,90.531235
1.4299731,0.486023,8.795100,0.725443,8.838342,85.291916,86.837013
1.4399374,1.320402,8.668207,0.938527,8.818283,83.890457,81.338882
1.4502560,2.154782,8.425196,1.284489,8.790729,81.597939,75.653870
1.4600418,2.788048,8.263587,1.598130,8.866459,79.616005,71.356140
1.4699087,3.288436,8.159439,1.708263,8.961496,79.010887,68.049469
1.4798357,3.797204,8.107965,1.804031,9.133038,78.607559,64.904892
1.4903011,4.338294,8.131907,1.993173,9.429816,77.797394,61.920509
1.5001159,4.827908,8.159439,2.214637,9.736003,76.851906,59.387367
1.5101012,5.295974,8.170214,2.493561,10.050751,75.635071,57.048485
1.5199819,5.712565,8.112753,2.920926,10.343209,73.596481,54.848850
1.5300258,5.932832,7.988254,3.365051,10.504011,71.315384,53.398933
1.5399373,6.025009,7.850587,3.652355,10.548561,69.742371,52.495220
1.5503649,5.968745,7.735666,3.811569,10.487826,68.689133,52.346664
1.5601892,5.896919,7.745243,3.817555,10.456393,68.586700,52.715801
1.5700414,5.882554,7.923611,3.727772,10.549139,69.306290,53.409504
1.5799016,5.986701,8.219295,3.658340,10.806519,70.212608,53.931465
1.5899495,6.076484,8.550891,3.627216,11.099463,70.925827,54.601418
1.5999095,6.148310,8.765172,3.766079,11.349595,70.620415,54.952347
1.6098776,6.143522,8.784326,3.928885,11.416802,69.871193,55.032089
1.6199687,5.935226,8.633492,3.930082,11.189711,69.437874,55.492825
1.6298301,5.606023,8.455123,3.881001,10.861803,69.065086,56.454319
1.6397943,5.270835,8.419210,3.764882,10.622577,69.241936,57.951435
1.6497124,5.080496,8.529344,3.670311,10.584533,69.710625,59.219894
1.6597695,4.917690,8.704121,3.481169,10.586025,70.801270,60.534241
1.6696866,4.823119,8.971074,3.318364,10.712337,71.954613,61.736191
1.6796696,4.744111,9.342175,3.113659,10.930586,73.449669,63.077789
1.6918372,4.724957,9.582792,3.066972,11.115820,73.983711,63.753624
1.7009294,4.594473,9.624691,3.245340,11.147919,73.075203,64.481911
1.7104495,4.551377,9.478644,3.228581,10.999249,72.930740,64.350998
1.7201155,4.387374,9.245210,3.166332,10.712078,72.807365,64.613022
1.7299045,4.280833,9.035717,3.137601,10.479230,72.577744,64.649910
1.7397755,3.988740,8.870518,3.286042,10.266169,71.331963,65.788330
1.7496966,3.797204,8.787917,3.295619,10.124591,71.003746,66.631126
1.7599617,3.635595,8.702923,3.196259,9.958639,71.279404,67.327553
1.7698071,3.687071,8.586804,3.125630,9.853794,71.506279,66.761894
1.7798374,3.727772,8.443152,3.372233,9.826243,69.928871,66.177856
1.7897550,3.758897,8.258799,3.375824,9.681593,69.593109,65.527893
1.8002278,3.691859,8.082825,3.521871,9.558528,68.379745,65.451279
1.8101057,3.596091,7.983466,3.609259,9.470710,67.598351,65.751183
1.8200827,3.459621,7.961918,3.639187,9.413013,67.256126,66.514038
1.8304242,3.406949,8.032547,3.506308,9.403367,68.106781,67.016106
1.8401909,3.393781,8.207323,3.603274,9.584439,67.916931,67.534592
1.8500502,3.391387,8.386889,3.556587,9.720634,68.538246,67.983185
1.8602369,3.351882,8.579621,3.535039,9.866180,69.004257,68.660431
1.8700597,3.223793,8.735245,3.450045,9.929761,69.668884,69.743126
1.8800542,2.935291,8.795100,3.288436,9.837863,70.472260,71.543999
1.8899289,2.589329,8.811859,3.132813,9.704021,71.165443,73.624786
1.8999897,2.179921,8.880095,3.094506,9.653191,71.302711,76.207542
1.9099171,1.847127,8.995016,2.955642,9.646658,72.158173,78.395630
1.9199574,1.598130,9.180567,2.894590,9.757841,72.743950,80.125053
1.9300785,1.462857,9.366117,2.770091,9.876108,73.710899,81.122917
1.9400806,1.364695,9.549273,2.691083,10.014636,74.412186,81.866882
1.9498847,1.212663,9.721656,2.778471,10.183371,74.166428,82.889748
1.9598671,1.122881,9.865308,2.675520,10.283169,74.918991,83.506477
1.9697639,0.976834,9.979033,2.618060,10.362892,75.366333,84.409203
1.9797657,0.733823,9.976639,2.381034,10.283051,76.611694,85.793236
1.9897072,0.492008,9.909601,2.298434,10.184550,76.957222,87.157616
1.9996704,0.372298,9.907207,2.102109,10.134604,78.028862,87.847923
2.0099037,0.469264,9.913192,2.013524,10.126493,78.531029,87.289795
2.0200086,0.746991,9.885659,2.045845,10.122734,78.339973,85.678764
2.0299234,1.076194,9.882068,2.163161,10.173138,77.723206,83.784775
2.0397992,1.400608,9.897630,2.393005,10.278679,76.537292,81.945587
2.0497339,1.665167,9.876082,2.518700,10.327325,75.883934,80.429596
2.0597486,1.883040,9.844957,2.659958,10.370361,75.137741,79.171852
2.0697126,2.031480,9.811439,2.706645,10.378688,74.883133,78.302078
2.0796807,2.045845,9.773131,2.732981,10.352235,74.692505,78.176796
2.0896821,2.007538,9.726444,2.665944,10.283053,74.974075,78.337914
2.0996754,1.951274,9.633071,2.512715,10.144814,75.659454,78.549103
2.1096585,1.848324,9.503783,2.329558,9.958164,76.471176,78.994331
2.1197190,1.804031,9.410410,2.340332,9.863442,76.274330,79.147728
2.1297698,1.780089,9.320627,2.293645,9.762358,76.411453,79.187637
2.1397727,1.716643,9.297882,2.282871,9.726715,76.425995,79.539429
2.1497126,1.742979,9.363723,2.349909,9.810165,76.140717,79.455551
2.1597085,1.696292,9.437943,2.279280,9.856333,76.629303,79.810951
2.1696780,1.667562,9.515755,2.145205,9.896073,77.480415,80.060295
2.1797609,1.634043,9.558850,2.038663,9.909483,78.127853,80.299309
2.1896918,1.584962,9.611523,1.976413,9.939803,78.530968,80.636070
2.1997840,1.589750,9.643845,1.934515,9.963603,78.804451,80.639198
2.2097228,1.581370,9.615114,1.702277,9.891861,80.090721,80.660339
2.2197247,1.496376,9.583989,1.938106,9.891828,78.700943,81.125893
2.2296858,1.466449,9.558850,1.807622,9.838170,79.412575,81.278107
2.2399621,1.435324,9.575610,1.747767,9.839063,79.767937,81.475189
2.2498140,1.555034,9.634268,1.883040,9.938968,79.078712,80.831161
2.2598343,1.650802,9.673772,1.939303,10.003394,78.821602,80.315918
2.2697375,1.704672,9.722853,1.995567,10.070852,78.571045,80.055618
2.2797060,1.744176,9.765948,2.061408,10.132388,78.261375,79.873871
2.2896757,1.868674,9.891644,2.149993,10.293641,77.944084,79.302078
2.2996643,1.889025,9.894038,2.160767,10.301908,77.892632,79.190857
2.3096519,1.921347,9.871294,2.151190,10.284047,77.925850,78.985672
2.3196437,1.948880,9.817424,2.172738,10.242106,77.752335,78.772049
2.3296416,2.017115,9.786300,2.260126,10.244441,77.254562,78.353516
2.3396766,2.075773,9.765948,2.291251,10.243652,77.075012,78.000244
2.3497362,2.086547,9.707291,2.312799,10.194813,76.887703,77.869057
2.3598013,2.093729,9.647436,2.312799,10.139318,76.814644,77.755295
2.3697326,2.128445,9.551667,2.267309,10.045164,76.955276,77.437744
2.3797631,2.151190,9.437943,2.226608,9.932783,77.046066,77.159935
2.3897169,2.109292,9.312247,2.205060,9.799457,76.996033,77.237442
2.3998907,2.014721,9.206903,2.179921,9.673583,76.976669,77.656693
2.4097660,1.956063,9.149442,2.146402,9.599245,77.079369,77.932381
2.4197078,1.911770,9.145850,2.094927,9.575498,77.362617,78.193382
2.4296732,1.872266,9.194932,2.050634,9.605064,77.672752,78.490814
2.4396698,1.847127,9.270349,2.000355,9.661918,78.051346,78.731339
2.4496558,1.847127,9.333796,1.951274,9.712831,78.410606,78.805992
2.4597433,1.842338,9.433155,1.911770,9.799667,78.750298,78.948982
2.4697554,1.848324,9.525331,1.912967,9.889777,78.847054,79.018623
2.4797535,1.866280,9.583989,1.899799,9.947114,78.989433,78.980751
2.4896910,1.863886,9.607931,1.903390,9.970422,78.994476,79.021301
2.4997828,1.887828,9.607931,1.902193,9.974697,79.006256,78.883766
2.5097256,1.896208,9.612720,1.887828,9.978169,79.094139,78.841087
2.5198040,1.914164,9.615114,1.895011,9.985265,79.060013,78.740837
2.5297201,1.952471,9.606734,1.918953,9.989187,78.924461,78.511688
2.5397241,1.983596,9.585187,1.939303,9.978545,78.793404,78.308029
2.5499258,1.995567,9.548077,1.957260,9.948814,78.654022,78.195000
2.5599341,2.014721,9.531317,1.960851,9.937305,78.619583,78.064568
2.5697803,2.024297,9.518148,1.980005,9.930425,78.498840,77.993362
2.5797820,2.015918,9.507375,1.997961,9.921993,78.383095,78.028473
2.5897233,1.985990,9.494206,1.988384,9.901403,78.415176,78.185272
2.5997286,1.974019,9.473856,1.959654,9.873750,78.552429,78.229973
2.6096776,1.971625,9.443929,1.968034,9.846231,78.470238,78.207642
2.6197071,1.965640,9.425972,1.987187,9.831663,78.338974,78.220673
2.6296973,1.996764,9.406818,2.029086,9.828148,78.085220,78.015831
2.6396773,2.021903,9.403227,2.041057,9.832329,78.019058,77.864899
2.6496556,2.051831,9.399636,2.045845,9.836089,77.995193,77.686157
2.6597443,2.055422,9.400833,2.062605,9.841482,77.902100,77.666786
2.6700654,2.079364,9.423578,2.087744,9.873512,77.792725,77.556763
2.6799295,2.098518,9.419987,2.080561,9.872622,77.834251,77.441132
2.6898606,2.109292,9.414001,2.092532,9.871738,77.762054,77.370941
2.6998205,2.121263,9.396045,2.105700,9.859989,77.668930,77.278107
2.7097299,2.139219,9.375694,2.114080,9.846280,77.601570,77.147049
2.7196858,2.152387,9.376891,2.109292,9.849262,77.633904,77.072182
2.7296610,2.169147,9.390059,2.094927,9.862411,77.736069,76.992584
2.7397304,2.172738,9.421184,2.091335,9.892076,77.794701,77.013359
2.7498875,2.165555,9.461885,2.078167,9.926514,77.915436,77.108665
2.7599936,2.181118,9.477448,2.084153,9.946003,77.904205,77.039742
2.7702434,2.172738,9.473856,2.076970,9.939242,77.938202,77.083130
2.7799726,2.157176,9.441534,2.069787,9.903534,77.936546,77.130127
2.7898016,2.127248,9.412804,2.085350,9.872930,77.806206,77.265358
2.7997925,2.129642,9.398438,2.084153,9.859498,77.796455,77.232643
2.8100855,2.115277,9.369708,2.045845,9.820963,77.976425,77.278336
2.8199396,2.115277,9.369708,2.043451,9.820464,77.990089,77.278336
2.8299785,2.064999,9.340978,2.041057,9.781819,77.956268,77.534187
2.8398912,2.044648,9.369708,2.035071,9.803751,78.019379,77.689949
2.8497469,2.025495,9.430760,2.024297,9.855945,78.147758,77.878426
2.8597693,2.009932,9.453506,2.005144,9.870623,78.279213,77.996941
2.8697779,1.990779,9.448717,2.000355,9.861180,78.296242,78.102196
2.8798048,1.965640,9.433155,1.997961,9.840732,78.285812,78.229385
2.8897147,1.953669,9.422380,2.000355,9.828504,78.256775,78.286079
2.8998754,1.958457,9.422380,2.008735,9.831166,78.210121,78.258163
2.9097636,1.958457,9.431957,2.013524,9.841324,78.193985,78.269760
2.9196866,1.960851,9.443929,2.019509,9.854499,78.174438,78.270287
2.9296701,1.969231,9.440337,2.021903,9.853219,78.158661,78.217209
2.9397368,1.969231,9.434352,2.026692,9.848469,78.124397,78.209938
2.9496956,1.991976,9.422380,2.043451,9.845045,78.020523,78.062927
2.9597573,2.021903,9.392453,2.092532,9.832851,77.712906,77.851395
2.9697642,2.049437,9.379285,2.130840,9.834208,77.486107,77.674217
2.9797947,2.082955,9.381680,2.135628,9.844568,77.470947,77.482033
2.9898744,2.100912,9.362526,2.170344,9.837740,77.254898,77.352570
2.9998944,2.105700,9.349358,2.189497,9.830482,77.130844,77.307396
3.0097725,2.112883,9.344569,2.187103,9.826936,77.140442,77.259201
3.0197575,2.112883,9.352949,2.173935,9.831985,77.225853,77.270241
3.0300961,2.105700,9.356541,2.164358,9.831748,77.282761,77.316826
3.0399680,2.104503,9.373300,2.164358,9.847443,77.303368,77.345734
3.0498793,2.098518,9.399636,2.158373,9.869930,77.368385,77.414803
3.0598300,2.097321,9.404425,2.160767,9.874760,77.360428,77.427956
3.0697312,2.075773,9.388862,2.138022,9.850416,77.464241,77.533089
3.0797834,2.030283,9.382876,2.127248,9.832884,77.505829,77.790474
3.0897336,2.005144,9.376891,2.121263,9.820715,77.525871,77.929726
3.0997443,1.969231,9.372103,2.123657,9.809388,77.496910,78.133842
3.1097071,1.952471,9.367314,2.112883,9.799132,77.548134,78.226158
3.1197588,1.956063,9.338584,2.103306,9.770324,77.568336,78.169838
3.1297879,1.962048,9.333796,2.073379,9.760547,77.735535,78.128754
3.1400297,1.974019,9.358934,2.067393,9.785730,77.803444,78.089554
3.1498246,1.958457,9.379285,2.060210,9.800562,77.865135,78.205727
3.1597071,1.965640,9.396045,2.054225,9.816784,77.921219,78.184204
3.1696653,1.985990,9.403227,2.049437,9.826751,77.962204,78.074219
3.1797285,1.972822,9.408015,2.047042,9.828182,77.978256,78.156914
3.1896639,1.980005,9.411607,2.042254,9.832067,78.011604,78.119423
3.1996958,1.999158,9.414001,2.050634,9.839977,77.971497,78.010773
3.2096772,2.007538,9.411607,2.064999,9.842397,77.888985,77.959007
3.2196715,2.019509,9.430760,2.078167,9.865923,77.840088,77.913193
3.2297189,2.021903,9.437943,2.091335,9.876060,77.774597,77.908218
3.2397351,2.029086,9.437943,2.122460,9.884170,77.600121,77.866539
3.2498035,2.029086,9.452309,2.134431,9.900460,77.549911,77.884430
3.2597640,2.042254,9.439140,2.132037,9.890083,77.550842,77.791649
3.2697034,2.038663,9.452309,2.126051,9.900625,77.599777,77.828949
3.2797098,2.029086,9.436746,2.115277,9.881485,77.639336,77.865044
3.2897606,2.021903,9.416395,2.108095,9.859039,77.653481,77.881371
3.2997866,1.996764,9.404425,2.109292,9.842732,77.625572,78.012871
3.3097360,1.975216,9.422380,2.084153,9.850199,77.784760,78.160507
3.3197403,1.965640,9.449914,2.043451,9.866118,78.046486,78.249680
3.3297498,1.964442,9.461885,2.002750,9.869008,78.291458,78.271088
3.3397677,1.970428,9.447520,1.987187,9.853280,78.364914,78.218956
3.3498032,1.976413,9.412804,1.982399,9.820234,78.353737,78.141823
3.3597369,1.984793,9.428367,1.966837,9.833715,78.462486,78.112076
3.3697717,2.035071,9.483433,1.966837,9.896740,78.536957,77.888451
3.3797321,2.087744,9.537302,1.947683,9.955515,78.717972,77.652550
3.3898194,2.128445,9.524135,1.932121,9.948493,78.801285,77.402580
3.3998351,2.165555,9.441534,1.928530,9.876812,78.740189,77.081810
3.4097493,2.223016,9.334992,1.956063,9.793368,78.478630,76.605186
3.4198761,2.319981,9.236830,1.996764,9.730797,78.158768,75.900871
3.4298193,2.414552,9.217676,2.036268,9.743819,77.937386,75.321281
3.4398069,2.539051,9.281123,2.068590,9.842007,77.867119,74.699867
3.4498599,2.674323,9.385271,2.039860,9.969771,78.193657,74.095154
3.4598029,2.791639,9.416395,1.968034,10.016731,78.669121,73.486710
3.4701796,2.838326,9.411607,1.932121,10.018360,78.880379,73.217888
3.4799631,2.875436,9.361329,1.862689,9.968562,79.230621,72.925079
3.4898794,2.919729,9.279925,1.781286,9.890137,79.623985,72.534943
3.4997663,3.032256,9.200917,1.754950,9.845369,79.732079,71.759834
3.5098474,3.151967,9.114726,1.766921,9.804852,79.618080,70.924088
3.5199089,3.268085,9.052477,1.813608,9.793717,79.328331,70.149628
3.5297918,3.385401,9.011775,1.848324,9.802517,79.131470,69.410599
3.5397847,3.460819,8.975863,1.891419,9.804124,78.876709,68.914886
3.5497990,3.507505,8.927979,1.965640,9.791585,78.419304,68.551788
3.5597394,3.561375,8.888474,2.003947,9.782850,78.179703,68.165337
3.5697703,3.622427,8.850166,2.030283,9.775964,78.013504,67.740417
3.5797806,3.694253,8.841787,2.013524,9.791781,78.133385,67.323975
3.5897911,3.749320,8.856153,1.953669,9.813544,78.516907,67.054260
3.5997407,3.801992,8.881291,1.947683,9.855250,78.601662,66.824715
3.6097748,3.927688,8.845378,1.990779,9.880822,78.376534,66.056938
3.6197701,4.070143,8.719683,2.051831,9.839153,77.963348,64.977943
3.6297877,4.140772,8.548497,2.080561,9.723761,77.645088,64.155106
3.6396952,4.092888,8.423999,2.080561,9.593967,77.475243,64.086716
3.6497893,4.006697,8.294712,1.991976,9.424640,77.798035,64.217491
3.6597390,3.933673,8.176199,1.802834,9.250634,78.761841,64.307205
3.6697693,3.870227,7.920019,1.623269,8.963279,79.566040,63.956913
3.6798494,3.846285,7.631518,1.790863,8.731619,78.164597,63.251896
3.6900771,3.842694,7.331046,2.088941,8.536638,75.835716,62.337944
3.6999266,3.706224,7.017405,2.294842,8.261136,73.871788,62.159344
3.7098057,3.307590,6.706159,2.440889,7.865790,71.921661,63.746716
3.7197840,2.817975,6.596025,2.389413,7.560280,71.575897,66.866699
3.7297688,2.369063,6.703765,2.122460,7.420092,73.378838,70.536957
3.7397635,2.057816,6.943185,1.720234,7.443227,76.637337,73.491264
3.7498012,1.934515,7.206547,1.449689,7.601202,79.005287,74.973846
3.7597454,1.953669,7.495049,1.407791,7.872385,79.698593,75.390305
3.7697101,2.082955,7.896077,1.539472,8.310037,79.324028,75.222237
3.7796707,2.021903,8.376115,1.563414,8.757377,79.716125,76.429031
3.7896507,1.836353,8.765172,1.418565,9.067125,80.999016,78.167351
3.7996576,1.446098,8.951921,1.155202,9.141257,82.739983,80.823685
3.8097010,1.029507,9.063251,0.975637,9.173563,83.894867,83.519470
3.8197308,0.694318,9.217676,1.013944,9.299232,83.740295,85.692352
3.8297107,0.499191,9.285912,1.046266,9.357992,83.580650,86.922859
3.8397367,0.539892,9.302670,0.922965,9.363922,84.343399,86.678490
3.8497782,0.627281,9.147048,0.752976,9.199399,85.305054,86.076942
3.8597775,0.769736,8.831013,0.582988,8.883645,86.237267,85.018532
3.8697944,0.884658,8.487445,0.520739,8.549298,86.507942,84.049477
3.8797150,0.968455,8.279149,0.517148,8.351626,86.449875,83.328140
3.8899443,1.083376,8.087613,0.652420,8.185893,85.428650,82.370361
3.8998635,1.058237,8.107965,0.591368,8.198090,85.863388,82.563889
3.9098325,1.018733,8.197746,0.524330,8.277427,86.368187,82.916176
3.9198561,1.203086,8.232463,0.493206,8.334514,86.607468,81.685692
3.9297717,1.422156,8.204929,0.521936,8.343609,86.413513,80.166649
3.9397831,1.572991,8.062474,0.683545,8.242877,85.243256,78.960258
3.9497268,1.691504,7.880515,0.826000,8.102221,84.148682,77.885628
3.9597561,1.592144,7.677008,0.896629,7.891471,83.475967,78.283455
3.9698143,1.337162,7.625533,0.891840,7.793082,83.428673,80.054123
3.9797690,1.165976,7.788338,0.937330,7.930718,83.212357,81.485596
3.9897258,1.187524,8.042124,1.018733,8.192911,82.857170,81.600235
3.9997137,1.225831,8.294712,1.004368,8.444741,83.169411,81.593407
4.0097671,1.268927,8.497022,1.011550,8.650595,83.284805,81.506340
4.0198774,1.363498,8.623915,1.126472,8.803407,82.648354,81.015533
4.0297666,1.477222,8.743625,1.206678,8.949259,82.250893,80.410515
4.0397635,1.553837,8.825027,1.301249,9.054765,81.737488,80.014191
4.0497818,1.522712,8.889671,1.404199,9.127797,81.150604,80.280128
4.0597553,1.477222,8.953117,1.501164,9.197499,80.606476,80.630875
4.0696959,1.319205,8.617929,1.355118,8.823001,81.165016,81.296906
4.0796905,1.443704,8.573636,1.291672,8.789763,81.549675,80.441704
4.0896683,1.323994,8.743625,1.466449,8.964062,80.584549,81.389465
4.0996900,1.019930,8.481460,1.606509,8.692312,79.349388,83.142876
4.1099353,0.787692,8.178593,1.748964,8.400519,77.983276,84.498726
4.1198564,0.640449,7.894880,1.906982,8.147141,76.463333,85.362206
4.1298056,0.275333,7.660248,2.044648,7.933209,75.064423,87.941498
4.1397176,0.092177,7.505822,1.696292,7.695666,77.266197,89.296402
4.1496716,0.141258,7.505822,1.143231,7.593701,81.341202,88.921837
4.1597171,0.207098,7.645883,0.542287,7.667887,85.944557,88.448448
4.1696978,0.199916,7.923611,0.129287,7.927187,89.065506,88.554710
4.1800437,0.053870,8.050503,-0.069432,8.050982,90.494125,89.616615
4.1898255,0.055067,8.759187,-0.258574,8.763175,91.690865,89.639801
4.1998534,-0.159214,8.656237,-0.383072,8.666172,92.533478,91.053726
4.2097354,-0.520739,8.414422,-0.269348,8.434822,91.829926,93.541313
4.2197537,-0.780510,8.249222,-0.210690,8.288742,91.456543,95.405014
4.2297115,-1.035492,8.330625,-0.272939,8.399169,91.862206,97.085495
4.2396717,-1.219846,8.561666,-0.216675,8.650844,91.435219,98.108795
4.2499261,-1.326388,9.125500,-0.232238,9.224315,91.442673,98.270004
4.2599678,-1.218649,9.601946,-0.241814,9.681991,91.431152,97.233131
4.2701259,-0.871489,10.172963,-0.480037,10.221502,92.691803,94.896416
4.2800636,-0.446519,10.565612,-0.711078,10.598923,93.846840,92.419968
4.2900925,-0.446519,10.939108,-0.721852,10.971989,93.772240,92.337433
4.3000998,0.149638,11.099519,-0.503979,11.111962,92.599525,89.227615
4.3099670,0.172383,11.173739,-0.368707,11.181150,91.889717,89.116142
4.3198929,0.049081,11.101913,-0.424971,11.110152,92.192139,89.746696
4.3299093,-0.237026,10.857705,-0.438139,10.869126,92.310242,91.250580
4.3401055,-0.453701,10.705673,-0.361524,10.721379,91.932381,92.426712
4.3505802,-0.506374,10.441113,-0.483629,10.464567,92.648918,92.776558
4.3602800,-0.414197,10.278308,-0.579397,10.302955,93.223785,92.307663
4.3701606,-0.355539,10.132261,-0.610521,10.156863,93.446083,92.009674
4.3800783,-0.354342,10.114305,-0.615310,10.139198,93.479202,92.006462
4.3899984,-0.375890,10.247183,-0.684742,10.276912,93.820396,92.100800
4.4000182,-0.476446,10.455479,-0.762553,10.494071,94.167076,92.609108
4.4100137,-0.615310,10.663774,-0.940921,10.722874,95.034119,93.302361
4.4199247,-0.760159,10.855310,-0.920571,10.920763,94.835510,94.005684
4.4301262,-0.890643,11.341333,-1.037886,11.423497,95.212822,94.490265
4.4402862,-0.924162,11.403583,-1.070208,11.490914,95.343994,94.633202
4.4504228,-0.948104,11.480197,-1.063026,11.568225,95.272453,94.721115
4.4601922,-0.943315,11.511322,-1.124078,11.604479,95.558723,94.684738
4.4703002,-0.925359,11.604695,-0.964863,11.681447,94.737907,94.559120
4.4801316,-0.853533,11.597513,-1.228225,11.693562,96.029144,94.209160
4.4900341,-0.752976,11.634624,-1.242591,11.724994,96.083511,93.702934
4.5005603,-0.648829,11.589133,-0.999579,11.650243,94.921974,93.204414
4.5108209,-0.569820,11.489774,-0.806846,11.532155,94.011971,92.839180
4.5204682,-0.508768,11.301829,-0.828394,11.343563,94.187904,92.577507
4.5303555,-0.385466,11.140221,-0.855927,11.179701,94.390907,91.981720
4.5402398,-0.253785,11.115082,-0.849942,11.150419,94.371613,91.307983
4.5500703,-0.162806,11.048044,-0.919373,11.087427,94.756447,90.844261
4.5599947,-0.130484,10.977415,-0.999579,11.023603,95.202515,90.681023
4.5701160,-0.149638,10.967838,-1.145625,11.028523,95.962547,90.781654
4.5800133,-0.240617,10.851719,-1.163582,10.916575,96.118698,91.270226
4.5899754,-0.445322,10.669760,-1.082179,10.733741,95.786407,92.389954
4.6000204,-0.659603,10.480618,-0.994791,10.548367,95.411469,93.601189
4.6101708,-0.833182,10.363302,-0.869095,10.433002,94.778419,94.596542
4.6201653,-0.979228,10.309433,-0.912191,10.395931,95.033890,95.425888
4.6300702,-1.244985,10.311827,-0.938527,10.429027,95.163139,96.884209
4.6399627,-1.555034,10.280702,-0.992397,10.444894,95.452042,98.601219
4.6499038,-1.857901,10.153810,-1.112107,10.382120,96.149178,100.369034
4.6598887,-2.008735,9.962274,-1.180341,10.231086,96.624863,101.399933
4.6698995,-2.109292,9.850943,-1.033098,10.127067,95.855133,102.085724
4.6798859,-2.084153,9.926360,-1.088165,10.201001,96.123528,101.857658
4.6898861,-1.983596,9.884461,-1.495179,10.191800,98.435974,101.347290
4.7000422,-1.765724,9.980229,-1.759738,10.286858,99.849838,100.033073
4.7100325,-1.552640,10.147824,-1.800440,10.422601,99.947388,98.698921
4.7200003,-1.271321,10.435128,-1.732205,10.654046,99.357063,96.946167
4.7300215,-0.940921,10.747571,-1.826776,10.942245,99.610367,95.003334
4.7401452,-0.644040,10.985794,-1.972822,11.180093,100.163544,93.355118
4.7500405,-0.372298,11.212047,-1.890222,11.376359,99.564255,91.901817
4.7600412,-0.214281,11.301829,-1.890222,11.460812,99.493118,91.086189
4.7704010,-0.260968,11.200075,-1.883040,11.360266,99.541191,91.334785
4.7804832,-0.470461,10.959458,-1.893813,11.131828,99.795143,92.458046
4.7901988,-0.690727,10.704475,-1.759738,10.870123,99.316475,93.692001
4.8001204,-0.806846,10.536881,-1.551443,10.681004,98.351906,94.378792
4.8104014,-0.857124,10.553641,-1.404199,10.681095,97.554306,94.643143
4.8201046,-0.920571,10.641029,-1.300052,10.759604,96.939835,94.944427
4.8303127,-0.993594,10.672154,-1.290475,10.795714,96.865318,95.318993
4.8400402,-1.162385,10.619482,-1.393425,10.773401,97.431419,96.246597
4.8499627,-1.353921,10.558430,-1.345541,10.729586,97.204132,97.307236
4.8600893,-1.472434,10.471041,-1.805228,10.727050,99.688263,98.004425
4.8700738,-1.456872,10.514136,-1.657985,10.743299,98.877785,97.888847
4.8799129,-1.322796,10.645818,-1.623269,10.849803,98.604485,97.082985
4.8899794,-1.207875,10.836157,-1.416170,10.994853,97.400429,96.360336
4.9000373,-1.061828,11.034876,-1.561020,11.195211,98.015236,95.496353
4.9099712,-0.907402,11.179725,-1.359907,11.298627,96.912903,94.640244
4.9199524,-0.800860,11.186908,-1.313220,11.292158,96.678314,94.094765
4.9302135,-0.834379,11.129447,-1.400608,11.248221,97.152931,94.287468
4.9401641,-0.746991,11.154586,-1.646014,11.300095,98.375717,93.831215
4.9505043,-0.537498,11.438298,-1.577779,11.559107,97.845169,92.690414
4.9602246,-0.661997,11.596316,-1.565808,11.720262,97.677582,93.267288
4.9701614,-0.872687,11.684901,-1.465251,11.808702,97.127762,94.271202
4.9799790,-1.055843,11.585542,-1.369483,11.713883,96.713867,95.207237
4.9899879,-1.218649,11.504139,-1.273715,11.638413,96.283073,96.046867
5.0004258,-1.264138,11.573571,-1.343147,11.719627,96.580940,96.233498
5.0104103,-1.167173,11.777079,-1.489193,11.928100,97.171951,95.659843
5.0200830,-0.974440,12.108675,-1.704672,12.266844,97.988007,94.600937
5.0302091,-0.744597,12.530055,-1.600524,12.653790,97.266563,93.400795
5.0400004,-0.641646,12.904747,-1.874660,13.055978,98.255424,92.846497
5.0499344,-0.796072,13.310564,-1.572991,13.426807,96.727821,93.422646
5.0600085,-1.104924,13.538013,-1.472434,13.662602,96.186844,94.665932
5.0703516,-1.417367,13.545197,-1.358709,13.686759,95.697243,95.973686
5.0801439,-1.638831,13.494918,-1.206678,13.647514,95.072571,96.924126
5.0901518,-1.619677,13.549985,-1.207875,13.699797,95.058182,96.816422
5.1000648,-1.383849,13.778631,-1.256956,13.904879,95.186432,95.735237
5.1099801,-1.131260,13.967772,-1.395820,14.082852,95.688202,94.630318
5.1199222,-0.893037,14.071920,-1.602918,14.191047,96.485558,93.631256
5.1301064,-0.677559,14.047978,-1.845930,14.184931,97.477287,92.761337
5.1401186,-0.530316,14.010868,-1.969231,14.158514,97.994881,92.167625
5.1499677,-0.391452,13.948619,-2.045845,14.103286,98.340851,91.607521
5.1599073,-0.300472,13.723564,-2.050634,13.879178,98.496498,91.254272
5.1705003,-0.373495,13.484144,-1.805228,13.609573,97.622406,91.586624
5.1807833,-0.508768,13.310564,-1.768118,13.437120,97.561172,92.188942
5.1903710,-0.526724,13.131000,-1.734599,13.255544,97.519196,92.297073
5.2003317,-0.490811,12.939463,-1.678335,13.057081,97.385139,92.172264
5.2104340,-0.402226,12.774263,-1.674744,12.889855,97.465393,91.803490
5.2202845,-0.283713,12.609063,-1.668759,12.722175,97.537163,91.288979
5.2306318,-0.162806,12.410344,-1.685518,12.525339,97.733681,90.751595
5.2403765,-0.069432,12.156559,-1.689109,12.273542,97.910263,90.327240
5.2502165,-0.033519,12.057199,-1.813608,12.192882,98.554100,90.159279
5.2602239,-0.116119,12.115858,-1.982399,12.277516,99.291985,90.549110
5.2700405,-0.345962,12.004527,-2.266112,12.221441,100.685677,91.650764
5.2798915,-0.588974,11.969811,-2.487576,12.239743,101.726349,92.816963
5.2903366,-0.774524,11.984177,-2.407370,12.248094,101.335320,93.697823
5.3001099,-0.909797,11.880029,-2.209848,12.118013,100.507286,94.379280
5.3105321,-0.877475,11.737574,-2.001553,11.939297,99.650871,94.275352
5.3203955,-0.684742,11.513716,-1.746570,11.665548,98.610718,93.403473
5.3302269,-0.360327,11.287464,-1.582567,11.403561,97.977158,91.828423
5.3402786,-0.070629,11.089942,-1.480814,11.188593,97.605431,90.364899
5.3503132,0.056264,10.961852,-1.363498,11.046470,97.090263,89.705925
5.3601360,0.056264,10.964247,-1.059434,11.015456,95.519073,89.705986
5.3700647,0.039504,11.004948,-1.055843,11.055552,95.480293,89.794327
5.3798933,-0.009577,11.060015,-0.864307,11.093739,94.468407,90.049614
5.3898845,-0.095768,11.105505,-0.937330,11.145403,94.824280,90.494080
5.3998995,-0.271742,11.040861,-0.682347,11.065264,93.535431,91.409904
5.4102001,-0.482432,10.936713,-0.781707,10.975223,94.084335,92.525749
5.4201021,-0.676362,10.825383,-0.714669,10.870010,93.769737,93.575150
5.4305458,-0.810437,10.754754,-0.707487,10.808426,93.753090,94.309448
5.4404864,-0.896629,10.722432,-0.749385,10.785920,93.984009,94.780052
5.4504371,-0.951695,10.743980,-0.663194,10.806417,93.518471,95.062012
5.4601808,-0.978031,10.833763,-0.864307,10.912103,94.542946,95.158463
5.4700813,-1.033098,10.893618,-0.878672,10.977716,94.590950,95.417450
5.4801507,-1.205481,10.896012,-1.052252,11.012878,95.482826,96.313248
5.4907479,-1.216254,10.821792,-0.985214,10.934400,95.169487,96.412529
5.5004191,-1.175553,10.771513,-0.995988,10.881149,95.251823,96.228348
5.5101337,-0.998382,10.697293,-1.098939,10.799839,95.840248,95.331993
5.5200934,-0.720655,10.568007,-1.084573,10.647929,95.846153,93.901085
5.5300999,-0.448913,10.336966,-1.074997,10.402404,95.931602,92.486671
5.5402241,-0.221464,10.041282,-1.027112,10.096106,95.839005,91.263474
5.5505123,-0.110133,9.757569,-0.975637,9.806842,95.709534,90.646667
5.5602369,-0.150835,9.542090,-0.646434,9.565151,93.875130,90.905617
5.5704455,-0.259771,9.393650,-0.532710,9.412329,93.244507,91.584045
5.5806804,-0.257377,9.327810,-0.462081,9.342794,92.834923,91.580528
5.5907149,-0.178368,9.336189,-0.239420,9.340961,91.468719,91.094505
5.6003866,-0.082600,9.321824,-0.143652,9.323297,90.882843,90.507683
5.6101198,0.071826,9.254786,-0.129287,9.255968,90.800331,89.555336
5.6201825,0.209493,9.127894,-0.166397,9.131814,91.044083,88.685249
5.6299977,0.282516,8.935161,-0.168791,8.941219,91.081688,88.189003
5.6400886,0.293290,8.757990,-0.161609,8.764389,91.056549,88.081978
5.6499562,0.275333,8.577228,-0.075417,8.581977,90.503517,88.161407
5.6598477,0.244209,8.383297,0.205901,8.389380,88.593643,88.331421
5.6698461,0.262165,8.137892,0.310049,8.148015,87.819252,88.154831
5.6797638,0.295684,7.835025,0.332794,7.847662,87.569542,87.838753
5.6902728,0.295684,7.535750,0.369904,7.550615,87.191956,87.753014
5.7003555,0.311246,7.261614,0.427365,7.280835,86.634964,87.545700
5.7102814,0.379481,7.113173,0.531513,7.143091,85.732712,86.946220
5.7200270,0.497994,7.095217,0.604536,7.138317,85.141869,85.985153
5.7303615,0.603339,7.182605,0.615310,7.234117,85.120720,85.198425
5.7401953,0.700304,7.370550,0.653617,7.432540,84.954895,84.572403
5.7502174,0.836774,7.592013,0.746991,7.674428,84.414268,83.710381
5.7600393,1.064223,7.801506,0.847547,7.919242,83.856224,82.232086
5.7704015,1.270124,7.909245,0.896629,8.060603,83.613434,80.876923
5.7801318,1.404199,7.897274,0.860716,8.067190,83.875267,79.917717
5.7901149,1.468843,7.775170,0.713472,7.944798,84.847687,79.302071
5.8000822,1.453280,7.642292,0.591368,7.801690,85.652809,79.233025
5.8101168,1.424550,7.571663,0.571017,7.725638,85.761292,79.344795
5.8199830,1.419762,7.559692,0.582988,7.713919,85.665672,79.363365
5.8304014,1.465251,7.536947,0.530316,7.696347,86.048912,78.998405
5.8401542,1.535880,7.472303,0.790087,7.669321,84.086952,78.385017
5.8501339,1.513135,7.328651,0.900220,7.537181,83.140373,78.334152
5.8600693,1.511938,7.162254,1.025915,7.391640,82.021935,78.079971
5.8699613,1.519121,6.993463,1.072602,7.236486,81.476128,77.744591
5.8800135,1.490391,6.902483,1.088165,7.144903,81.239792,77.815697
5.8900762,1.458069,6.845023,1.124078,7.088290,80.875381,77.975060
5.9004951,1.497573,6.791153,1.079785,7.037643,81.174255,77.564262
5.9106798,1.600524,6.719327,0.922965,6.968709,82.389145,76.601982
5.9205675,1.723825,6.642713,0.812831,6.910709,83.245285,75.452286
5.9307294,1.847127,6.635530,0.773327,6.931101,83.593971,74.444443
5.9405651,1.974019,6.703765,0.767342,7.030365,83.733864,73.592186
5.9505639,2.124854,6.791153,0.792481,7.159804,83.645210,72.625847
5.9602537,2.172738,6.880936,0.851139,7.265845,83.272789,72.475861
5.9701324,2.219425,6.931214,0.934936,7.337688,82.679726,72.244560
5.9801421,2.258929,6.946776,0.987608,7.371284,82.300331,71.986687
5.9902387,2.220622,6.961142,1.001973,7.375134,82.191742,72.307182
6.0004444,2.278083,6.953959,0.867898,7.368884,83.236076,71.861458
6.0102568,2.251747,6.981492,0.867898,7.386802,83.252556,72.123886
6.0200558,2.404976,7.005434,0.661997,7.436280,84.892624,71.052582
6.0303555,3.078943,7.332242,0.730232,7.985919,84.753555,67.221573
6.0401196,3.494337,7.643489,0.834379,8.445680,84.330292,65.431770
6.0504255,3.803190,7.953538,0.920571,8.863998,84.038795,64.444000
6.0601692,3.927688,8.197746,1.039083,9.149288,83.478859,64.400078
6.0701504,3.945644,8.317456,1.082179,9.269266,83.295471,64.621216
6.0801668,3.915717,8.301894,1.156399,9.251570,82.819534,64.748367
6.0912814,3.961207,8.214506,1.282095,9.209399,81.997520,64.255661
6.1007657,4.078523,8.098388,1.430536,9.179579,81.034546,63.269188
6.1106243,4.240131,7.905654,1.589750,9.110729,79.950897,61.793488
6.1203103,4.367024,7.636306,1.732205,8.965746,78.860260,60.235775
6.1301045,4.430470,7.363368,1.896208,8.800219,77.556732,58.965065
6.1399908,4.503493,7.174225,2.105700,8.728398,76.039848,57.882179
6.1502604,4.522647,7.147889,2.331953,8.774090,74.586861,57.677448
6.1602364,4.517859,7.268796,2.463634,8.905950,73.940956,58.137333
6.1708884,4.450821,7.516596,2.560599,9.103060,73.662796,59.368847
6.1806898,4.465186,7.849391,2.570175,9.389175,74.113167,60.366283
6.1916981,4.499902,8.135497,2.489970,9.624727,75.006737,61.052162
6.2008700,4.606444,8.286332,2.313996,9.758955,76.283661,60.929939
6.2103925,4.703409,8.340201,2.115277,9.805886,77.542519,60.579422
6.2201829,4.784812,8.309077,1.953669,9.785295,78.483299,60.064358
6.2302914,4.735731,8.227674,1.930924,9.687634,78.502899,60.075890
6.2400160,4.572925,8.109161,2.035071,9.529515,77.669258,60.580441
6.2499785,4.363432,7.991845,2.117671,9.348458,76.907356,61.366096
6.2599611,4.126407,7.880515,2.000355,9.117630,77.326546,62.362480
6.2702079,3.883395,7.799112,1.802834,8.897029,78.309013,63.530006
6.2799864,3.751714,7.864953,1.650802,8.868934,79.272797,64.498077
6.2899199,3.756502,8.072051,1.651999,9.055298,79.488403,65.044075
6.2999387,3.819949,8.347384,1.703475,9.336630,79.487465,65.410110
6.3099475,3.925294,8.571242,1.717840,9.582541,79.672897,65.394073
6.3200870,4.035427,8.695741,1.734599,9.742146,79.743744,65.105431
6.3303785,4.012682,8.777143,1.806425,9.818504,79.398232,65.431351
6.3400836,4.019865,8.774749,1.830367,9.823735,79.261848,65.386665
6.3500509,4.047398,8.724471,1.900996,9.803653,78.819122,65.112785
6.3600202,4.089296,8.651448,1.983596,9.772643,78.289055,64.701218
6.3701472,4.083311,8.578424,2.055422,9.720471,77.792488,64.545654
6.3800592,3.977966,8.544906,2.190695,9.676712,76.915474,65.036301
6.3899584,3.859453,8.522161,2.270900,9.627024,76.356018,65.635529
6.3999743,3.781641,8.499416,2.310405,9.585346,76.052361,66.014305
6.4103308,3.726575,8.479065,2.315193,9.546833,75.965332,66.274368
6.4201474,3.669114,8.481460,2.315193,9.526682,75.935036,66.606491
6.4300351,3.660734,8.577228,2.287660,9.602249,76.217194,66.887360
6.4399271,3.676297,8.754398,2.355895,9.782887,76.065178,67.220657
6.4502325,3.678691,8.962694,2.461239,9.996017,75.745941,67.684555
6.4604092,3.628413,9.131485,2.592921,10.162314,75.217491,68.329506
6.4704704,3.582923,9.263166,2.697068,10.291636,74.807426,68.853905
6.4802170,3.580529,9.323022,2.809596,10.374620,74.287270,68.990593
6.4902148,3.633201,9.378088,2.956839,10.482919,73.616653,68.822945
6.5001965,3.652355,9.448717,3.153164,10.609448,72.710289,68.866241
6.5100417,3.617639,9.568427,3.283648,10.743577,72.203438,69.289352
6.5200105,3.567361,9.653421,3.329138,10.816550,72.074394,69.718529
6.5300183,3.517082,9.719262,3.428497,10.889835,71.649170,70.106468
6.5399895,3.470395,9.758766,3.533842,10.943728,71.160988,70.423683
6.5501642,3.213019,9.795877,3.219004,10.800216,72.659485,71.840660
6.5600462,3.213019,9.803059,2.699462,10.663514,75.336044,71.853096
6.5699635,2.655170,9.834184,2.072181,10.394952,78.501343,74.890747
6.5799890,2.448071,9.900024,1.479617,10.304989,81.744797,76.110565
6.5900989,2.297236,9.975441,1.041478,10.289383,84.190651,77.031502
6.6000867,2.199074,10.010158,0.732626,10.275015,85.911247,77.609840
6.6100297,2.033874,10.014946,0.772130,10.248510,85.679199,78.520271
6.6200953,1.857901,9.935937,0.598550,10.125853,86.611206,79.408691
6.6300068,1.690306,9.803059,0.482432,9.959410,87.223518,80.216888
6.6399050,1.575385,9.676167,0.441730,9.813519,87.420105,80.752762
6.6498876,1.501164,9.561244,0.486023,9.690568,87.125168,81.077110
6.6599813,1.477222,9.472659,0.550666,9.602952,86.712662,81.136353
6.6700110,1.493982,9.423578,0.635661,9.562420,86.188461,80.991493
6.6801047,1.577779,9.439140,0.739808,9.598649,85.579590,80.510574
6.6899824,1.766921,9.472659,0.912191,9.679120,84.592239,79.434128
6.6999116,2.061408,9.481039,1.155202,9.771079,83.210228,77.733429
6.7098827,2.357092,9.460688,1.420959,9.852899,81.708038,76.009827
6.7201595,2.578555,9.430760,1.697489,9.923188,80.150375,74.707962
6.7303977,2.716222,9.414001,1.932121,9.986710,78.844688,73.905563
6.7402124,2.790442,9.436746,2.104503,10.063184,77.928688,73.527069
6.7501392,2.820370,9.507375,2.207454,10.159602,77.450813,73.476974
6.7600374,2.784456,9.579201,2.213439,10.218297,77.489693,73.792053
6.7700605,2.715025,9.648633,2.167950,10.255119,77.795494,74.283951
6.7801924,2.638410,9.688137,2.079364,10.254022,78.300117,74.765846
6.7900515,2.545036,9.697714,2.061408,10.235832,78.381668,75.295090
6.8000736,2.443283,9.662998,2.069787,10.179744,78.268585,75.810204
6.8100777,2.323573,9.627085,2.060210,10.115543,78.248474,76.430725
6.8200903,2.232593,9.586384,2.059013,10.055982,78.184837,76.889954
6.8300223,2.218228,9.581595,2.009932,10.038293,78.449799,76.965134
6.8400683,2.272097,9.592369,1.974019,10.053493,78.676308,76.674225
6.8500857,2.379837,9.617508,1.929727,10.093757,78.978333,76.101440
6.8603234,2.475605,9.637859,1.895011,10.129561,79.217735,75.594292
6.8700986,2.571373,9.646238,1.903390,10.162911,79.205444,75.073891
6.8802805,2.650381,9.604341,1.932121,10.148939,79.025238,74.572807
6.8901868,2.688689,9.538500,1.952471,10.100701,78.854530,74.258049
6.9004550,2.682703,9.473856,1.982399,10.043941,78.616638,74.189522
6.9101648,2.645593,9.406818,1.978808,9.970109,78.552261,74.291786
6.9203506,2.579752,9.387665,1.932121,9.925546,78.775055,74.634277
6.9303102,2.473210,9.399636,1.865083,9.896892,79.137573,75.258591
6.9401870,2.381034,9.448717,1.793257,9.907742,79.572250,75.856201
6.9503770,2.316390,9.502586,1.711854,9.929514,80.072578,76.300514
6.9605913,2.284068,9.540894,1.650802,9.948405,80.448364,76.536896
6.9704671,2.251747,9.545682,1.613692,9.939538,80.656631,76.727043
6.9801769,2.219425,9.513360,1.640028,9.905532,80.469833,76.868027
6.9901528,2.172738,9.440337,1.667562,9.829625,80.232735,77.038818
7.0001063,2.114080,9.331401,1.669956,9.712524,80.099457,77.234818
7.0100288,2.026692,9.229648,1.689109,9.599320,79.865395,77.615265
7.0202551,1.932121,9.166202,1.717840,9.523829,79.608528,78.097015
7.0305452,1.854309,9.130288,1.744176,9.478542,79.396400,78.519699
7.0403309,1.814805,9.127894,1.786075,9.476394,79.136131,78.755112
7.0505915,1.847127,9.144653,1.830367,9.507197,78.899857,78.580490
7.0604100,1.972822,9.161413,1.830367,9.548495,78.948471,77.847481
7.0701575,2.179921,9.173384,1.881842,9.614799,78.713005,76.632439
7.0799537,2.363077,9.224859,1.966837,9.723714,78.330139,75.631844
7.0899410,2.561796,9.272743,2.017115,9.829309,78.157951,74.556038
7.0998020,2.561796,9.288305,1.987187,9.837902,78.346474,74.580681
7.1097312,2.354697,9.157822,1.938106,9.652283,78.416695,75.580231
7.1198831,2.193089,9.077616,1.856703,9.521560,78.755280,76.417992
7.1299119,2.081758,9.022549,1.774103,9.428020,79.153786,77.007607
7.1398425,2.030283,9.027337,1.672350,9.402745,79.755005,77.324860
7.1497588,2.001553,9.106346,1.607706,9.461314,80.216591,77.603645
7.1596885,1.974019,9.252393,1.534683,9.584299,80.785866,77.956383
7.1698508,1.916559,9.411607,1.419762,9.709133,81.591515,78.489799
7.1797948,1.813608,9.533711,1.283292,9.789161,82.467232,79.229256
7.1898150,1.727417,9.597157,1.159991,9.820131,83.216171,79.796440
7.1998234,1.719037,9.567230,1.139640,9.787020,83.313080,79.813805
7.2097998,1.881842,9.449914,1.210269,9.711177,82.840820,78.737534
7.2199287,2.147599,9.307459,1.411382,9.655723,81.594933,77.006996
7.2298708,2.448071,9.244013,1.653196,9.704529,80.191650,75.166992
7.2398734,2.726996,9.265560,1.804031,9.825561,79.420135,73.600037
7.2502031,2.941277,9.351752,1.865083,9.979224,79.228271,72.540794
7.2601080,3.131616,9.509769,1.900996,10.191002,79.249260,71.773018
7.2700410,3.314772,9.676167,1.929727,10.408639,79.315742,71.090034
7.2799091,3.527856,9.783905,1.997961,10.590676,79.125824,70.171837
7.2899070,3.712210,9.817424,2.100912,10.704025,78.680893,69.287163
7.3001752,3.882198,9.775525,2.242170,10.754519,77.966339,68.340263
7.3105063,3.937265,9.593566,2.376245,10.638849,77.093803,67.686424
7.3202944,4.084508,9.406818,2.470816,10.548761,76.453873,66.529167
7.3301358,4.091691,9.181764,2.531868,10.366151,75.862846,65.980705
7.3400440,3.999514,8.989030,2.554613,10.164882,75.444511,66.014153
7.3501735,3.843891,8.865729,2.552219,9.994522,75.204979,66.560020
7.3600116,3.632004,8.838196,2.473210,9.870255,75.488632,67.660080
7.3701811,3.403358,8.929175,2.300828,9.828877,76.462097,69.135643
7.3801513,3.197456,9.136273,2.032677,9.890753,78.140472,70.711288
7.3904600,3.008314,9.340978,1.663970,9.953523,80.376450,72.148552
7.4005942,2.864662,9.453506,1.315614,9.965235,82.413643,73.141800
7.4102650,2.778471,9.442732,1.128866,9.907544,83.457504,73.603775
7.4202271,2.755726,9.360131,1.168370,9.827064,83.171776,73.594986
7.4300895,2.802413,9.266758,1.369483,9.777617,81.948502,73.173859
7.4399977,2.916138,9.212888,1.605312,9.795825,80.567986,72.435959
7.4499669,3.020285,9.221268,1.799243,9.868696,79.495186,71.864578
7.4603891,3.084929,9.258378,1.883040,9.938823,79.078552,71.571716
7.4704766,3.116054,9.271546,1.917756,9.967404,78.906960,71.423134
7.4803586,3.144784,9.247604,1.924938,9.955563,78.851471,71.218643
7.4901252,3.173514,9.215282,1.960851,9.941709,78.624695,70.997566
7.5000920,3.213019,9.184157,2.001553,9.933702,78.375832,70.717934
7.5099907,3.245340,9.144653,2.038663,9.915295,78.134911,70.460770
7.5199194,3.222595,9.101558,2.106898,9.882434,77.690277,70.502434
7.5298877,3.181894,9.106346,2.106898,9.873652,77.679153,70.739822
7.5398746,3.107674,9.153033,2.063802,9.884074,77.947922,71.246422
7.5498786,3.020285,9.198523,1.991976,9.884478,78.373810,71.822685
7.5599923,2.894590,9.212888,1.884237,9.839019,78.959282,72.557846
7.5704737,2.754529,9.184157,1.772906,9.750865,79.524185,73.304871
7.5805826,2.651578,9.147048,1.683124,9.671208,79.977524,73.834000
7.5904288,2.589329,9.126697,1.646014,9.628633,80.156952,74.160866
7.6004491,2.555810,9.114726,1.705869,9.618752,79.784660,74.336266
7.6111164,2.533065,9.151836,1.770512,9.659568,79.438484,74.528862
7.6205897,2.533065,9.151836,1.781286,9.661548,79.375679,74.528862
7.6303272,2.554613,9.267955,1.722628,9.766703,79.841164,74.589699
7.6400332,2.639607,9.362526,1.684321,9.872252,80.176620,74.255089
7.6500921,2.748544,9.403227,1.678335,9.939415,80.278656,73.706467
7.6601014,2.858677,9.416395,1.739388,9.993298,79.976303,73.112495
7.6700106,2.949656,9.363723,1.848324,9.989799,79.337639,72.515106
7.6803203,3.014300,9.283517,1.966837,9.956814,78.607048,72.011711
7.6905856,3.062184,9.159019,2.041057,9.870689,78.066307,71.513397
7.7001953,3.099294,9.053674,2.109292,9.799170,77.569687,71.102669
7.7100334,3.147178,8.995016,2.178724,9.775576,77.122093,70.716064
7.7198944,3.222595,8.990228,2.237381,9.808934,76.814980,70.279510
7.7302294,3.294421,9.059659,2.243367,9.897642,76.899681,70.016891
7.7400270,3.339911,9.203311,2.158373,10.025693,77.567802,70.054001
7.7500963,3.309984,9.330204,2.001553,10.100243,78.570107,70.467346
7.7599168,3.253720,9.408015,1.841141,10.123598,79.521515,70.922287
7.7704329,3.183091,9.390059,1.732205,10.065080,80.090034,71.274101
7.7801604,3.186682,9.312247,1.713051,9.990368,80.126686,71.108879
7.7902002,3.306392,9.210494,1.784877,9.947423,79.663376,70.252823
7.7999897,3.495534,9.132683,1.954866,9.972269,78.695091,69.055649
7.8103447,3.701436,9.041702,2.066196,9.986099,78.058830,67.737091
7.8201046,3.891775,8.960299,2.141613,10.000969,77.634888,66.522987
7.8300300,4.064157,8.911219,2.177526,10.033385,77.465462,65.483597
7.8400836,4.294001,8.930372,2.185906,10.147324,77.560005,64.320305
7.8501391,4.575319,9.001001,2.229002,10.340214,77.551247,63.055210
7.8600011,4.855441,9.147048,2.339135,10.616749,77.271881,62.039719
7.8699169,5.115212,9.364920,2.388216,10.934838,77.384666,61.356194
7.8798771,5.382165,9.510966,2.493561,11.209105,77.146523,60.494892
7.8903980,5.631162,9.490616,2.772485,11.378421,75.897240,59.317646
7.9002066,5.777209,9.356541,3.154361,11.439886,73.994263,58.306686
7.9105473,5.900510,9.154230,3.493140,11.437569,72.217209,57.195526
7.9203095,5.979519,8.951921,3.654749,11.368761,71.247971,56.258686
7.9300971,6.056133,8.755595,3.663129,11.258584,71.012421,55.328888
7.9399824,6.083666,8.638280,3.628413,11.171225,71.046547,54.844181
7.9504781,6.013038,8.613141,3.542221,11.085583,71.365250,55.080196
7.9602752,5.882554,8.632295,3.271677,10.946452,72.609650,55.727180
7.9701457,5.746084,8.655039,2.968810,10.804676,74.051643,56.419800
7.9801002,5.620389,8.726865,2.845509,10.763079,74.670074,57.217129
7.9904585,5.494693,8.829816,2.693477,10.743003,75.479927,58.106472
8.0001612,5.431247,8.902839,2.474407,10.718287,76.652382,58.614391
8.0104065,5.380968,8.942344,2.229002,10.671868,77.944031,58.962986
8.0202036,5.374983,8.954314,1.989582,10.631492,79.214050,59.024979
8.0301561,5.426458,8.913613,1.890222,10.605276,79.733078,58.667645
8.0401392,5.521029,8.880095,1.940500,10.635008,79.486717,58.129509
8.0501566,5.634754,8.863335,2.099715,10.710647,78.694519,57.554352
8.0603466,5.697003,8.827422,2.232593,10.740749,78.002914,57.162788
8.0702791,5.650316,8.718486,2.324770,10.646249,77.386971,57.053349
8.0800381,5.525817,8.585608,2.393005,10.486838,76.809395,57.234100
8.0902767,5.330690,8.469488,2.420538,10.295994,76.402771,57.813717
8.1005287,5.140351,8.356961,2.416947,10.104634,76.161148,58.404408
8.1105890,4.997896,8.283937,2.361880,9.958969,76.280952,58.896423
8.1205530,4.964377,8.295909,2.358289,9.951315,76.291481,59.103161
8.1302576,4.966772,8.331821,2.379837,9.987577,76.214973,59.199955
8.1406279,5.017050,8.359355,2.477999,10.059328,75.739059,59.029003
8.1503382,5.109226,8.317456,2.628834,10.109157,74.927284,58.438530
8.1601572,5.118803,8.228871,3.051410,10.160097,72.522408,58.116154
8.1699905,4.906917,8.040926,3.359065,10.000882,70.374130,58.606674
8.1799822,4.662708,7.916428,3.544616,9.847588,68.903023,59.502281
8.1898155,4.355053,7.770381,3.598485,9.606998,68.002312,60.730747
8.1997757,4.022259,7.655460,3.536236,9.342891,67.759521,62.282093
8.2098274,3.775656,7.609970,3.541024,9.203590,67.372162,63.611877
8.2197437,3.688268,7.623138,3.612850,9.206967,66.895836,64.181122
8.2297964,3.703830,7.662642,3.527856,9.213046,67.485352,64.202644
8.2397604,3.751714,7.678205,3.511097,9.238938,67.664307,63.959003
8.2500086,3.871424,7.706935,3.669114,9.372683,66.954071,63.328255
8.2598524,4.001908,7.716512,3.885789,9.521512,65.914070,62.588013
8.2701311,4.061763,7.687782,4.143166,9.631497,64.521751,62.150711
8.2799377,4.053383,7.648277,4.383783,9.702764,63.140278,62.077602
8.2898827,3.991134,7.552509,4.580108,9.692623,61.800999,62.145725
8.2998075,4.029441,7.436390,4.653131,9.653389,61.182556,61.548752
8.3097410,4.073734,7.356185,4.765658,9.665417,60.457905,61.023037
8.3197050,4.204218,7.326257,4.959589,9.795255,59.580608,60.150372
8.3297739,4.294001,7.363368,5.063736,9.914588,59.287136,59.751095
8.3397827,4.356250,7.462727,5.175067,10.072265,59.083138,59.726421
8.3497934,4.375403,7.597999,5.323507,10.257362,58.735218,60.063969
8.3597164,4.381389,7.708132,5.358223,10.359654,58.854023,60.385612
8.3696918,4.365827,7.775170,5.341464,10.394467,59.077667,60.685406
8.3797083,4.325125,7.783550,5.305551,10.365290,59.212368,60.940159
8.3897886,4.180276,7.770381,5.306748,10.296364,58.975792,61.720829
8.3997774,3.987543,7.773973,5.347449,10.243552,58.531429,62.845123
8.4097223,3.761291,7.748834,5.325902,10.127041,58.270546,64.108025
8.4199104,3.524265,7.607576,5.212177,9.872307,58.132317,65.143723
8.4298868,3.294421,7.441179,5.182250,9.647801,57.510635,66.119667
8.4397488,3.108871,7.314286,5.076905,9.430738,57.429573,66.972519
8.4497595,2.971204,7.253234,5.078102,9.339410,57.062195,67.724098
8.4597664,2.819172,7.252037,5.191826,9.353868,56.286118,68.756798
8.4700794,2.663549,7.242460,5.219360,9.316085,55.926739,69.808060
8.4800663,2.500744,7.116765,5.231331,9.179809,55.258587,70.639153
8.4899244,2.390610,6.884527,5.382165,9.059771,53.553421,70.850754
8.4999247,2.294842,6.779182,5.627571,9.104568,51.822182,71.298363
8.5099106,2.282871,6.906075,5.662287,9.217748,52.100304,71.708183
8.5204048,2.328361,7.117962,5.625177,9.366390,53.089237,71.886528
8.5301447,2.345121,7.350199,5.523423,9.488584,54.400738,72.304436
8.5401096,2.282871,7.522582,5.345055,9.506331,55.787579,73.118576
8.5500069,2.141613,7.609970,5.213374,9.469816,56.596935,74.282227
8.5599928,2.003947,7.565677,5.167884,9.378822,56.563236,75.164551
8.5701866,1.820790,7.380127,5.274426,9.252088,55.244221,76.141022
8.5801744,1.697489,7.104794,5.333084,9.044410,53.867451,76.562698
8.5900860,1.684321,6.998251,5.349844,8.968461,53.379116,76.467575
8.5999699,1.796848,7.096414,5.368997,9.078209,53.742451,75.791046
8.6099997,2.023100,7.406463,5.443218,9.411549,54.665062,74.722160
8.6204224,2.316390,7.785944,5.427655,9.769649,56.250500,73.431770
8.6304216,2.609680,7.969100,5.413290,9.981017,57.155659,71.867683
8.6402845,2.844312,7.937976,5.565322,10.103187,56.574780,70.286537
8.6504469,2.828749,7.931990,5.585672,10.105347,56.444515,70.372475
8.6602325,2.938883,7.706935,6.136339,10.280493,53.352409,69.126671
8.6704893,3.134010,7.684190,6.957550,10.829418,50.023933,67.811829
8.6802616,2.816778,7.702147,6.957550,10.754758,49.689640,69.911858
8.6901083,3.069367,7.722497,7.293935,11.057100,48.725994,68.324265
8.6999865,3.124433,7.836222,7.067683,11.005481,50.044186,68.262001
8.7100315,2.743755,7.436390,7.131130,10.662134,48.023357,69.747787
8.7199965,2.286463,7.034164,6.849811,10.081037,47.197376,71.993195
8.7299500,2.047042,7.041347,6.830657,10.021419,47.030739,73.789932
8.7401915,1.669956,6.961142,6.961142,9.985176,45.801399,76.509857
8.7502489,1.498770,6.861782,7.026982,9.935232,44.986038,77.678802
8.7602081,1.625663,6.847417,7.192182,10.062673,44.378208,76.644524
8.7703686,2.006341,6.482301,6.703765,9.538664,45.347988,72.802147
8.7801342,2.023100,6.731298,6.392519,9.500926,47.714050,73.271782
8.7900352,1.401805,7.247249,5.993884,9.508645,50.923199,79.052704
8.8000116,0.641646,7.435194,5.584476,9.320953,53.192291,85.067680
8.8100586,0.227449,7.466318,5.216966,9.111222,55.069187,88.255119
8.8204165,0.199916,7.392098,4.928464,8.886666,56.317455,88.450836
8.8302126,0.010774,7.182605,4.966772,8.732626,55.336170,89.914055
8.8400717,-0.031125,6.451177,5.382165,8.401568,50.162354,90.276428
8.8501511,0.192733,5.206192,5.776011,7.778424,42.049343,87.879875
8.8600197,1.024718,5.243302,6.059724,8.078522,41.400688,78.941849
8.8704243,1.940500,6.653487,6.319495,9.379256,47.641014,73.740585
8.8802042,2.108095,7.762002,6.454768,10.312942,51.252453,74.805466
8.8905201,1.702277,7.443573,6.226121,9.852365,50.806469,77.118492
8.9001513,1.714248,7.249643,5.979519,9.552519,51.247128,76.696213
8.9100466,1.499967,7.405266,6.333860,9.859293,50.027084,78.549423
8.9200249,1.246182,7.304709,6.239290,9.687130,49.903244,80.318558
8.9300003,1.188721,7.222109,6.226121,9.609189,49.613976,80.653221
8.9400330,1.282095,7.077260,6.349423,9.594090,48.562271,79.731827
8.9500875,1.430536,6.999449,6.789956,9.856075,46.456055,78.449059
8.9599886,1.352724,7.020997,6.804321,9.870311,46.419540,79.094543
8.9704695,1.186327,7.088034,6.647501,9.789631,47.231728,80.498451
8.9803667,0.811634,7.229292,6.736086,9.914447,47.201561,83.594215
8.9904108,0.343568,7.201759,6.609194,9.780839,47.489235,87.268715
9.0001736,0.099359,7.252037,6.508637,9.744962,48.094986,89.215042
9.0100327,0.015562,6.742072,6.354211,9.264544,46.696461,89.867744
9.0200109,0.434548,6.781576,6.375759,9.318203,46.825211,86.333633
9.0301428,0.290895,6.902483,6.752846,9.660736,45.653244,87.586777
9.0400486,0.446519,7.140707,6.854599,9.908310,46.226990,86.421875
9.0500793,0.342371,7.369353,6.865374,10.077596,47.058510,87.340019
9.0602398,0.196325,7.198167,6.742072,9.864467,46.884563,88.437691
9.0706921,0.245406,7.141904,6.715736,9.806535,46.778351,88.032013
9.0804625,0.404620,7.147889,6.726510,9.823542,46.785339,86.760117
9.0906229,0.635661,7.394492,7.000646,10.202530,46.672497,85.086700
9.1005116,0.673968,7.433996,7.074866,10.284564,46.535019,84.819710
9.1107845,0.752976,7.562086,6.897695,10.263056,47.771435,84.313652
9.1205769,0.606930,7.753622,6.992266,10.458432,48.042675,85.524185
9.1302557,0.410606,7.509414,6.888118,10.198337,47.513546,86.870255
9.1401815,0.385466,7.387310,6.724115,9.996732,47.729519,87.013039
9.1501036,0.439336,7.366959,6.609194,9.906894,48.153999,86.587151
9.1600208,0.373495,7.374141,6.580463,9.890397,48.291691,87.100487
9.1703672,0.442927,7.388506,6.588843,9.909544,48.325447,86.569328
9.1803646,0.465672,7.309498,6.560112,9.832633,48.150394,86.354736
9.1905193,0.645237,7.293935,6.439206,9.750958,48.672176,84.944649
9.2002544,0.683545,7.217321,6.572083,9.785154,47.806374,84.589714
9.2101355,0.715866,7.202956,6.500257,9.728741,48.075562,84.324295
9.2201176,0.407014,7.317877,6.307524,9.669635,49.284595,86.816536
9.2300558,0.312443,7.352593,6.307524,9.692426,49.400440,87.566719
9.2403793,0.371101,7.131130,6.216545,9.467637,48.958160,87.021034
9.2503338,0.452504,7.186196,6.284780,9.557439,48.884438,86.396927
9.2601547,0.600945,7.265205,6.270414,9.615739,49.299950,85.271515
9.2704554,0.751779,7.419631,6.223727,9.713438,50.153446,84.214363
9.2810650,0.679953,7.394492,6.223727,9.688944,50.032459,84.746201
9.2905378,0.447716,7.187394,6.341043,9.595202,48.634842,86.435547
9.3002768,0.316035,7.056910,6.392519,9.527021,47.856625,87.435799
9.3101969,0.226252,7.012617,6.390124,9.490083,47.674038,88.152077
9.3205538,0.221464,6.997055,6.355408,9.455106,47.765476,88.187134
9.3306122,0.333991,7.085640,6.380548,9.540924,48.028896,87.301285
9.3402805,0.429759,7.147889,6.458359,9.642998,47.952538,86.559296
9.3501005,0.535104,7.150283,6.576872,9.729755,47.471684,85.720146
9.3600464,0.532710,7.001843,6.634333,9.660433,46.626354,85.649239
9.3706398,0.606930,7.078457,6.785168,9.824022,46.316750,85.099258
9.3804054,0.683545,7.184999,6.861782,9.958690,46.447056,84.565521
9.3901653,0.732626,7.226898,6.847417,9.982580,46.690693,84.211426
9.4000912,0.785298,7.246051,6.806715,9.972629,46.957569,83.814651
9.4101410,0.802058,7.349002,6.871359,10.092903,47.092957,83.771484
9.4201784,0.776918,7.456741,6.979098,10.242773,47.049366,84.051811
9.4302139,0.804452,7.559692,6.983886,10.323311,47.428005,83.925827
9.4405136,0.900220,7.611167,6.937200,10.337553,47.850464,83.254608
9.4507751,0.908600,7.473501,6.880936,10.199316,47.573273,83.068214
9.4603424,0.957681,7.469909,7.026982,10.300251,46.983055,82.694237
9.4706306,0.951695,7.489063,7.122750,10.379083,46.665211,82.757782
9.4802647,0.820014,7.399281,7.028179,10.238021,46.648022,83.676086
9.4901905,0.863110,7.425617,6.916849,10.184671,47.223289,83.370026
9.4999723,0.875081,7.523779,6.742072,10.140442,48.327671,83.365814
9.5102282,0.815226,7.489063,6.572083,9.997147,48.898430,83.787498
9.5206861,0.878672,7.524976,6.499061,9.981739,49.375786,83.339882
9.5304279,0.839168,7.535750,6.435614,9.945293,49.676582,83.645821
9.5402050,0.733823,7.475895,6.342240,9.831150,49.825565,84.393890
9.5509806,0.720655,7.448361,6.211756,9.725397,50.303940,84.473640
9.5605068,0.768539,7.509414,6.187814,9.760686,50.657642,84.156502
9.5707970,0.768539,7.481880,6.212954,9.755510,50.441475,84.135147
9.5807438,0.749385,7.455544,6.192603,9.720856,50.428329,84.260262
9.5903988,0.864307,7.514202,6.144719,9.745144,50.909904,83.438499
9.6003456,0.897826,7.564480,6.114791,9.768220,51.245243,83.231247
9.6102276,0.859518,7.527370,6.084864,9.717286,51.230446,83.485855
9.6213341,0.745794,7.416040,6.198588,9.694140,50.251717,84.257362
9.6308365,0.702698,7.329848,6.228516,9.644422,49.773163,84.523903
9.6405058,0.684742,7.374141,6.246472,9.688408,49.854061,84.694893
9.6506233,0.671574,7.441179,6.241684,9.735542,50.124359,84.842972
9.6606312,0.691924,7.451953,6.228516,9.736773,50.231297,84.695213
9.6713552,0.736217,7.480683,6.363788,9.848880,49.748547,84.379295
9.6812172,0.760159,7.564480,6.363788,9.914485,50.068764,84.261581
9.6905794,0.812831,7.649475,6.338649,9.967628,50.511490,83.934525
9.7002745,0.842759,7.692570,6.326678,9.995636,50.732338,83.747902
9.7103157,0.870292,7.752425,6.380548,10.078139,50.720222,83.594757
9.7201242,0.830788,7.708132,6.398504,10.052182,50.466530,83.848366
9.7300406,0.841562,7.686584,6.393716,10.033514,50.413982,83.751884
9.7404108,0.831985,7.642292,6.300342,9.939373,50.663246,83.786911
9.7503061,0.787692,7.575254,6.300342,9.884293,50.401081,84.063583
9.7601471,0.746991,7.592013,6.223727,9.845377,50.791283,84.380661
9.7700968,0.913388,7.909245,6.075287,10.014966,52.654438,83.412460
9.7802067,0.913388,7.909245,5.991490,9.964356,53.037498,83.412460
9.7901945,0.828394,7.766790,5.931635,9.807832,52.786587,83.911934
9.8001528,0.726640,7.712921,5.882554,9.727363,52.789658,84.618004
9.8105946,0.638055,7.753622,5.809530,9.709604,53.249741,85.295662
9.8202009,0.633266,7.826645,5.896919,9.819932,53.093922,85.374184
9.8300171,0.661997,7.808689,5.821501,9.762363,53.393150,85.154228
9.8398809,0.752976,7.728483,5.822699,9.705681,53.135342,84.435310
9.8497591,0.817620,7.687782,5.906496,9.729192,52.620609,83.929230
9.8598118,0.857124,7.733272,5.978322,9.812160,52.462769,83.675385
9.8698120,0.893037,7.813477,6.035782,9.913557,52.494236,83.479706
9.8798313,0.899023,7.843405,6.047753,9.944977,52.546207,83.461205
9.8900881,0.916979,7.818265,6.048951,9.927534,52.460335,83.310524
9.8999405,0.861913,7.764396,6.029797,9.868495,52.337082,83.665627
9.9100523,0.804452,7.790732,6.011840,9.873443,52.490715,84.104675
9.9203777,0.715866,7.823054,5.984307,9.875453,52.700748,84.771584
9.9309855,0.672771,7.887698,6.002264,9.934565,52.830151,85.124832
9.9404211,0.741005,7.943961,6.023811,9.997095,52.946812,84.670921
9.9502516,0.792481,7.960721,6.035782,10.021564,52.966675,84.315002
9.9603977,0.782904,7.903260,6.052542,9.985375,52.689037,84.342690
9.9702673,0.788889,7.915231,6.054936,9.996773,52.721558,84.308281
9.9800911,0.739808,7.939173,6.088455,10.032301,52.635380,84.676292
9.9904776,0.696713,7.961918,6.051345,10.024785,52.869080,84.999039
10.0003614,0.709881,7.993042,5.986701,10.011656,53.275127,84.924744
10.0102882,0.681150,7.983466,5.932832,9.969864,53.481915,85.123329
10.0203037,0.665588,7.893683,5.866991,9.857729,53.475491,85.180275
10.0304451,0.628478,7.831434,5.868188,9.806221,53.243546,85.411804
10.0400820,0.574608,7.795521,5.881356,9.782161,53.041756,85.784348
10.0499449,0.645237,7.843405,5.876568,9.821882,53.250771,85.297157
10.0599356,0.766145,7.955932,5.929241,9.951871,53.430916,84.499466
10.0700502,0.817620,7.918822,5.898116,9.907776,53.465855,84.105087
10.0799866,0.889446,7.940370,5.861006,9.909186,53.738468,83.608620
10.0906992,0.878672,7.981071,5.887342,9.956423,53.749905,83.717354
10.1003675,0.797269,8.013393,5.866991,9.963518,53.924744,84.318222
10.1102600,0.706290,8.001422,5.817910,9.918149,54.084442,84.955544
10.1205473,0.633266,7.930793,5.776011,9.831623,54.020683,85.434669
10.1305618,0.547075,7.882909,5.717354,9.753343,54.112595,86.030029
10.1404409,0.565032,7.885303,5.708974,9.751392,54.165058,85.901405
10.1503325,0.598550,7.930793,5.708974,9.790206,54.328926,85.683975
10.1601324,0.615310,7.971495,5.708974,9.824242,54.471287,85.586159
10.1702576,0.623690,7.966706,5.679047,9.803518,54.599621,85.523613
10.1801910,0.673968,8.045714,5.669470,9.865629,54.923553,85.211670
10.1900520,0.687136,8.015787,5.631162,9.820131,55.010212,85.100426
10.2001219,0.666785,7.927202,5.627571,9.744470,54.724094,85.191963
10.2101803,0.661997,7.896077,5.662287,9.738982,54.450619,85.207603
10.2201891,0.695516,7.960721,5.752069,9.845969,54.253117,85.006836
10.2304688,0.721852,8.015787,5.786786,9.912659,54.283337,84.854179
10.2405291,0.715866,7.969100,5.809530,9.887855,54.017223,84.866882
10.2507410,0.737414,7.928399,5.886145,9.902020,53.527367,84.686249
10.2603769,0.824802,7.852982,5.886145,9.848671,53.297596,84.004181
10.2701111,1.043872,7.553706,6.585252,10.075400,49.186642,82.131935
10.2802124,1.173159,7.698555,6.770802,10.319294,48.994583,81.335533
