Keuwl Accelerometer Data File
2019-06-27 16-10-16

Time (s), X (m/s2), Y (m/s2), Z (m/s2), R (m/s2), Theta (deg), Phi (deg)
0.0000000,0.186748,6.196194,7.269993,9.554083,40.453697,88.273682
0.0098440,0.562637,6.289568,7.990648,10.184581,38.317883,84.888176
0.0197180,0.788889,6.183026,8.063671,10.191906,37.703720,82.728943
0.0296920,0.997185,6.198588,7.875727,10.071939,38.560772,80.860962
0.0397650,1.134852,6.329072,7.811083,10.117216,39.460899,79.834450
0.0497570,1.122881,6.357802,7.785944,10.114516,39.665939,79.984016
0.0597770,0.839168,6.268020,7.838616,10.071553,38.895477,82.374535
0.0698450,0.460884,6.029797,7.773973,9.849138,37.879398,85.629128
0.0799370,0.253785,5.905299,7.638700,9.658504,37.732346,87.539177
0.0899940,0.171185,5.922058,7.615956,9.648982,37.879723,88.344246
0.0999890,0.233435,6.104017,7.521385,9.689414,39.081715,87.809914
0.1098320,0.265756,5.978322,7.401675,9.518180,38.955406,87.454689
0.1200150,0.706290,6.581660,7.521385,10.019397,41.350475,83.874931
0.1305180,0.436942,6.494272,7.533356,9.955799,40.827602,86.150879
0.1402190,0.742203,6.351817,7.863756,10.135833,39.119003,83.335274
0.1506830,0.975637,6.268020,7.988254,10.200596,38.453197,81.152725
0.1601550,1.144428,6.230910,8.052897,10.246126,38.191780,79.592506
0.1702430,1.066617,6.107608,7.953538,10.084608,37.937588,80.093910
0.1807360,0.967257,6.137536,7.975086,10.109744,37.921700,81.044014
0.1904600,0.816423,6.211756,7.829040,10.027279,38.668491,82.512428
0.1998070,0.611719,6.253655,7.779958,10.000507,38.926159,84.413231
0.2098400,0.413000,6.216545,7.722497,9.922347,38.895412,86.199104
0.2199070,0.282516,6.136339,7.632715,9.797592,38.827244,87.363976
0.2301150,0.241814,6.051345,7.594408,9.713511,38.570675,87.711655
0.2407720,0.248997,5.963956,7.587225,9.653847,38.193443,87.609276
0.2499110,0.389058,6.051345,7.653066,9.764197,38.391232,86.321358
0.2601090,0.577003,6.183026,7.709330,9.899319,38.851559,84.668571
0.2700350,0.724246,6.211756,7.734468,9.946479,38.957851,83.349754
0.2799960,0.842759,6.315904,7.821857,10.088723,39.167130,82.399666
0.2899880,0.896629,6.347029,7.825448,10.115649,39.321888,81.959175
0.2998490,0.815226,6.224925,7.752425,9.975689,39.001289,82.538918
0.3099520,0.626084,6.083666,7.649475,9.793745,38.642529,84.124245
0.3202860,0.480037,5.993884,7.581240,9.676377,38.419762,85.421074
0.3298940,0.397437,5.935226,7.542933,9.606284,38.260063,86.169052
0.3400170,0.403423,5.938818,7.502231,9.576836,38.429585,86.113876
0.3499080,0.476446,5.997475,7.486669,9.604526,38.785744,85.457901
0.3603190,0.525527,6.021417,7.495049,9.628572,38.884090,85.012070
0.3717770,0.561440,6.051345,7.521385,9.669809,38.938461,84.699303
0.3798510,0.617704,6.135142,7.533356,9.735141,39.300816,84.250671
0.3901280,0.617704,6.107608,7.478289,9.675187,39.381828,84.224922
0.3999540,0.496797,6.039374,7.189788,9.402866,40.125214,85.297455
0.4101630,0.378284,5.941212,7.495049,9.571669,38.459766,86.356827
0.4200160,0.233435,5.894525,7.085640,9.219881,39.779053,87.732162
0.4300280,0.221464,5.827487,7.192182,9.259380,39.036446,87.823616
0.4407200,0.233435,5.872977,7.104794,9.220870,39.600086,87.723846
0.4498100,0.349553,5.602432,5.898116,8.142309,43.582806,86.429764
0.4601940,0.208296,6.161478,6.561310,9.003221,43.216316,88.063789
0.4698180,-0.541090,5.248090,5.464766,7.595979,43.992661,95.886520
0.4801630,-0.688333,4.859032,5.134366,7.102514,43.706055,98.062897
0.4902540,-1.138443,4.674679,5.397728,7.230777,41.712463,103.687027
0.4999060,-1.138443,4.590882,4.863821,6.784468,44.200443,103.927216
0.5100210,-0.831985,7.196970,4.449624,8.502219,58.442863,96.594246
0.5199290,-0.304064,8.051701,4.844667,9.401762,58.982922,92.162682
0.5301470,0.717063,7.584831,5.829881,9.593298,52.576359,84.599358
0.5401030,2.719813,6.736086,6.969521,10.067099,46.187008,68.012741
0.5500259,5.770026,7.677008,8.261193,12.667950,49.297356,53.071537
0.5606140,9.633071,9.776723,4.376601,14.406075,72.313873,45.424038
0.5698700,8.340201,8.380903,7.820660,14.176079,56.517654,45.139465
0.5800320,4.068946,4.724957,13.674483,15.029074,24.512793,49.266273
0.5900210,3.490746,3.849876,11.285069,12.424156,24.726229,47.800888
0.6001950,-0.050278,1.458069,4.183867,4.430941,19.223915,91.974937
0.6102530,1.019930,6.412869,1.704672,6.713498,75.290573,80.963127
0.6202820,5.428853,10.289082,7.764396,13.986547,56.280113,62.182419
0.6298960,6.673837,10.232818,9.874885,15.708724,51.051304,56.887634
0.6400450,6.643910,8.889671,10.134656,15.029273,47.598034,53.226517
0.6501250,5.607220,6.449979,8.107965,11.780587,46.508423,48.998287
0.6606449,6.862979,5.953183,8.579621,12.496030,46.639397,40.939487
0.6700120,4.243722,2.603694,7.030573,8.614950,35.304733,31.530790
0.6801490,4.617218,3.502717,6.563704,8.756137,41.443233,37.184708
0.6909090,6.471527,6.588843,6.393716,11.232681,55.305088,45.514652
0.7000090,6.755240,7.781156,6.092046,11.970492,59.407955,49.036995
0.7106110,6.421249,7.870938,5.781997,11.688268,60.351097,50.791832
0.7201340,6.376956,8.294712,5.214571,11.690148,63.508472,52.446995
0.7298830,6.008249,8.542512,4.875792,11.525924,64.974075,54.879929
0.7404910,5.400122,8.838196,4.627992,11.344308,65.923431,58.575142
0.7501080,4.217386,7.869741,4.758476,10.117423,61.944614,61.813187
0.7608359,3.487155,6.930017,5.218163,9.349578,56.074295,63.288654
0.7705669,3.219004,6.397307,5.586870,9.082986,52.041412,63.289322
0.7801110,3.361459,6.046556,6.069301,9.203079,48.739323,60.929024
0.7899749,3.778050,5.746084,6.494272,9.458685,46.638935,56.675083
0.8001680,4.333505,5.989096,6.653487,9.945724,48.011639,54.111786
0.8106450,4.747702,6.442797,6.313510,10.193661,51.730843,53.613468
0.8199320,4.890157,7.310695,5.436035,10.339747,58.281822,56.221256
0.8300760,4.071340,8.318654,5.191826,10.617480,60.725876,63.921814
0.8407699,3.634398,8.492233,4.671088,10.351132,63.175224,66.830658
0.8507190,3.655946,7.959524,4.729745,9.954418,61.631516,65.329865
0.8599890,4.146757,7.168240,5.318719,9.842156,57.289005,59.951038
0.8699560,4.479551,6.669049,5.609614,9.798488,55.075397,56.111031
0.8798690,4.455609,6.598420,5.656301,9.766542,54.609161,55.970654
0.8900280,4.284424,6.795941,5.692214,9.845934,54.680984,57.771084
0.9025959,4.040215,6.997055,5.072116,9.539837,57.881134,59.997150
0.9198570,4.046201,7.078457,5.201403,9.671137,57.464130,60.246773
0.9303890,4.127604,7.025785,5.153519,9.641448,57.688831,59.566040
0.9401140,3.901352,6.922834,5.299565,9.551521,56.300312,60.596638
0.9499160,3.745728,6.754043,5.313931,9.374723,55.470116,60.987663
0.9603230,3.763685,6.523003,5.257667,9.184659,55.079445,60.015633
0.9699380,3.950433,6.362591,5.167884,9.099204,55.392670,58.164501
0.9804800,4.135983,6.445191,5.170279,9.240055,55.975273,57.311054
0.9900640,4.456807,6.569689,5.208586,9.494909,56.731300,55.847454
1.0000880,4.961983,7.117962,5.554548,10.302410,57.374184,55.119366
1.0104190,6.398504,8.805874,4.853047,11.917900,65.970528,53.997177
1.0199020,6.398504,9.387665,4.853047,12.353994,66.869156,55.722191
1.0298599,6.296751,8.967483,5.559336,12.287026,63.098644,54.924393
1.0411450,4.704607,6.732495,5.491102,9.879879,56.235107,55.054501
1.0500309,4.729745,6.842628,5.208586,9.814347,57.946468,55.347088
1.0601300,4.462792,7.119159,5.280412,9.923794,57.852810,57.917606
1.0699470,4.458004,7.316680,5.440824,10.149392,57.583233,58.646332
1.0800790,4.665102,6.829460,5.533000,9.950819,56.217995,55.663601
1.0898910,4.689044,6.582858,5.685032,9.881333,54.877224,54.537300
1.1011019,4.323928,6.142324,6.102820,9.678270,50.907864,54.856125
1.1100789,3.999514,5.914876,6.192603,9.451465,49.065159,55.934273
1.1201429,3.885789,5.998672,5.823895,9.219609,50.825397,57.065845
1.1299390,4.684256,6.010643,5.859808,9.612879,52.440933,52.069759
1.1400640,4.957195,6.281188,5.523423,9.722926,55.383389,51.719044
1.1503890,5.948394,6.603208,5.708974,10.563055,57.284618,47.986397
1.1608629,6.092046,6.621165,5.608418,10.602226,58.063107,47.383251
1.1699860,6.129156,6.150704,6.076484,10.598178,55.015717,45.100540
1.1804920,5.667076,6.232107,6.196194,10.456946,53.662300,47.718643
1.1899660,5.468357,6.244078,6.039374,10.264769,53.959324,48.789200
1.2003939,5.167884,6.268020,5.908890,10.045402,53.969318,50.494953
1.2099050,4.857835,6.053739,5.852626,9.721088,52.982811,51.254627
1.2199811,4.826711,5.771223,5.758055,9.474141,52.571899,50.092876
1.2302560,4.289212,5.361814,5.861006,9.027612,49.516350,51.341751
1.2403270,4.655525,6.317101,6.150704,9.970499,51.910599,53.610832
1.2500980,4.303577,4.958392,6.009446,8.900554,47.532127,49.044037
1.2600690,4.460398,4.501099,6.406884,9.011282,44.684910,45.260227
1.2700330,5.057751,4.627992,5.966351,9.088262,48.967293,42.459435
1.2802399,5.333084,4.143166,6.057330,9.071872,48.109852,37.842918
1.2904350,5.596447,5.480328,6.446388,10.144463,50.545979,44.399384
1.2999140,5.663484,5.815516,6.426037,10.353224,51.634201,45.758801
1.3099430,5.491102,5.717354,6.490681,10.245451,50.689827,46.156406
1.3198550,4.781221,5.541380,6.409278,9.728607,48.791023,49.211674
1.3313340,4.454412,4.493917,6.777985,9.272441,43.031239,45.252941
1.3411279,4.304775,5.621585,6.147113,9.376583,49.036255,52.556618
1.3500071,3.448848,4.708198,5.443218,7.980620,46.995602,53.776489
1.3598799,3.050213,5.408502,5.819107,8.509859,46.858089,60.578465
1.3701110,3.078943,5.250484,6.203377,8.690763,44.455902,59.612160
1.3799530,2.916138,4.374207,6.141128,8.083996,40.565334,56.309933
1.3899729,4.309563,6.428432,6.278794,9.965958,50.948097,56.162453
1.3999259,3.801992,5.203797,6.019023,8.818350,46.956249,53.847431
1.4100150,4.499902,5.661090,5.481525,9.074369,52.838280,51.519421
1.4199960,4.868609,5.990293,5.513846,9.486278,54.461880,50.897522
1.4298780,5.057751,6.579266,5.781997,10.114301,55.133549,52.449043
1.4403380,5.122395,6.605602,6.102820,10.349750,53.867210,52.207779
1.4503200,5.073313,6.441600,6.139930,10.243606,53.173668,51.776531
1.4604559,4.869806,6.047753,5.855020,9.724792,52.981602,51.158089
1.4699330,4.205415,5.594052,5.342661,8.804712,52.641838,53.065418
1.4805130,3.171120,5.161899,5.170279,7.964483,49.521183,58.436260
1.4898950,2.135628,4.803966,5.111620,7.332643,45.804825,66.032211
1.5005879,1.482011,4.788404,5.116409,7.162598,44.412247,72.802704
1.5100130,2.068590,4.663905,4.945224,7.105372,45.894333,66.081192
1.5209390,2.349909,4.517859,5.875371,7.775159,40.916996,62.519352
1.5298859,2.349909,4.517859,5.875371,7.775159,40.916996,62.519352
1.5403270,2.146402,4.150349,5.436035,7.168188,40.680553,62.653721
1.5500509,2.415750,4.294001,5.436035,7.336536,42.187267,60.638454
1.5603650,7.366959,8.949526,5.017050,12.630791,66.596252,50.539902
1.5699660,10.084377,11.553221,4.140772,15.884507,74.889587,48.883503
1.5801109,11.554418,12.403162,3.713407,17.353167,77.643715,47.028969
1.5899029,10.642226,11.525687,4.082114,16.209938,75.414299,47.282211
1.6000650,8.421604,9.441534,4.554969,13.446699,70.199722,48.267864
1.6100500,6.367379,7.283162,5.445612,11.101471,60.624535,48.838089
1.6200188,6.891710,4.896142,8.046912,11.671361,46.412788,35.391487
1.6300750,8.757990,3.110068,12.453440,15.539083,36.733418,19.550566
1.6398730,3.238158,3.672705,9.083601,10.319217,28.326172,48.597961
1.6500570,-0.555455,5.834670,4.508282,7.394356,52.432743,95.438110
1.6602910,-3.329138,7.017405,0.708684,7.799318,84.786636,115.380196
1.6704589,-4.842273,8.900445,-0.283713,10.136371,91.603897,118.548332
1.6807619,-3.891775,10.095152,-0.250194,10.822227,91.324715,111.082115
1.6900280,-0.533907,11.014524,0.605733,11.044081,86.855927,92.775124
1.6999140,3.342306,11.201273,2.104503,11.877225,79.793983,73.385620
1.7103879,5.758055,11.117476,3.414132,12.977279,74.746788,62.619083
1.7201340,6.634333,10.776301,4.162320,13.321710,71.793282,58.381844
1.7301019,6.021417,9.925163,4.254497,12.363942,69.872818,58.755569
1.7400029,4.639963,8.765172,4.060566,10.716608,67.734192,62.104885
1.7500401,3.287239,7.762002,3.816358,9.253064,65.641632,67.047150
1.7600939,2.355895,7.146692,3.585317,8.335464,64.524307,71.755287
1.7715338,2.094927,7.020997,3.348291,8.055692,65.440193,73.385941
1.7805079,2.305616,7.389704,3.187880,8.371748,67.617363,72.671875
1.7903270,2.849100,8.088810,3.090914,9.115918,70.179909,70.596344
1.7998929,3.500323,8.834604,2.894590,9.933838,73.058998,68.386230
1.8108310,4.095282,9.300277,2.791639,10.538488,74.639023,66.234200
1.8204451,4.280833,9.283517,2.887407,10.622915,74.228043,65.244537
1.8299019,4.347870,8.951921,3.016694,10.399100,73.136543,64.094559
1.8399879,4.307169,8.508993,3.155558,10.045506,71.691925,63.151913
1.8499339,4.267664,8.123527,3.227384,9.727315,70.622803,62.284977
1.8599149,4.310760,7.954735,3.266888,9.619409,70.146629,61.546242
1.8714950,4.288015,7.964312,3.227384,9.603820,70.363472,61.701813
1.8797219,4.344279,8.219295,3.161543,9.819619,71.218384,62.141468
1.8900809,4.375403,8.580819,3.059790,10.106281,72.376480,62.982735
1.8998230,4.395754,8.900445,2.912546,10.345216,73.648125,63.716141
1.9103920,4.390966,9.003395,2.679112,10.369154,75.026443,64.001457
1.9198439,4.370615,8.884883,2.424129,10.194108,76.243439,63.806694
1.9298229,4.309563,8.657434,2.290054,9.938201,76.677643,63.536449
1.9404169,4.270059,8.434772,2.322376,9.735102,76.198616,63.149429
1.9500099,4.104859,8.349778,2.489970,9.631646,75.017761,63.820671
1.9606789,3.903746,8.395268,2.743755,9.656498,73.492813,65.061874
1.9707400,3.716998,8.552089,2.855086,9.752221,72.976578,66.508766
1.9798969,3.860650,8.790312,2.704251,9.974326,74.269005,66.289215
1.9899800,4.056975,8.956709,2.493561,10.143941,75.769836,65.631676
2.0000188,4.283227,9.017760,2.446874,10.278775,76.228455,64.593369
2.0106878,4.490325,8.974665,2.589329,10.363989,75.532013,63.419662
2.0214908,4.800375,8.997410,2.800019,10.575305,74.646736,61.918808
2.0311930,5.160702,9.008183,2.906561,10.780924,74.359406,60.192020
2.0408690,5.445612,8.992621,3.117251,10.965363,73.484093,58.802391
2.0500629,5.596447,9.074024,3.117251,11.107447,73.701286,58.335598
2.0606530,5.644331,9.209297,3.398569,11.323422,72.534210,58.496082
2.0699248,5.367800,9.288305,3.398569,11.253274,72.421799,59.975971
2.0799880,4.878186,9.333796,3.368642,11.057313,72.262718,62.406773
2.0901771,4.838682,9.372103,2.779668,10.907598,75.236031,62.693344
2.0999470,4.633977,9.238028,2.907758,10.736384,74.286209,63.360752
2.1100519,4.226963,8.973468,2.852691,10.321249,73.955124,64.777161
2.1199679,4.041412,8.799889,2.826355,10.087584,73.728958,65.332703
2.1300159,3.882198,8.716091,2.719813,9.921648,74.089874,65.991531
2.1403880,3.746926,8.692149,2.650381,9.829416,74.357292,66.680573
2.1513028,3.586514,8.698134,2.561796,9.751073,74.768517,67.592110
2.1598341,3.453636,8.777143,2.428918,9.739892,75.559273,68.521324
2.1714480,3.374627,8.935161,2.342726,9.834306,76.218506,69.309471
2.1799071,3.264494,9.119514,2.304419,9.956546,76.617683,70.304260
2.1904960,3.163938,9.314642,2.146402,10.068769,77.691566,71.238731
2.2006798,3.143587,9.464279,1.981202,10.167590,78.763771,71.625946
2.2099178,3.213019,9.531317,1.981202,10.251568,78.856995,71.370972
2.2205520,3.312378,9.428367,2.102109,10.211993,78.120911,70.642578
2.2300360,3.409343,9.199720,2.290054,10.074861,76.861618,69.665695
2.2402670,3.478775,8.916007,2.474407,9.885329,75.504082,68.685669
2.2500710,3.556587,8.681376,2.705448,9.763967,73.913696,67.722061
2.2600057,3.518279,8.487445,2.996343,9.664010,71.937653,67.484650
2.2701051,3.424906,8.377312,3.257311,9.618701,70.205742,67.763733
2.2800720,3.293224,8.364143,3.330335,9.586206,69.671082,68.508896
2.2904539,3.145981,8.439561,3.321955,9.599936,69.754745,69.556259
2.2998488,3.060987,8.621520,3.271677,9.716178,70.322556,70.453087
2.3099461,2.978387,8.786720,3.169923,9.804369,71.136330,71.275162
2.3203251,2.801216,8.959103,3.053804,9.871071,71.978790,72.637260
2.3307209,2.567781,9.182961,2.907758,9.968717,73.040939,74.377701
2.3403280,2.202666,9.364920,2.592921,9.963769,74.916000,76.764381
2.3499949,1.646014,9.508572,2.238579,9.906237,76.939682,80.178947
2.3600261,1.015141,9.653421,1.909376,9.892662,78.871544,83.996910
2.3699689,0.523133,9.774328,1.580173,9.915045,80.829597,86.936386
2.3803120,0.202310,9.901221,1.315614,9.990293,82.432785,88.829445
2.3910110,0.026336,10.101137,1.180341,10.169900,83.335098,89.850616
2.4015920,-0.022745,10.268731,1.149217,10.332863,83.614372,90.126907
2.4100108,-0.010774,10.408792,1.114501,10.468293,83.888458,90.059303
2.4199638,0.098162,10.438720,1.048660,10.491720,84.263634,89.461227
2.4304378,0.336385,10.368091,1.053449,10.426899,84.201408,88.141731
2.4398060,0.690727,10.250774,1.210269,10.345058,83.281578,86.145073
2.4498711,1.001973,10.066422,1.462857,10.221387,81.771729,84.315720
2.4599810,1.192312,9.794679,1.684321,10.009709,80.312828,83.059494
2.4707909,1.303643,9.521740,1.924938,9.801449,78.673874,82.203979
2.4798388,1.368286,9.345766,2.098518,9.675709,77.473846,81.670670
2.4901769,1.501164,9.295488,2.102109,9.647717,77.415062,80.826286
2.5003109,1.732205,9.344569,2.064999,9.725519,77.741196,79.498276
2.5099659,2.053028,9.398438,2.039860,9.833951,78.028198,77.677673
2.5199459,2.431312,9.469068,2.123657,10.004221,77.744232,75.599609
2.5310588,2.741361,9.568427,2.286463,10.212627,77.062630,74.012955
2.5399401,3.019088,9.661801,2.420538,10.407896,76.551727,72.647186
2.5501039,3.063381,9.578004,2.545036,10.373026,75.797401,72.263908
2.5599730,3.156755,9.433155,2.632425,10.289761,75.177254,71.497459
2.5725389,3.238158,9.264363,2.562993,10.143127,75.363686,70.734032
2.5900090,2.919729,9.018958,2.383428,9.774822,75.887100,72.061554
2.6008489,2.632425,9.070433,1.881842,9.630355,78.731476,73.816193
2.6099460,2.632425,9.242816,1.881842,9.792887,78.920883,74.102638
2.6209400,2.428918,9.507375,1.521515,9.929996,81.186180,75.668777
2.6299849,2.315193,9.546879,1.456872,9.931037,81.564331,76.368484
2.6398630,2.200271,9.531317,1.477222,9.892896,81.412392,77.001183
2.6500139,2.177526,9.476251,1.539472,9.844335,81.003075,77.058784
2.6600010,2.238579,9.422380,1.622072,9.819551,80.491844,76.635391
2.6701429,2.398990,9.370906,1.774103,9.834454,79.607132,75.640442
2.6800449,2.580950,9.308656,1.892616,9.843493,78.914665,74.503250
2.6900599,2.813187,9.318233,2.063802,9.950014,78.028976,73.200867
2.7005920,3.004723,9.384073,2.206257,10.097363,77.379150,72.245247
2.7102818,3.057395,9.446322,2.209848,10.171731,77.452209,72.065315
2.7198529,2.947262,9.454702,2.178724,10.140245,77.592743,72.686462
2.7301388,2.778471,9.396045,2.088941,10.018445,77.964981,73.526711
2.7402081,2.687491,9.357738,1.997961,9.938899,78.403130,73.976219
2.7498820,2.622848,9.357738,1.945289,9.911142,78.680908,74.342529
2.7607729,2.592921,9.435549,1.903390,9.968737,78.992592,74.634224
2.7708240,2.592921,9.533711,1.849521,10.051648,79.397064,74.785065
2.7806129,2.577358,9.593566,1.768118,10.089872,79.907555,74.962280
2.7899001,2.541445,9.597157,1.731008,10.077736,80.109512,75.167824
2.8002839,2.457648,9.568427,1.766921,10.035778,79.859528,75.594978
2.8107190,2.339135,9.514558,1.798046,9.961493,79.601135,76.187874
2.8201110,2.258929,9.502586,1.795651,9.931076,79.582977,76.627998
2.8299189,2.215834,9.518148,1.745373,9.927305,79.873886,76.894913
2.8399959,2.205060,9.586384,1.684321,9.979879,80.283592,77.046150
2.8501239,2.165555,9.633071,1.599327,10.002176,80.799034,77.330292
2.8602040,2.110489,9.606734,1.528698,9.953915,81.165695,77.609604
2.8700690,2.036268,9.552865,1.498770,9.881799,81.276291,77.967041
2.8801730,1.983596,9.488221,1.519121,9.811663,81.093178,78.191879
2.8913908,2.005144,9.464279,1.574188,9.801594,80.757973,78.037949
2.9010160,2.050634,9.458294,1.626860,9.813822,80.457893,77.767143
2.9109859,2.084153,9.428367,1.644817,9.795060,80.332916,77.535141
2.9209337,2.159570,9.409213,1.666364,9.796622,80.206612,77.073547
2.9299579,2.209848,9.422380,1.690306,9.824552,80.093010,76.800873
2.9401090,2.245761,9.488221,1.707066,9.898680,80.069473,76.683754
2.9499819,2.240973,9.542090,1.696292,9.947404,80.181595,76.783524
2.9601657,2.240973,9.580399,1.702277,9.985176,80.184242,76.834526
2.9700129,2.245761,9.560047,1.713051,9.968575,80.104881,76.780273
2.9800377,2.240973,9.494206,1.731008,9.907487,79.937805,76.719223
2.9899220,2.229002,9.440337,1.775301,9.861040,79.628387,76.714943
3.0011299,2.246958,9.431957,1.806425,9.862748,79.446335,76.600296
3.0099080,2.275689,9.458294,1.805228,9.894288,79.487411,76.471634
3.0206759,2.282871,9.513360,1.763330,9.941069,79.782913,76.506172
3.0300469,2.281674,9.570822,1.702277,9.985210,80.184280,76.591034
3.0403178,2.281674,9.603143,1.632846,10.004627,80.606789,76.634544
3.0499251,2.260126,9.597157,1.586159,9.986465,80.860962,76.748329
3.0601621,2.243367,9.605537,1.557428,9.986221,81.027657,76.854240
3.0701261,2.232593,9.601946,1.517924,9.974263,81.246483,76.910469
3.0806139,2.230199,9.622296,1.473631,9.986689,81.514473,76.950729
3.0901470,2.254141,9.619903,1.453280,9.986776,81.632584,76.812347
3.0998840,2.293645,9.604341,1.450886,9.980443,81.641129,76.568565
3.1099639,2.355895,9.579201,1.491588,9.976781,81.401703,76.182983
3.1202819,2.401384,9.520543,1.509544,9.934089,81.259705,75.843468
3.1303401,2.438494,9.458294,1.590947,9.896297,80.748878,75.543083
3.1407738,2.461239,9.425972,1.590947,9.871057,80.725014,75.366096
3.1498737,2.469619,9.402030,1.598130,9.851458,80.664070,75.282654
3.1601729,2.522291,9.405622,1.543063,9.859447,80.995850,74.988274
3.1698380,2.578555,9.421184,1.551443,9.890127,80.974861,74.693146
3.1799259,2.609680,9.427169,1.537078,9.901745,81.069687,74.526558
3.1900649,2.639607,9.387665,1.516727,9.868954,81.159363,74.295174
3.1998818,2.680309,9.364920,1.511938,9.857573,81.177238,74.028488
3.2098739,2.732981,9.342175,1.477222,9.845182,81.370453,73.693573
3.2200329,2.786851,9.302670,1.462857,9.820701,81.433540,73.323082
3.2303307,2.822764,9.263166,1.444901,9.790914,81.513542,73.052452
3.2405279,2.861071,9.214086,1.386243,9.747142,81.823647,72.749878
3.2505310,2.922123,9.151836,1.301249,9.694749,82.286362,72.292046
3.2603047,2.965219,9.068039,1.197101,9.615347,82.848175,71.892426
3.2699709,3.047819,9.004593,1.086968,9.568354,83.477104,71.300385
3.2798998,3.217807,8.961497,1.009156,9.575026,83.950096,70.248299
3.2899420,3.405752,8.923190,0.990002,9.602217,84.082207,69.109428
3.3000269,3.609259,8.878897,0.990002,9.635438,84.102684,67.878326
3.3099520,3.824737,8.798691,0.982820,9.644248,84.150986,66.505707
3.3201878,4.064157,8.722076,1.011550,9.675496,83.998894,65.016258
3.3306799,4.364630,8.651448,1.024718,9.744106,83.963448,63.229195
3.3407090,4.648343,8.566454,1.072602,9.805187,83.719772,61.514790
3.3499677,4.981137,8.510190,1.137246,9.926147,83.421135,59.658947
3.3604360,5.284003,8.441956,1.221043,10.033855,83.010223,57.956657
3.3699350,5.471948,8.364143,1.288081,10.077711,82.656662,56.806686
3.3838048,5.612009,8.265982,1.295263,10.074661,82.613243,55.826309
3.4001288,5.887342,8.118738,1.235408,10.104501,82.977264,54.052074
3.4097819,5.911284,8.003817,1.218649,10.024444,83.017410,53.551975
3.4198189,5.793968,7.857770,1.175553,9.833441,83.134071,53.596596
3.4298549,5.574899,7.715315,1.028310,9.574080,83.834221,54.149040
3.4406710,5.334281,7.563283,0.751779,9.285633,85.356163,54.805199
3.4499450,5.182250,7.416040,0.409408,9.056543,87.409012,55.054562
3.4606409,5.104438,7.258022,0.137667,8.874296,89.111137,54.881962
3.4700301,5.076905,7.100005,-0.134075,8.729434,90.880043,54.433090
3.4805889,5.049371,6.947973,-0.398635,8.598221,92.657326,53.992588
3.4899378,5.007473,6.803124,-0.536301,8.464331,93.632706,53.644890
3.5003619,4.904522,6.639122,-0.465672,8.267353,93.228989,53.545586
3.5103390,4.681861,6.396110,-0.403423,7.936800,92.913567,53.796402
3.5204690,4.419696,6.132748,-0.235829,7.563063,91.786865,54.220783
3.5299618,4.170700,5.832275,-0.023942,7.170128,90.191322,54.431183
3.5403938,3.830723,5.513846,0.269348,6.719337,87.702660,55.210514
3.5504470,3.439271,5.232528,0.494403,6.281112,85.485428,56.683617
3.5602050,3.110068,4.984728,0.614113,5.907383,84.032928,58.039162
3.5699549,2.753332,4.710592,0.627281,5.492176,83.441734,59.693794
3.5813169,2.488773,4.514267,0.588974,5.188399,83.481880,61.131496
3.5900919,2.375048,4.407725,0.501585,5.031946,84.279243,61.682545
3.6000149,2.205060,4.243722,0.533907,4.812123,83.629898,62.543381
3.6100800,2.017115,4.037821,0.526724,4.544248,83.343880,63.455338
3.6204851,1.793257,3.722984,0.439336,4.155646,83.931335,64.281181
3.6301529,1.467646,3.450045,0.373495,3.767797,84.311020,66.955147
3.6424618,0.701501,3.587711,0.374693,3.674802,84.147797,78.936600
3.6601059,0.440533,3.963601,0.377087,4.005795,84.598450,83.657906
3.6706059,0.038307,4.922479,0.114922,4.923969,88.662636,89.554131
3.6800530,-0.076614,5.543774,-0.063446,5.544666,90.655640,90.791771
3.6899960,-0.330400,5.617994,-0.429759,5.644087,94.366913,93.365746
3.7007759,-0.616507,6.300342,-0.488417,6.349247,94.411850,95.588768
3.7100730,-0.885855,7.356185,-0.308852,7.415766,92.386948,96.866669
3.7209311,-1.077391,8.789114,-0.209493,8.857380,91.355270,96.988586
3.7299109,-1.070208,10.280702,-0.636858,10.355856,93.525764,95.943016
3.7405329,-1.138443,11.640609,-1.098939,11.747659,95.367599,95.585724
3.7500510,-1.156399,13.032837,-1.114501,13.131421,94.868713,95.070557
3.7600298,-1.382651,14.225149,-0.857124,14.317865,93.432007,95.551575
3.7698958,-2.197877,14.638149,-0.563834,14.812967,92.181412,98.539017
3.7808077,-3.292027,14.518439,-0.360327,14.891352,91.386528,102.775673
3.7900050,-4.317943,13.310564,-0.184354,13.994632,90.754791,107.973045
3.8001950,-4.594473,11.063606,0.210690,11.981525,88.992424,112.552040
3.8098609,-4.103662,9.358934,0.750582,10.246613,85.799225,113.676262
3.8198678,-3.355474,8.494628,1.215057,9.213809,82.422134,111.554581
3.8310277,-2.644396,8.151060,1.622072,8.721452,79.281349,107.974281
3.8402839,-1.885434,8.113950,1.581370,8.478902,79.251022,103.081635
3.8498738,-1.004368,8.287529,1.181539,8.431365,81.944275,96.909988
3.8597188,-0.178368,8.558074,0.513556,8.575324,86.566635,91.193993
3.8697441,0.623690,8.809465,-0.265756,8.835513,91.723618,85.950348
3.8797817,1.407791,9.363723,-0.870292,9.508869,95.251305,81.449890
3.8920150,2.096124,10.068815,-1.140837,10.347767,96.329704,78.240143
3.9098229,3.043030,11.578360,-1.107318,12.022671,95.284576,75.274521
3.9205151,2.755726,11.953052,-0.757765,12.289983,93.534935,77.017540
3.9304068,2.051831,11.774684,-0.484826,11.961950,92.322876,80.115021
3.9400449,1.222240,11.298238,-0.532710,11.376636,92.683853,83.825768
3.9498589,0.529119,10.947487,-0.010774,10.960271,90.056320,87.232910
3.9600530,0.254982,10.910378,0.166397,10.914625,89.126472,88.661201
3.9699788,0.084994,11.136629,0.009577,11.136957,89.950729,89.562729
3.9801908,-0.049081,11.425131,-0.193930,11.426883,90.972435,90.246132
3.9898279,-0.356736,11.568783,-0.318429,11.578661,91.575912,91.766220
4.0000229,-0.572214,11.633426,-0.338780,11.652416,91.666039,92.815941
4.0098801,-0.642843,11.565191,-0.460884,11.592210,92.278572,93.181473
4.0200472,-0.578200,11.390414,-0.418985,11.412774,92.103912,92.905952
4.0307240,-0.324414,11.355699,-0.257377,11.363246,91.297859,91.636406
4.0402570,-0.029928,11.263522,-0.270545,11.266810,91.375946,90.152237
4.0500522,0.280122,11.095928,-0.203507,11.101329,91.050392,88.553848
4.0599866,0.565032,10.978612,-0.183156,10.994668,90.954514,87.053780
4.0706258,0.823605,10.749966,-0.368707,10.787772,91.958649,85.618858
4.0800738,0.812831,10.516531,-0.500388,10.559759,92.716057,85.580345
4.0901918,0.632069,10.242394,-0.496797,10.273897,92.771629,86.468697
4.1010370,0.411803,9.991004,-0.483629,10.011175,92.768974,87.639755
4.1100149,0.355539,9.787497,-0.509965,9.807220,92.980667,87.919601
4.1200390,0.435745,9.716867,-0.521936,9.740626,93.071571,87.432343
4.1300497,0.484826,9.811439,-0.481235,9.835191,92.804596,87.171066
4.1400728,0.385466,10.014946,-0.502782,10.034965,92.871895,87.795822
4.1505160,0.142455,10.346542,-0.656011,10.368298,93.627579,89.211182
4.1601758,-0.098162,10.692505,-0.914585,10.731997,94.888702,90.525986
4.1699109,-0.323217,10.994174,-0.940921,11.039097,94.889557,91.683952
4.1802197,-0.445322,11.150994,-0.794875,11.188155,94.074074,92.286926
4.1901188,-0.518345,11.139024,-0.657208,11.170428,93.372925,92.664284
4.2008309,-0.271742,11.317391,-0.706290,11.342664,93.570023,91.375465
4.2100167,-0.271742,11.317391,-0.799663,11.348861,94.040520,91.375465
4.2200890,-0.179565,11.660959,-0.752976,11.686624,93.694160,90.882217
4.2310739,-0.087388,11.887212,-0.735020,11.910234,93.538162,90.421204
4.2406068,0.068235,11.992557,-0.751779,12.016291,93.586960,89.674004
4.2508249,0.263362,12.029667,-0.772130,12.057299,93.671638,88.745842
4.2604718,0.347159,12.070368,-0.707487,12.096066,93.353088,88.352554
4.2704329,0.337582,12.102690,-0.834379,12.136113,93.942299,88.402252
4.2800651,0.231040,12.003330,-1.015141,12.048395,94.833206,88.897308
4.2901187,0.069432,11.880029,-1.053449,11.926847,95.067299,89.665146
4.2999930,-0.044293,11.807006,-1.023521,11.851369,94.954414,90.214935
4.3099179,-0.088585,11.779472,-0.882263,11.812798,94.283241,90.430878
4.3201590,-0.080206,11.781867,-0.685939,11.802091,93.331917,90.390038
4.3299170,-0.027533,11.805809,-0.566229,11.819412,92.745903,90.133621
4.3420448,0.076614,11.851298,-0.566229,11.865066,92.735329,89.629608
4.3501492,0.223858,11.972205,-0.432153,11.982093,92.066910,88.928802
4.3601980,0.422577,12.174516,-0.367510,12.187389,91.728012,88.012062
4.3703375,0.650026,12.338518,-0.338780,12.360272,91.570602,86.984291
4.3809605,0.756568,12.446258,-0.034716,12.469279,90.159515,86.521454
4.3900881,0.840365,12.569559,-0.116119,12.598155,90.528107,86.175056
4.4001236,0.791284,12.634202,-0.076614,12.659189,90.346764,86.416229
4.4099269,0.745794,12.703634,0.014365,12.725515,89.935318,86.640182
4.4201212,0.651223,12.696451,-0.100556,12.713539,90.453178,87.063774
4.4299636,0.559046,12.658144,-0.322020,12.674575,91.455856,87.471176
4.4403548,0.584185,12.714408,-0.440533,12.735444,91.982323,87.369301
4.4498940,0.720655,12.795811,-0.571017,12.828803,92.551109,86.776527
4.4605742,0.733823,12.872425,-0.785298,12.917218,93.485428,86.737251
4.4700756,0.593762,13.079524,-0.672771,13.110268,92.941498,87.400764
4.4802389,0.588974,13.342886,-0.743400,13.376552,93.185844,87.472527
4.4915638,0.785298,13.475764,-0.855927,13.525736,93.628181,86.664871
4.4999828,0.817620,13.385982,-0.732626,13.430925,93.126900,86.504700
4.5098877,0.808043,13.255498,-0.827197,13.305841,93.564255,86.511620
4.5201459,0.533907,13.147758,-0.591368,13.171876,92.573227,87.674599
4.5301700,0.120907,13.103466,-0.217872,13.105835,90.952530,89.471344
4.5402627,0.178368,13.041217,-0.041899,13.042503,90.184059,89.216400
4.5501518,0.628478,12.932281,-0.913388,12.979720,94.035263,87.217751
4.5599990,0.802058,12.938266,-1.210269,13.019477,95.333824,86.452713
4.5701547,0.658405,12.926295,-1.316811,13.009866,95.809219,87.084137
4.5807600,0.311246,13.004107,-1.757344,13.126001,97.694016,88.628922
4.5899916,-0.116119,13.160927,-2.264915,13.354898,99.764229,90.505508
4.6004667,-0.628478,13.259089,-2.657564,13.537396,101.321426,92.713776
4.6101227,-1.079785,13.588292,-3.020285,13.961724,102.493340,94.543427
4.6202607,-1.286883,14.016854,-3.165135,14.427278,102.672943,95.245605
4.6301699,-1.261744,14.374787,-3.017891,14.742258,101.812538,95.016273
4.6400537,-1.052252,14.693215,-2.489970,14.939805,99.594078,94.096230
4.6501479,-0.538695,14.466964,-2.227805,14.647401,98.748390,92.132492
4.6601262,-0.019154,13.682862,-1.878251,13.811188,97.816154,90.080208
4.6699967,0.075417,12.933477,-1.425747,13.012044,96.290604,89.665901
4.6809945,0.081403,12.618640,-1.347936,12.690690,96.097145,89.630386
4.6906576,0.298078,12.701240,-1.338359,12.775036,96.013550,88.655602
4.7012596,0.982820,12.932281,-1.234211,13.028165,95.436012,85.654022
4.7115445,1.112107,12.932281,-1.367089,13.051805,96.012375,85.084961
4.7200556,1.112107,12.897565,-1.367089,13.017407,96.028320,85.071800
4.7300959,1.049857,12.843695,-1.595735,12.984956,97.058983,85.326973
4.7408919,0.788889,12.746730,-2.045845,12.933946,99.101067,86.458504
4.7505445,0.108936,12.531252,-2.194286,12.722383,99.931717,89.501930
4.7609401,-0.100556,12.427104,-2.232593,12.626460,100.184509,90.463608
4.7703938,-0.268151,12.376825,-1.928530,12.529043,98.854439,91.241150
4.7802973,-0.378284,12.443863,-1.541866,12.544727,97.060051,91.741211
4.7899237,-0.330400,12.388797,-1.528698,12.487127,97.031898,91.527672
4.8001437,-0.229843,12.319365,-1.408988,12.401807,96.523544,91.068848
4.8101211,-0.123301,12.276269,-1.191115,12.334535,95.541550,90.575455
4.8201408,0.075417,12.283452,-1.054646,12.328875,94.907234,89.648224
4.8302426,0.278924,12.293029,-0.998382,12.336658,94.641914,88.700203
4.8398848,0.448913,12.276269,-1.046266,12.328949,94.868118,87.905769
4.8501477,0.465672,12.184093,-1.108515,12.243275,95.194717,87.811241
4.8603840,0.278924,11.974600,-1.023521,12.021499,94.884125,88.665649
4.8703809,-0.192733,11.852495,-0.705092,11.875013,93.404007,90.931602
4.8809099,-0.639252,11.814188,-0.712275,11.852891,93.445145,93.097191
4.8904529,-0.872687,11.803414,-0.878672,11.868202,94.245827,94.228477
4.9003348,-0.992397,11.816583,-0.878672,11.890691,94.237778,94.800629
4.9111176,-1.179144,11.883620,-0.739808,11.964870,93.544960,95.666588
4.9211841,-1.328782,12.108675,-0.287304,12.184753,91.351105,96.262466
4.9311705,-1.145625,12.273875,-0.231040,12.329390,91.073730,95.332451
4.9405398,-0.626084,12.117055,-0.410606,12.140164,91.938232,92.957825
4.9507198,-0.023942,11.720815,-0.413000,11.728113,92.018059,90.117035
4.9610157,0.195127,11.276690,0.014365,11.278387,89.927025,89.008675
4.9704118,0.332794,10.874464,0.329203,10.884535,88.266823,88.247108
4.9807019,0.217872,10.346542,0.488417,10.360355,87.297913,88.793671
4.9902706,-0.089783,9.764751,0.375890,9.772396,87.795609,90.526794
5.0001016,-0.514753,9.239224,0.377087,9.261232,87.666458,93.188873
5.0102129,-0.957681,8.813056,0.269348,8.869028,88.259689,96.201775
5.0203047,-1.316811,8.522161,0.122104,8.624159,89.188759,98.783653
5.0300088,-1.596933,8.297106,-0.084994,8.449816,90.576332,100.894417
5.0406828,-1.768118,8.131907,-0.306458,8.327549,92.108986,102.266876
5.0509858,-1.833959,8.019379,-0.411803,8.236712,92.865753,102.881500
5.0599937,-1.772906,8.000225,-0.502782,8.209725,93.511124,102.495216
5.0700197,-1.642422,8.038532,-0.612916,8.227468,94.272278,101.547661
5.0807786,-1.387440,8.135497,-0.714669,8.283842,94.949211,99.678200
5.0909619,-1.142034,8.189367,-0.763750,8.303812,95.277290,97.938889
5.1003928,-0.961272,8.251616,-0.776918,8.343669,95.342819,96.644722
5.1104589,-0.809240,8.282741,-0.664391,8.348657,94.564461,95.580200
5.1200252,-0.653617,8.224083,-0.501585,8.265249,93.479195,94.544090
5.1300268,-0.592565,8.097190,-0.345962,8.126211,92.440025,94.185532
5.1400852,-0.514753,7.942764,-0.223858,7.962574,91.611015,93.708031
5.1502447,-0.401029,7.758410,-0.067038,7.769057,90.494400,92.958961
5.1600976,-0.395043,7.538144,0.044293,7.548618,89.663803,92.999893
5.1702609,-0.269348,7.407660,0.198719,7.415218,88.464363,92.082397
5.1805949,-0.192733,7.297527,0.349553,7.308436,87.258568,91.512871
5.1901836,-0.165200,7.234080,0.492008,7.252674,86.110168,91.308197
5.1999159,-0.073023,7.155072,0.517148,7.174108,85.866234,90.584732
5.2110457,0.017957,7.031770,0.549469,7.053229,85.531944,89.853691
5.2199826,0.167594,6.851008,0.567426,6.876509,85.266769,88.598671
5.2299519,0.270545,6.612785,0.553061,6.641385,85.223167,87.657196
5.2399778,0.293290,6.374562,0.568623,6.406590,84.907959,87.365715
5.2507248,0.260968,6.162675,0.676362,6.205170,83.742340,87.575172
5.2601671,0.208296,6.023811,0.676362,6.065242,83.597374,88.019577
5.2701578,0.152032,5.934029,0.618901,5.968153,84.047691,88.532387
5.2806249,0.201113,5.852626,0.529119,5.879936,84.837135,88.031929
5.2899837,0.363919,5.823895,0.509965,5.857496,85.005394,86.424400
5.3011827,0.575805,5.841852,0.533907,5.894391,84.803093,84.370789
5.3103590,0.826000,5.880159,0.606930,5.968828,84.163887,82.003853
5.3202705,1.130063,5.953183,0.690727,6.098732,83.496872,79.251709
5.3304248,1.502362,6.039374,0.831985,6.278800,82.385513,76.030579
5.3401628,1.867477,6.056133,0.948104,6.408051,81.491562,72.862259
5.3508530,2.260126,6.048951,0.997185,6.533938,81.221428,69.512329
5.3600206,2.606089,6.069301,1.040281,6.686576,81.049713,66.761864
5.3698997,2.952051,6.143522,1.098939,6.903994,80.841026,64.335045
5.3800278,3.287239,6.284780,1.143231,7.184105,80.843399,62.388290
5.3898959,3.520674,6.447585,1.154005,7.436278,81.072426,61.363461
5.4009252,3.610456,6.552930,1.112107,7.563932,81.545288,61.146633
5.4102478,3.663129,6.579266,0.952892,7.590340,82.788048,60.892315
5.4200549,3.661932,6.579266,0.905008,7.583899,83.146400,60.900272
5.4299226,3.542221,6.609194,0.970849,7.561172,82.622902,61.810757
5.4407039,3.508703,6.672640,0.992397,7.603945,82.500893,62.263069
5.4502516,3.545813,6.804321,1.013944,7.739487,82.472084,62.475445
5.4599290,3.677494,6.953959,1.048660,7.936069,82.406815,62.128567
5.4700298,3.876213,7.101202,1.152808,8.171968,81.890312,61.371948
5.4808865,4.128801,7.271191,1.243788,8.453650,81.539345,60.410786
5.4900150,4.424485,7.346608,1.205481,8.660363,81.998726,58.941601
5.4999628,4.685453,7.314286,1.201889,8.769081,82.122253,57.356815
5.5126681,4.839879,7.144298,1.337162,8.732321,81.191765,55.884468
5.5207009,4.924873,6.937200,1.567005,8.650701,79.563713,54.628208
5.5314770,5.000290,6.807912,1.802834,8.637175,77.952087,53.703381
5.5398660,4.975151,6.786365,1.942895,8.636070,76.998627,53.754486
5.5502138,4.944026,6.914454,2.003947,8.733206,76.734550,54.434181
5.5609860,4.801571,7.128736,1.958457,8.815300,77.163734,56.037697
5.5700588,4.602853,7.372944,1.872266,8.891116,77.843826,58.023895
5.5809269,4.396951,7.645883,1.750161,8.991983,78.776558,60.097897
5.5901136,4.358644,7.906851,1.572991,9.164626,80.116982,61.134293
5.6009231,4.461595,8.139089,1.423353,9.390236,81.281616,61.269817
5.6101570,4.610035,8.323442,1.429338,9.621597,81.456795,61.019615
5.6198359,4.763264,8.487445,1.525106,9.851464,81.094215,60.698296
5.6300907,4.881777,8.631097,1.596933,10.043793,80.851318,60.507355
5.6399107,4.918888,8.704121,1.697489,10.140939,80.363914,60.528267
5.6503587,4.914099,8.757990,1.650802,10.177224,80.665062,60.703262
5.6606727,4.875792,8.771158,1.563414,10.156320,81.144958,60.930794
5.6707315,4.803966,8.753201,1.452083,10.089854,81.725533,61.240971
5.6802359,4.805163,8.772355,1.363498,10.094698,82.237289,61.287746
5.6899719,4.866215,8.853758,1.279701,10.183649,82.780998,61.205864
5.7005491,4.933253,8.967483,1.227028,10.308167,83.163612,61.183628
5.7101159,4.948815,8.996213,1.254562,10.343913,83.033730,61.184818
5.7201667,4.993108,8.943541,1.352724,10.331888,82.476830,60.825722
5.7300668,5.015852,8.829816,1.462857,10.259843,81.802780,60.400890
5.7399826,5.007473,8.674192,1.538275,10.133246,81.268471,60.002846
5.7502351,4.924873,8.525752,1.549049,9.967064,81.059036,59.987263
5.7603116,4.801571,8.383297,1.498770,9.776558,81.181641,60.197880
5.7700639,4.577713,8.251616,1.435324,9.544883,81.351265,60.979992
5.7802439,4.344279,8.179790,1.344344,9.358899,81.741272,62.027271
5.7908688,4.080917,8.191761,1.328782,9.247946,81.738922,63.518738
5.8001161,4.080917,8.312668,1.250970,9.344478,82.306564,63.852310
5.8105040,4.013879,8.755595,1.210269,9.707545,82.838127,65.371582
5.8205776,3.964798,8.992621,1.163582,9.896503,83.247826,66.207581
5.8301158,3.873818,9.178172,1.137246,10.026896,83.487526,67.116920
5.8399649,3.782839,9.293094,1.133654,10.097358,83.553673,67.850769
5.8498874,3.694253,9.311050,1.102530,10.077636,83.719063,68.358795
5.8600602,3.618836,9.218874,1.119289,9.966765,83.551956,68.567688
5.8707399,3.535039,9.064447,1.209072,9.804212,82.916153,68.694740
5.8799810,3.469198,8.914810,1.292869,9.653014,82.303001,68.736504
5.8906574,3.452439,8.854955,1.408988,9.608059,81.567368,68.699799
5.9005866,3.483563,8.941146,1.538275,9.718312,80.892563,68.713593
5.9101310,3.605668,9.130288,1.552640,9.938496,81.012161,68.450302
5.9211569,3.689465,9.331401,1.601721,10.161334,80.930702,68.427063
5.9299407,3.642778,9.504981,1.546654,10.295953,81.360344,69.030701
5.9410777,3.555390,9.633071,1.385046,10.361236,82.317947,69.741821
5.9499726,3.379416,9.734824,1.337162,10.391114,82.606499,70.855705
5.9600177,3.246537,9.812635,1.284489,10.415264,82.915817,71.693062
5.9704218,3.113659,9.854534,1.181539,10.402056,83.477867,72.465439
5.9804668,2.924517,9.868899,1.125275,10.354430,83.761017,73.493507
5.9899540,2.754529,9.859323,0.993594,10.284985,84.456223,74.390526
6.0000377,2.651578,9.827001,0.824802,10.211812,85.367203,74.899727
6.0102305,2.585738,9.798270,0.758962,10.162094,85.716843,75.216820
6.0211720,2.588132,9.727641,0.743400,10.093467,85.776253,75.101059
6.0305266,2.576161,9.569624,0.701501,9.935110,85.951073,74.933052
6.0401812,2.512715,9.441534,0.696713,9.794984,85.921135,75.097069
6.0499978,2.409764,9.355343,0.703895,9.686324,85.832703,75.555649
6.0600438,2.330755,9.321824,0.695516,9.633927,85.859962,75.962021
6.0708799,2.282871,9.340978,0.679953,9.639901,85.955269,76.266502
6.0800757,2.167950,9.356541,0.661997,9.627206,86.057053,76.954536
6.0900717,2.076970,9.301474,0.671574,9.554173,85.969292,77.412651
6.1000190,2.043451,9.263166,0.766145,9.516770,85.382423,77.559814
6.1099558,2.027889,9.283517,1.059434,9.561298,83.638313,77.677879
6.1207805,2.154782,9.346964,1.306037,9.680628,82.246445,77.018250
6.1300797,2.540248,9.556456,1.498770,10.001251,81.381287,75.114159
6.1402092,2.965219,9.702502,1.586159,10.268738,81.114243,73.006126
6.1500893,3.202245,9.721656,1.680730,10.372551,80.674889,71.768478
6.1600060,3.184288,9.691729,1.751359,10.350678,80.258560,71.811684
6.1700778,3.013103,9.692925,1.644817,10.282850,80.795586,72.731834
6.1799870,2.841918,9.672575,1.470040,10.188043,81.703796,73.626587
6.1904135,2.703054,9.610326,1.473631,10.091404,81.603165,74.290535
6.2007961,2.661155,9.525331,1.653196,10.027300,80.510345,74.390877
6.2111769,2.704251,9.472659,1.829170,10.019486,79.481018,74.067039
6.2202721,2.834735,9.494206,1.874660,10.084147,79.286293,73.375679
6.2321396,2.965219,9.623494,1.782483,10.226505,79.962059,72.874741
6.2451425,3.160346,9.952697,1.572991,10.560221,81.433670,72.383446
6.2602177,3.205836,10.010158,1.521515,10.620529,81.763367,72.241905
6.2700906,3.202245,9.951499,1.478420,10.558050,81.950554,72.162598
6.2804470,3.086126,9.799467,1.460463,10.377219,81.909477,72.519325
6.2907677,2.917335,9.567230,1.431733,10.104088,81.853867,73.041969
6.3002458,2.737770,9.334992,1.386243,9.826450,81.890083,73.654625
6.3099647,2.558204,9.143456,1.349133,9.589962,81.912704,74.369164
6.3200879,2.456451,8.975863,1.314417,9.398295,81.960434,74.694458
6.3299289,2.463634,8.912416,1.318008,9.340117,81.887772,74.547752
6.3407631,2.801216,8.907627,1.325191,9.431265,81.922623,72.542999
6.3507166,2.949656,8.899248,1.423353,9.482776,81.367348,71.662216
6.3603148,2.995146,8.906430,1.499967,9.515530,80.930428,71.412704
6.3700447,2.931700,8.896853,1.452083,9.479315,81.188484,71.761864
6.3810182,2.792836,8.894460,1.250970,9.406182,82.357330,72.567856
6.3903389,2.624045,8.962694,1.070208,9.400045,83.462624,73.681335
6.4009662,2.491167,9.070433,0.988805,9.458139,83.999023,74.642555
6.4102049,2.438494,9.175778,0.956484,9.542328,84.247246,75.117447
6.4201417,2.443283,9.241618,0.967257,9.607951,84.222099,75.191063
6.4302416,2.472013,9.272743,0.980426,9.646545,84.166679,75.072723
6.4403534,2.482787,9.276335,0.982820,9.653008,84.156311,75.016136
6.4509416,2.494758,9.287108,1.003170,9.668533,84.044487,74.963829
6.4603496,2.524686,9.320627,1.055843,9.714059,83.760063,74.843933
6.4700127,2.567781,9.362526,1.130063,9.773814,83.360527,74.663094
6.4799390,2.594118,9.363723,1.185130,9.788426,83.045876,74.515182
6.4905777,2.568978,9.348161,1.223437,9.771620,82.807518,74.633812
6.5000277,2.501941,9.302670,1.283292,9.718345,82.412025,74.946587
6.5105572,2.426523,9.253590,1.369483,9.663976,81.853180,75.306435
6.5201025,2.372654,9.232041,1.436521,9.639692,81.429779,75.586792
6.5299587,2.378639,9.276335,1.485602,9.690992,81.181946,75.618073
6.5404849,2.407370,9.373300,1.501164,9.793246,81.182617,75.595894
6.5501280,2.487576,9.469068,1.465251,9.899405,81.488144,75.280685
6.5607266,2.585738,9.562442,1.425747,10.007951,81.809692,74.868767
6.5700855,2.686294,9.635465,1.380257,10.097696,82.143623,74.421936
6.5798817,2.794033,9.649830,1.395820,10.142690,82.089951,73.852036
6.5900850,2.907758,9.694122,1.471237,10.227199,81.729004,73.303352
6.6001425,2.993949,9.696517,1.553837,10.266479,81.294800,72.841118
6.6099734,3.040636,9.678560,1.564611,10.264892,81.232597,72.559265
6.6203518,3.003526,9.631873,1.550246,10.207713,81.264687,72.680855
6.6298318,2.942474,9.557653,1.538275,10.117963,81.255180,72.888199
6.6400037,2.861071,9.469068,1.532289,10.009839,81.194641,73.187851
6.6497960,2.823961,9.410410,1.504756,9.939560,81.292480,73.296074
6.6601038,2.820370,9.417592,1.478420,9.941391,81.447617,73.328156
6.6701031,2.889802,9.448717,1.459266,9.987926,81.598846,72.994240
6.6798697,2.998738,9.451111,1.425747,10.017418,81.817490,72.396317
6.6897779,3.112462,9.412804,1.413776,10.014343,81.884148,71.702881
6.6997957,3.204639,9.387665,1.450886,10.025121,81.678642,71.151787
6.7109380,3.284845,9.391256,1.501164,10.061779,81.419739,70.721344
6.7198100,3.375824,9.369708,1.493982,10.070730,81.468742,70.186348
6.7299509,3.478775,9.344569,1.435324,10.073877,81.808632,69.580818
6.7397928,3.623624,9.313444,1.369483,10.086942,82.196968,68.740257
6.7500348,3.812766,9.301474,1.268927,10.132362,82.805672,67.710793
6.7608027,4.029441,9.271546,1.140837,10.173470,83.561394,66.510094
6.7698069,4.299986,9.325416,1.007959,10.318394,84.394089,65.245384
6.7797518,4.626795,9.471462,0.883460,10.578106,85.209198,63.964561
6.7899361,4.963180,9.639056,0.814029,10.872313,85.706146,62.755920
6.8000178,5.322310,9.780313,0.815226,11.164502,85.812569,61.445583
6.8106575,5.777209,9.914390,0.829591,11.504759,85.864899,59.770241
6.8197789,6.270414,9.932345,0.824802,11.774968,85.983307,57.735268
6.8298330,6.681020,9.864111,0.884658,11.946520,85.753273,55.889988
6.8398547,7.105990,9.708488,0.988805,12.071768,85.301605,53.798264
6.8497930,7.260417,9.388862,1.091756,11.918737,84.744339,52.285183
6.8597999,7.163452,8.912416,1.261744,11.503834,83.703110,51.209038
6.8703265,6.866570,8.380903,1.531092,10.942284,81.956528,50.671841
6.8797669,6.189012,7.706935,1.732205,10.035001,80.060028,51.233986
6.8897929,5.977125,7.726089,1.667562,9.909553,80.312279,52.273434
6.8997736,5.707777,8.007407,1.726219,9.983843,80.043449,54.518265
6.9097600,5.457583,8.461109,1.787272,10.225944,79.934250,57.177185
6.9197950,5.154716,8.967483,1.719037,10.485320,80.563934,60.108715
6.9298811,4.824317,9.427169,1.487996,10.693908,82.001663,62.899082
6.9401507,4.447230,9.815030,1.238999,10.846557,83.440804,65.624527
6.9498029,4.145560,10.102334,0.919373,10.958470,85.187447,67.688881
6.9605017,3.881001,10.235212,0.633266,10.964615,86.689011,69.234207
6.9697886,3.700239,10.211270,0.428562,10.869474,87.740356,70.081100
6.9799142,3.617639,10.149021,0.339977,10.779867,88.192703,70.381287
6.9897470,3.551798,10.010158,0.384269,10.628555,87.928055,70.464325
6.9999847,3.525462,9.799467,0.544681,10.428572,87.006096,70.213272
7.0097828,3.563769,9.515755,0.818817,10.194141,85.392906,69.468445
7.0198536,3.640384,9.124303,1.091756,9.884191,83.658470,68.249153
7.0298367,3.770868,8.729259,1.467646,9.621508,81.225960,66.636612
7.0400300,4.031836,8.421604,1.938106,9.536004,78.273453,64.417274
7.0498948,4.489128,8.210915,2.400187,9.660864,75.614525,61.333385
7.0598679,4.997896,8.082825,2.789245,9.904085,73.642746,58.270035
7.0697923,5.476737,8.050503,3.098097,10.217800,72.349739,55.772644
7.0798287,5.930438,8.127118,3.442862,10.633599,71.108803,53.881405
7.0899568,6.257246,8.283937,3.641581,11.001720,70.670456,52.934540
7.0997348,6.385336,8.474277,3.690662,11.234182,70.820984,53.002110
7.1099987,6.187814,8.599973,3.713407,11.226664,70.684677,54.264397
7.1198740,5.814319,8.641871,3.672705,11.044320,70.576836,56.067028
7.1297836,5.210980,8.580819,3.654749,10.683723,69.996002,58.730427
7.1402130,4.630386,8.378509,3.614048,10.232362,69.316971,61.072750
7.1498060,4.259285,8.142680,3.734955,9.919407,67.881088,62.386768
7.1598196,4.031836,7.912837,3.889381,9.695151,66.348808,62.999748
7.1697826,4.013879,7.734468,4.092888,9.627303,64.840897,62.572495
7.1800189,4.174291,7.645883,4.370615,9.746102,63.355881,61.367546
7.1902218,4.408922,7.586028,4.605247,9.909325,62.306686,59.835281
7.2002158,4.633977,7.570466,4.782418,10.082520,61.684422,58.528675
7.2106080,4.848258,7.597999,4.717774,10.173131,62.370743,57.458187
7.2203169,4.994305,7.740454,5.023035,10.492311,61.397194,57.169037
7.2299738,5.046977,7.959524,5.063736,10.698944,61.751728,57.622021
7.2401600,4.908113,8.103176,5.087678,10.753395,61.762791,58.796608
7.2499986,4.584896,8.148665,5.236119,10.716294,60.750549,60.635452
7.2598085,4.141969,8.060080,5.267244,10.481634,59.833054,62.801964
7.2697887,3.734955,7.861362,4.991910,10.033447,60.163483,64.587479
7.2798476,3.354277,7.583634,4.685453,9.524502,60.532040,66.139969
7.2898002,2.920926,7.344213,4.582502,9.136115,59.895348,68.311394
7.3036480,2.480393,6.991069,4.770447,8.819555,57.255463,70.465591
7.3202157,2.645593,6.901287,4.805163,8.815697,56.970623,69.025787
7.3299556,3.113659,6.878541,4.637568,8.860940,58.441284,65.645508
7.3397746,3.586514,6.949171,4.754885,9.152212,58.699005,62.701435
7.3497329,3.980360,7.020997,4.833893,9.407666,59.081055,60.450127
7.3601527,4.283227,7.044939,4.908113,9.595143,59.234829,58.700966
7.3700228,4.546589,7.140707,5.228937,9.950023,58.296738,57.514515
7.3802466,4.711789,7.273585,5.461174,10.243555,57.782639,57.065052
7.3898730,4.747702,7.302315,5.566519,10.336857,57.417614,56.969528
7.4006491,4.157531,7.121553,5.627571,9.983543,55.688992,59.723804
7.4102197,3.655946,6.870162,5.810728,9.712344,53.252998,61.980396
7.4198546,3.142390,6.563704,5.768829,9.286345,51.594994,64.417114
7.4302750,2.765303,6.393716,5.828684,9.082954,50.080051,66.611359
7.4402037,2.596512,6.335058,5.925649,9.054731,49.123878,67.713043
7.4500184,2.628834,6.349423,5.635951,8.887625,50.644169,67.509117
7.4606395,2.558204,6.428432,5.379771,8.764194,52.132664,68.299843
7.4699106,2.683900,7.212533,5.051765,9.205666,56.717537,69.588951
7.4799075,3.416526,9.172187,4.444836,10.749801,65.576324,69.570259
7.4908166,3.884592,10.230424,4.633977,11.883828,67.049248,69.207741
7.4999838,3.557784,10.144233,4.570531,11.681312,66.966537,70.673218
7.5099831,1.774103,8.353370,4.581305,9.690954,61.787674,78.009583
7.5206389,0.195127,6.987478,4.248511,8.180022,58.709564,88.400414
7.5300899,-0.746991,6.558916,4.238934,7.845121,57.294067,96.497383
7.5402331,-0.875081,6.901287,4.560954,8.318402,56.749752,97.226517
7.5502100,-0.650026,7.386112,4.660314,8.757608,57.849533,95.029442
7.5601926,-0.503979,7.307104,5.140351,8.948238,54.938599,93.945511
7.5704465,-0.611719,6.730101,5.804742,8.908619,49.338623,95.193512
7.5803738,-1.267730,5.181053,6.020220,8.043227,41.540844,103.749313
7.5900640,-1.010353,4.946421,6.309918,8.081025,38.663235,101.544403
7.6007257,-0.434548,5.165490,6.366182,8.209714,39.154594,94.808693
7.6099629,-0.241814,5.720945,6.206968,8.444770,42.692162,92.420349
7.6207881,-0.308852,6.451177,5.694609,8.610554,48.596916,92.740959
7.6302938,-0.445322,6.989872,5.133168,8.683665,53.762821,93.645363
7.6406069,-0.742203,6.953959,4.994305,8.593689,54.467857,96.092171
7.6499357,-0.628478,6.773197,5.208586,8.567411,52.558342,95.301239
7.6601715,0.389058,7.243657,6.008249,9.419182,50.366547,86.925591
7.6700349,1.318008,7.721301,6.890512,10.432391,48.662586,80.313110
7.6801038,1.877054,7.884106,7.196970,10.838766,48.394135,76.608284
7.6902747,2.249352,7.989451,7.047333,10.888334,49.666393,74.275948
7.6999927,2.357092,8.169016,6.712144,10.832432,51.710575,73.905006
7.7099066,2.456451,8.535329,6.526594,11.021906,53.690453,73.944283
7.7199020,2.584541,9.476251,6.897695,12.002390,54.921833,74.744270
7.7300816,1.659182,9.531317,6.542156,11.678986,55.932808,80.125084
7.7412767,0.742203,9.266758,6.148310,11.145644,56.520851,85.420784
7.7499108,-0.002394,9.009381,5.882554,10.759805,56.858021,90.015228
7.7600756,-0.967257,8.407239,5.340267,10.006783,57.746601,96.563057
7.7699528,-1.547851,7.334637,5.370194,9.221265,54.382542,101.916458
7.7800608,-1.774103,6.692991,5.904101,9.099560,49.546272,104.845917
7.7899919,-2.197877,6.483498,5.991490,9.097492,48.807804,108.726433
7.8001857,-1.900996,6.386533,5.922058,8.914727,48.371311,106.576004
7.8101401,-1.309628,7.058106,6.009446,9.361914,50.066090,100.511658
7.8212528,-0.778116,7.310695,6.264429,9.658922,49.566586,96.075417
7.8302698,0.476446,6.394913,6.737284,9.301231,43.585766,85.739113
7.8404140,-0.009577,8.319851,6.867768,10.788246,50.461449,90.065948
7.8499136,-1.259350,6.104017,5.424064,8.262291,48.967705,101.657410
7.8600268,0.778116,9.659407,5.323507,11.056642,61.218155,85.394470
7.8709159,0.786495,10.849325,6.202179,12.521719,60.309559,85.853737
7.8800669,-0.703895,8.719683,7.234080,11.351664,50.411411,94.615189
7.8902817,-1.675941,6.769605,7.225701,10.042265,43.984394,103.905052
7.8999782,-2.078167,5.500679,6.560112,8.809729,41.871460,110.696663
7.9101958,-2.017115,5.384560,6.727707,8.850101,40.519558,110.536499
7.9201927,-2.063802,6.300342,6.495469,9.281417,45.586155,108.137238
7.9301248,-1.557428,7.101202,6.235698,9.577922,49.379246,102.370193
7.9401417,-0.499191,7.340622,6.537368,9.842312,48.378204,93.890350
7.9502645,0.447716,7.948750,6.602011,10.342612,50.332512,86.776207
7.9602685,-0.899023,7.277176,7.744045,10.664698,43.436378,97.042641
7.9700317,-0.172383,7.089231,7.575254,10.376482,43.110195,91.392937
7.9803791,0.624887,6.974309,7.473501,10.241323,43.135418,84.880066
7.9903631,1.085770,7.432799,7.363368,10.518773,45.571270,81.689117
8.0008163,1.034295,7.775170,7.122750,10.595121,47.757729,82.422691
8.0100021,0.203507,7.009026,7.486669,10.257586,43.124790,88.336884
8.0208054,-0.580594,6.515820,8.200141,10.489772,38.581001,95.091911
8.0302219,-1.115698,5.968745,8.817844,10.706310,34.551987,100.587738
8.0401287,-0.715866,6.052542,8.391677,10.371402,35.990253,96.745338
8.0503664,-0.439336,5.993884,7.127539,9.323169,40.137695,94.192131
8.0602989,0.135272,6.665458,6.761226,9.495304,44.597237,88.837372
8.0710449,0.228646,7.479486,7.304709,10.457235,45.690685,88.249023
8.0806732,-0.622492,6.603208,7.562086,10.058578,41.253056,95.385429
8.0903969,-1.022324,5.992687,7.682993,9.797235,38.353241,99.681190
8.1001196,-1.211466,5.906496,7.587225,9.691250,38.473648,101.591034
8.1100464,-1.150414,6.240487,7.392098,9.742188,40.643955,100.445030
8.1207905,-1.182736,5.755661,7.572860,9.585129,37.808559,101.612114
8.1302786,-0.792481,6.076484,7.703344,9.843433,38.501938,97.430443
8.1404381,-0.702698,6.016629,7.617153,9.732143,38.493401,96.661545
8.1499329,-0.639252,6.076484,7.423223,9.614391,39.457615,96.005478
8.1602507,-0.598550,6.013038,7.223307,9.417592,39.914619,95.684616
8.1705503,-0.741005,5.899313,7.109582,9.268071,39.905392,97.159355
8.1802139,-0.968455,5.796362,7.074866,9.197252,39.714584,99.485344
8.1904459,-1.423353,5.813122,7.278373,9.423005,39.429680,103.758286
8.2006903,-1.552640,5.916072,7.214927,9.458635,40.289463,104.705322
8.2101297,-1.219846,5.886145,7.028179,9.248244,40.540436,101.708244
8.2203665,-0.891840,5.786786,7.094019,9.198227,39.534832,98.761299
8.2306814,-0.699107,5.773617,7.339425,9.364325,38.393448,96.904129
8.2407875,-0.690727,5.705383,7.596802,9.525749,37.107807,96.902969
8.2501650,-0.731429,5.634754,7.702147,9.571233,36.416935,97.396019
8.2599421,-1.060631,5.586870,7.510611,9.420580,37.131172,100.749321
8.2699757,-1.298854,5.543774,7.457938,9.383032,37.360565,103.186028
8.2798271,-1.205481,5.451597,7.424419,9.289515,36.943775,102.468849
8.2901697,-1.041478,5.561730,7.557298,9.440883,36.823433,100.606255
8.3001986,-1.030704,5.682638,7.533356,9.492427,37.475132,100.280418
8.3098850,-1.003170,5.737704,7.462727,9.466778,37.972427,99.917259
8.3202047,-0.928950,5.752069,7.621941,9.593917,37.396133,99.173965
8.3301735,-0.697910,5.855020,7.839813,9.809741,36.947502,96.797501
8.3406267,-0.554258,5.814319,8.178593,10.050019,35.532227,95.445343
8.3504925,-0.501585,5.888539,8.309077,10.196433,35.422485,94.868698
8.3600559,-0.762553,5.550957,8.196549,9.928647,34.356171,97.821953
8.3699350,-0.703895,5.529409,7.984663,9.737796,34.918602,97.254745
8.3800783,-0.691924,5.685032,7.881712,9.742676,36.002781,96.939331
8.3899593,-0.735020,5.791574,7.939173,9.854595,36.328712,97.232849
8.4003057,-0.746991,5.811924,8.113950,10.008628,35.836060,97.323921
8.4100332,-0.694318,5.783194,8.236053,10.087616,35.268822,96.846046
8.4199820,-0.658405,5.726931,8.236053,10.053049,34.989292,96.558304
8.4303188,-0.695516,5.777209,8.304289,10.140074,35.019432,96.864777
8.4407969,-0.885855,5.799953,8.500613,10.328825,34.613853,98.683945
8.4505548,-1.003170,5.823895,8.500613,10.352996,34.807182,99.773338
8.4600105,-0.948104,5.934029,8.540117,10.442471,35.132305,99.077652
8.4754934,-0.256180,6.161478,8.423999,10.439981,36.206051,92.380852
8.4900579,-0.670376,5.542577,8.239645,9.952955,34.120552,96.896446
8.5015945,-0.961272,5.450400,7.967903,9.701463,34.783909,100.002235
8.5102139,-1.120486,5.555745,7.803900,9.644826,35.989162,101.402496
8.5200768,-1.090559,5.645528,7.682993,9.596337,36.810913,100.933281
8.5304089,-0.915782,5.798757,7.625533,9.623564,37.591389,98.974449
8.5405922,-0.837971,5.883750,7.461530,9.539137,38.537388,98.105621
8.5499220,-0.901417,5.863400,7.347805,9.443636,38.915840,98.740005
8.5600910,-0.881066,5.804742,7.475895,9.505804,38.144474,98.630699
8.5702143,-0.905008,5.708974,7.662642,9.598308,37.028820,99.007790
8.5803213,-0.863110,5.643134,7.705738,9.590012,36.532715,98.695923
8.5913467,-0.673968,5.702989,7.597999,9.524070,37.082500,96.739838
8.5999250,-0.506374,5.748478,7.750031,9.662525,36.671677,95.034096
8.6100769,-0.408211,5.874174,7.776367,9.754201,37.133354,93.975243
8.6199694,-0.481235,5.894525,7.763199,9.759316,37.300762,94.667328
8.6300087,-0.635661,5.743690,7.941567,9.821534,36.041874,96.315285
8.6403532,-0.820014,5.555745,8.116343,9.869841,34.680489,98.396095
8.6499929,-0.869095,5.537788,8.146272,9.888588,34.532444,98.919197
8.6601887,-0.749385,5.596447,8.086416,9.862653,34.924938,97.626755
8.6700907,-0.557849,5.719748,7.995437,9.846508,35.707481,95.570457
8.6802797,-0.416591,5.943606,7.957129,9.940619,36.825359,94.009338
8.6902084,-0.519542,6.082469,8.073248,10.121447,37.094887,94.882141
8.7011080,-0.684742,5.992687,8.145074,10.135256,36.521103,96.518509
8.7100649,-0.711078,5.954380,8.109161,10.085572,36.482758,96.810066
8.7204542,-0.687136,5.955577,8.016984,10.010649,36.789070,96.581505
8.7313309,-0.713472,5.888539,7.969100,9.934309,36.661251,96.908447
8.7398663,-0.762553,5.831078,7.931990,9.874180,36.553005,97.450516
8.7497826,-0.713472,5.892130,7.863756,9.852152,37.043682,96.904274
8.7598248,-0.683545,5.906496,7.858967,9.854811,37.110325,96.601341
8.7699146,-0.717063,5.877765,7.826645,9.814208,37.109764,96.955482
8.7800140,-0.754174,5.835866,7.775170,9.750866,37.119129,97.363564
8.7898321,-0.741005,5.888539,7.687782,9.712156,37.668201,97.172318
8.7998514,-0.760159,5.875371,7.659051,9.682918,37.722256,97.372009
8.8098297,-0.820014,5.784391,7.650671,9.626234,37.366177,98.068672
8.8198004,-0.799663,5.804742,7.712921,9.686260,37.224213,97.843719
8.8298321,-0.785298,5.773617,7.747637,9.694185,36.945793,97.745552
8.8399124,-0.687136,5.829881,7.669825,9.658462,37.429272,96.722122
8.8501225,-0.530316,5.968745,7.678205,9.739712,37.969341,95.077332
8.8600540,-0.523133,6.020220,7.726089,9.808627,38.030491,94.966301
8.8701773,-0.573411,5.930438,7.839813,9.846907,37.234077,95.522736
8.8801394,-0.618901,5.866991,7.917625,9.873875,36.690361,96.021782
8.8899202,-0.715866,5.808333,7.914034,9.842821,36.482239,97.026169
8.9000454,-0.766145,5.833472,7.825448,9.790506,36.937702,97.482170
8.9100094,-0.810437,5.895722,7.699753,9.731523,37.700546,97.826935
8.9203157,-0.834379,6.004658,7.650671,9.761397,38.393120,97.910896
8.9318304,-0.820014,6.235698,7.723695,9.960513,39.155838,97.491592
8.9407816,-0.889446,6.333860,7.815871,10.099344,39.294689,97.993614
8.9501495,-0.864307,6.330269,7.899669,10.159926,38.964832,97.774834
8.9605074,-0.811634,6.324284,7.988254,10.220935,38.596550,97.313148
8.9714279,-1.025915,5.841852,8.034941,9.986992,36.434086,99.960419
8.9809895,-1.007959,5.906496,8.056489,10.040402,36.639431,99.684380
8.9909658,-0.940921,5.906496,8.034941,10.016601,36.662903,99.051323
9.0006657,-0.812831,6.058527,7.988254,10.058760,37.424114,97.641357
9.0113583,-0.660800,6.144719,7.882909,10.016710,38.096207,96.137970
9.0208492,-0.590171,6.150704,7.886500,10.018800,38.078159,95.480850
9.0305882,-0.578200,6.092046,7.885303,9.981251,37.813404,95.421738
9.0405836,-0.684742,5.965154,7.846996,9.880651,37.422314,96.548340
9.0500689,-0.804452,5.857414,7.817069,9.801173,37.101841,97.820023
9.0603409,-0.839168,5.910087,7.757214,9.788140,37.579166,98.081352
9.0699263,-0.810437,5.979519,7.643489,9.738295,38.289505,97.718582
9.0798626,-0.790087,6.041768,7.627927,9.762811,38.617962,97.450333
9.0903234,-0.820014,6.080075,7.680599,9.830125,38.617229,97.681076
9.1005802,-0.893037,6.056133,7.659051,9.804863,38.634171,98.388382
9.1105366,-0.896629,6.059724,7.577648,9.743971,38.951756,98.416718
9.1202278,-0.902614,6.074090,7.513005,9.703324,39.260990,98.452339
9.1298895,-0.925359,6.121974,7.513005,9.735507,39.492153,98.595406
9.1410818,-0.906205,6.214150,7.535750,9.809403,39.805958,98.296921
9.1504431,-0.922965,6.222530,7.560889,9.835588,39.760223,98.436958
9.1602859,-0.992397,6.223727,7.526173,9.816462,39.942513,99.059753
9.1701040,-1.043872,6.196194,7.547721,9.820926,39.777527,99.562813
9.1801252,-1.019930,6.197391,7.599196,9.858788,39.573833,99.345627
9.1910381,-1.001973,6.211756,7.582437,9.853081,39.686516,99.163040
9.2002544,-0.943315,6.253655,7.613562,9.897695,39.715584,98.577957
9.2100382,-0.890643,6.277597,7.693767,9.969730,39.492065,98.075027
9.2202053,-0.852336,6.222530,7.714118,9.947561,39.151581,97.799599
9.2306786,-0.846350,6.239290,7.754819,9.989108,39.074455,97.724937
9.2409763,-0.928950,6.223727,7.694964,9.940332,39.275101,98.489265
9.2509718,-0.969652,6.229713,7.682993,9.938709,39.372570,98.847069
9.2611189,-0.936133,6.268020,7.720103,9.988214,39.383053,98.494377
9.2700329,-0.858321,6.412869,7.801506,10.135340,39.670074,97.623367
9.2812967,-0.818817,6.442797,7.788338,10.140923,39.824406,97.242912
9.2907591,-0.855927,6.324284,7.708132,10.007221,39.623028,97.707565
9.3001060,-0.922965,6.212954,7.631518,9.883963,39.456150,98.449776
9.3111181,-1.005565,6.162675,7.590816,9.829050,39.440578,99.267288
9.3201571,-1.107318,6.131551,7.559692,9.796479,39.495514,100.236908
9.3300734,-1.133654,6.186617,7.507020,9.793608,39.957378,100.383850
9.3406687,-1.090559,6.251261,7.439982,9.778595,40.461372,99.895905
9.3501310,-1.023521,6.343437,7.442376,9.832383,40.806149,99.165749
9.3610821,-1.017536,6.289568,7.426814,9.785275,40.625771,99.189774
9.3707275,-1.022324,6.198588,7.438785,9.736691,40.182323,99.365402
9.3804483,-1.066617,6.175843,7.461530,9.744390,40.028404,99.798775
9.3900824,-1.096544,6.173449,7.474698,9.756279,39.991280,100.071983
9.4006290,-1.042675,6.210559,7.490260,9.785817,40.055626,99.530365
9.4101295,-0.976834,6.229713,7.449559,9.760095,40.246933,98.911552
9.4201288,-0.836774,6.274005,7.473501,9.793699,40.262386,97.596794
9.4303007,-0.836774,6.297947,7.518991,9.843757,40.196678,97.568245
9.4402437,-0.895431,6.254852,7.498640,9.805843,40.118683,98.146988
9.4503908,-0.946907,6.186617,7.486669,9.758128,39.894756,98.702003
9.4604511,-1.024718,6.220136,7.504625,9.800997,40.030674,99.355003
9.4706640,-1.052252,6.271611,7.490260,9.825698,40.331440,99.524384
9.4801254,-1.048660,6.204574,7.432799,9.738733,40.251072,99.593132
9.4909554,-1.018733,6.210559,7.521385,9.807145,39.921082,99.315407
9.5002031,-1.053449,6.205771,7.612364,9.877725,39.586834,99.634293
9.5101480,-0.949301,6.167464,7.824251,10.007881,38.573498,98.750343
9.5199251,-0.660800,6.223727,8.140285,10.268188,37.555103,96.060631
