Keuwl Accelerometer Data File
2019-06-27 16-11-10

Time (s), X (m/s2), Y (m/s2), Z (m/s2), R (m/s2), Theta (deg), Phi (deg)
0.0000000,0.374693,5.898116,7.805098,9.790185,37.132942,86.365028
0.0098616,0.547075,5.799953,8.104373,9.980963,35.709858,84.611572
0.0197950,0.735020,5.849035,8.038532,9.968423,36.254360,82.837463
0.0297481,0.843956,5.901707,7.984663,9.964800,36.746838,81.861763
0.0398502,0.908600,5.940014,8.001422,10.006602,36.906719,81.303299
0.0498198,0.972046,5.987898,8.012196,10.049630,37.130497,80.779320
0.0598860,0.916979,5.899313,8.085219,10.050549,36.442295,81.164742
0.0699577,0.758962,5.734113,8.045714,9.909066,35.712631,82.460213
0.0800095,0.584185,5.677849,7.902063,9.747915,35.841358,84.125595
0.0899529,0.418985,5.687426,7.698555,9.580716,36.529839,85.786705
0.0999676,0.269348,5.665878,7.495049,9.399493,37.118553,87.278290
0.1099134,0.228646,5.689820,7.383718,9.324464,37.639843,87.698799
0.1199369,0.432153,5.820304,7.667431,9.635984,37.277809,85.753624
0.1299606,0.480037,5.835866,7.756016,9.718207,37.051788,85.297638
0.1399744,0.684742,5.946000,7.897274,9.909123,37.158268,83.430756
0.1501034,0.901417,5.969942,7.995437,10.018970,37.057629,81.413620
0.1600473,1.058237,5.926847,8.050503,10.052759,36.791027,79.876534
0.1700258,1.035492,5.827487,8.076839,10.013350,36.234257,79.924217
0.1802510,0.979228,5.701791,8.105570,9.958392,35.516956,80.255058
0.1902167,0.924162,5.629965,8.228871,10.013237,34.734676,80.678001
0.2006095,0.799663,5.658696,8.203732,9.998075,34.861996,81.956459
0.2102844,0.656011,5.673061,8.049306,9.869412,35.355141,83.403831
0.2201768,0.584185,5.641936,8.007407,9.812813,35.312107,84.088470
0.2300896,0.618901,5.805939,8.009802,9.912059,36.090595,83.915367
0.2400304,0.673968,5.926847,8.007407,9.985004,36.683922,83.512512
0.2500504,0.751779,5.951985,7.940370,9.951923,37.072544,82.801247
0.2602218,0.837971,5.941212,7.885303,9.908492,37.267918,81.971748
0.2700961,0.845153,5.865794,7.879318,9.859283,36.948368,81.801155
0.2800927,0.788889,5.723339,7.923611,9.806252,36.097435,82.151955
0.2899730,0.788889,5.697003,7.978677,9.835521,35.785633,82.116135
0.2999911,0.858321,5.808333,8.039729,9.955436,36.140640,81.594002
0.3099952,0.916979,5.875371,8.054094,10.011457,36.439190,81.129311
0.3199818,0.863110,5.823895,7.972692,9.910930,36.444344,81.570045
0.3300370,0.772130,5.790377,7.881712,9.810506,36.544460,82.404579
0.3402487,0.661997,5.732916,7.835025,9.730991,36.374096,83.413063
0.3502310,0.588974,5.628768,7.819463,9.652664,35.895920,84.026520
0.3600861,0.575805,5.647922,7.903260,9.730987,35.691059,84.178810
0.3700037,0.592565,5.743690,7.961918,9.835306,35.950531,84.109749
0.3803160,0.672771,5.835866,7.960721,9.893585,36.425022,83.423851
0.3900996,0.763750,5.829881,7.952341,9.889922,36.477989,82.536407
0.4000255,0.835576,5.785588,7.949947,9.867769,36.327133,81.781952
0.4099639,0.857124,5.838261,7.983466,9.927522,36.469337,81.647980
0.4199611,0.842759,5.893328,7.964312,9.943431,36.777920,81.861748
0.4299802,0.816423,5.869385,7.987057,9.945315,36.573093,82.081055
0.4398892,0.882263,5.870583,8.067263,10.016130,36.348480,81.453239
0.4499488,0.922965,5.841852,8.106767,10.034877,36.112713,81.021950
0.4599430,0.956484,5.734113,8.157045,10.016602,35.476604,80.529922
0.4699167,0.969652,5.702989,8.189367,10.026466,35.236748,80.350555
0.4799545,0.950498,5.719748,8.159439,10.009766,35.398014,80.564903
0.4898419,0.910994,5.737704,8.137892,9.998822,35.522736,80.978271
0.4999706,0.867898,5.668272,8.067263,9.897640,35.405785,81.294762
0.5099499,0.845153,5.586870,8.060080,9.843388,35.031971,81.397812
0.5198791,0.839168,5.506664,8.078036,9.812350,34.588341,81.335281
0.5299822,0.847547,5.486313,8.031349,9.763224,34.652828,81.218140
0.5399023,0.924162,5.521029,8.040926,9.797567,34.844433,80.497391
0.5500107,1.036689,5.737704,7.909245,9.826095,36.397221,79.758286
0.5599785,1.162385,5.861006,8.104373,10.068932,36.400455,78.782372
0.5699629,1.204283,5.783194,8.139089,10.056858,35.971695,78.236923
0.5800406,1.158794,5.736507,7.952341,9.873705,36.350521,78.579742
0.5900545,1.071405,5.730522,7.873333,9.796741,36.518139,79.409973
0.6004539,0.930147,5.705383,7.795521,9.704984,36.558487,80.740540
0.6102296,0.804452,5.681441,7.651869,9.564362,36.866104,81.940895
0.6201164,0.731429,5.679047,7.732074,9.621410,36.521645,82.661034
0.6300004,0.755371,5.731719,7.740454,9.661150,36.755737,82.492378
0.6403518,0.902614,5.821501,7.796718,9.772072,37.074039,81.186562
0.6501706,1.048660,5.866991,7.914034,9.907230,36.983009,79.866020
0.6603634,1.088165,5.670667,8.045714,9.903235,35.665684,79.137352
0.6703094,1.158794,5.109226,8.111555,9.656310,32.857094,77.221268
0.6801548,1.350330,4.985925,8.285135,9.763519,31.942352,74.846199
0.6900470,1.470040,5.482722,8.414422,10.150062,34.003635,74.990746
0.7002786,1.467646,5.749675,8.342596,10.237757,35.423992,75.680618
0.7101260,1.478420,5.951985,8.233660,10.266694,36.680626,76.050552
0.7202206,1.517924,6.075287,8.153454,10.280662,37.525112,75.971725
0.7301220,1.471237,6.045359,8.203732,10.296219,37.177116,76.322037
0.7409046,1.368286,5.894525,8.234857,10.219124,36.309700,76.931473
0.7504745,1.249773,5.629965,8.202535,10.026965,35.110176,77.484093
0.7602544,1.216254,5.461174,8.227674,9.949790,34.216423,77.444595
0.7703199,1.261744,5.536592,8.201338,9.975359,34.698429,77.162003
0.7802781,1.227028,5.620389,8.151060,9.976680,35.213276,77.684570
0.7905056,1.234211,5.615600,8.033744,9.879235,35.590729,77.604462
0.8005375,1.248576,5.743690,7.904457,9.850348,36.634857,77.735725
0.8102348,1.204283,5.803545,7.837419,9.826320,37.098991,78.277023
0.8202071,1.173159,5.731719,7.836222,9.779329,36.745132,78.432556
0.8300832,1.145625,5.711368,7.848193,9.773757,36.583771,78.657738
0.8401562,1.150414,5.778406,7.805098,9.779211,37.047943,78.740295
0.8500772,1.106121,5.770026,7.729680,9.708999,37.237347,79.147987
0.8602788,1.084573,5.765238,7.700950,9.680852,37.299133,79.345871
0.8704335,1.121683,5.869385,7.553706,9.631528,38.346905,79.180801
0.8801779,1.131260,5.959168,7.423223,9.586223,39.252621,79.251144
0.8902846,1.027112,5.844246,7.441179,9.517422,38.569893,80.032196
0.9001199,0.950498,5.722142,7.492654,9.475559,37.745770,80.568779
0.9101541,0.873884,5.741296,7.439982,9.438192,37.974506,81.345428
0.9201112,0.834379,5.829881,7.220912,9.318008,39.200260,81.855072
0.9299652,0.694318,5.671864,7.084443,9.101727,38.889118,83.020889
0.9404123,0.515950,5.263652,7.235278,8.962226,36.166245,84.401672
0.9501808,0.509965,4.817134,7.235278,8.707129,33.802490,83.956902
0.9600295,0.736217,4.035427,8.003817,8.993763,27.135592,79.660759
0.9699109,2.248155,4.272453,9.736021,10.867298,26.375631,62.246754
0.9799836,4.308366,6.700173,9.753978,12.593428,39.237629,57.258049
0.9899195,4.056975,6.977901,9.224859,12.257576,41.185265,59.826138
0.9998734,3.394978,6.856994,8.595184,11.507451,41.675430,63.659447
1.0099043,2.613271,6.575675,8.180987,10.816526,40.857277,68.326393
1.0199388,1.873463,6.162675,7.985860,10.259747,38.888596,73.090645
1.0298990,1.489193,5.900510,7.788338,9.883923,38.002815,75.835281
1.0398287,1.398214,5.742493,7.578846,9.610938,37.948425,76.315590
1.0498585,1.386243,5.661090,7.507020,9.503944,37.825268,76.240616
1.0599253,1.338359,5.568913,7.593211,9.511090,37.026859,76.486565
1.0700228,1.363498,5.550957,7.715315,9.601996,36.533249,76.199493
1.0799855,1.383849,5.595249,7.818265,9.713244,36.398655,76.108063
1.0899140,1.395820,5.652710,7.857770,9.779877,36.537910,76.129471
1.0998605,1.453280,5.637148,7.835025,9.760998,36.612549,75.543694
1.1098518,1.667562,5.699397,7.888895,9.874135,36.970490,73.691284
1.1199125,1.811214,5.740098,7.999028,10.010677,36.960556,72.487587
1.1301739,1.868674,5.726931,8.016984,10.028046,36.921787,71.928703
1.1400987,1.930924,5.740098,7.920019,9.970150,37.403915,71.407471
1.1500094,1.927332,5.730522,7.852982,9.910742,37.592384,71.410789
1.1602648,1.844732,5.679047,7.807492,9.829117,37.408657,72.004578
1.1700876,1.795651,5.710171,7.778761,9.815271,37.578724,72.543442
1.1799974,1.763330,5.740098,7.728483,9.787109,37.846302,72.923302
1.1899343,1.732205,5.765238,7.706935,9.779333,37.993187,73.276749
1.1998647,1.687912,5.808333,7.621941,9.730353,38.434807,73.796036
1.2098795,1.643619,5.776011,7.499837,9.607880,38.685162,74.115791
1.2199539,1.622072,5.716156,7.371747,9.468274,38.869854,74.157669
1.2298861,1.636437,5.705383,7.349002,9.446542,38.926117,73.995872
1.2399207,1.796848,5.615600,7.499837,9.539978,38.172997,72.256660
1.2500225,2.111686,5.675455,7.728483,9.818323,38.080124,69.591103
1.2598948,2.177526,5.677849,7.937976,9.999553,37.454826,69.017555
1.2698766,2.154782,5.674258,7.996634,10.039245,37.199291,69.205887
1.2799410,2.019509,5.758055,7.924808,10.001809,37.595512,70.672821
1.2900062,1.893813,5.835866,7.694964,9.841562,38.566563,72.021088
1.2998933,1.872266,6.092046,7.589619,9.910637,40.021305,72.916260
1.3098793,1.838747,6.320693,7.583634,10.042093,40.958500,73.779808
1.3200366,1.754950,6.315904,7.601591,10.037663,40.772652,74.471405
1.3299900,1.661576,5.980716,7.508216,9.741822,39.581421,74.473518
1.3398842,1.800440,6.013038,7.448361,9.740446,40.121132,73.331108
1.3498718,1.793257,5.998672,7.372944,9.672649,40.337345,73.356369
1.3599139,1.714248,5.934029,7.442376,9.671624,39.690422,73.886818
1.3699327,1.656788,5.767632,7.483078,9.592027,38.727047,73.972961
1.3799415,1.880645,6.265626,7.368156,9.853152,41.600109,73.292725
1.3900963,1.567005,6.088455,7.254431,9.599561,40.913033,75.566849
1.3999563,1.796848,6.672640,7.155072,9.947253,44.003178,74.928566
1.4099958,1.784877,7.812280,6.396110,10.253181,51.404583,77.130486
1.4199790,0.446519,6.569689,5.606023,8.647987,49.590511,86.111786
1.4299171,-0.442927,4.829105,5.270835,7.162272,42.615273,95.240524
1.4398568,-0.767342,3.463213,6.390124,7.308649,29.034967,102.493156
1.4499176,1.001973,3.550601,7.989451,8.800117,24.785975,74.241028
1.4598658,2.948459,4.669890,9.558850,11.039606,30.017941,57.732647
1.4698795,4.431667,7.290344,10.383653,13.439086,39.407925,58.705345
1.4798390,3.910928,6.925229,8.165425,11.398610,44.245831,60.545002
1.4898201,4.607641,7.244854,7.673417,11.515190,48.212223,57.544125
1.4998237,4.432865,7.472303,7.942764,11.771708,47.566555,59.321911
1.5098370,3.138798,8.825027,8.362947,12.556753,48.240002,70.421051
1.5199132,-0.058658,8.530540,7.321469,11.241774,49.362312,90.393974
1.5298651,-0.489614,7.856573,5.066131,9.361151,57.235538,93.566010
1.5398756,0.366313,6.494272,4.747702,8.052977,53.874306,86.771622
1.5499110,2.098518,5.445612,5.475539,8.002500,46.825027,68.925362
1.5598456,3.718195,5.029021,7.096414,9.459128,41.390686,53.522713
1.5698714,4.268862,4.979939,9.021352,11.153823,36.019924,49.396435
1.5799038,3.986346,5.124789,9.639056,11.621782,33.963287,52.122238
1.5913175,3.500323,5.262455,9.651027,11.536378,33.219975,56.370129
1.6007944,2.856283,5.094861,8.846576,10.600842,33.434494,60.724125
1.6105793,2.446874,5.218163,7.356185,9.345045,38.077721,64.877419
1.6202503,2.481590,5.644331,6.382942,8.874610,44.008533,66.266800
1.6300888,2.902970,5.797559,6.132748,8.924658,46.593578,63.401833
1.6402435,3.396175,5.770026,6.251261,9.159993,46.964405,59.519394
1.6500360,3.547010,5.919664,6.171055,9.257732,48.196053,59.070335
1.6599716,3.292027,5.582081,5.758055,8.669042,48.378334,59.470062
1.6699264,3.027468,5.341464,5.226542,8.063098,49.593575,60.456036
1.6799334,3.167529,5.327099,4.782418,7.828329,52.344547,59.263996
1.6899253,3.875015,5.321113,4.721366,8.100697,54.349842,53.936623
1.6998588,4.651934,6.313510,4.252102,8.920834,61.533260,53.616390
1.7098790,5.289989,7.389704,4.122815,9.979445,65.598343,54.402664
1.7200336,6.926425,6.874950,4.990714,10.961184,62.915253,44.786304
1.7300090,8.319851,7.121553,6.333860,12.651254,59.956932,40.562572
1.7399460,8.638280,7.059304,6.926425,13.131223,58.164818,39.256096
1.7498717,8.421604,6.062119,7.501034,12.803836,54.137451,35.747452
1.7598265,7.354988,4.667496,8.553286,12.208197,45.523373,32.399326
1.7700839,7.363368,4.691438,9.185355,12.672787,43.547005,32.502522
1.7799596,7.214927,5.268441,7.460332,11.639081,50.135616,36.137444
1.7899984,6.997055,5.306748,6.211756,10.756684,54.726597,37.177624
1.7999544,6.552930,4.627992,6.153099,10.110382,52.512230,35.231560
1.8099618,5.734113,3.400964,6.604405,9.384284,45.269501,30.672630
1.8198670,4.601655,3.082535,7.161057,9.053065,37.720085,33.817150
1.8298817,4.484340,3.635595,7.983466,9.852035,35.871151,39.032768
1.8400984,5.536592,5.776011,8.122330,11.401245,44.568886,46.212425
1.8499548,6.313510,6.713342,7.115568,11.643052,52.327820,46.758022
1.8598645,5.722142,4.923676,4.525041,8.801221,59.060154,40.710686
1.8699429,3.064578,2.722207,4.707001,6.241627,41.050560,41.614086
1.8800626,0.719458,3.086126,5.932832,6.726090,28.107830,76.877220
1.8901639,-1.005565,2.705448,6.323087,6.950686,24.535122,110.389168
1.9000921,-2.093729,3.357868,6.209362,7.363094,32.508816,121.944756
1.9099911,-2.687491,3.858256,5.585672,7.301266,40.090527,124.859375
1.9201866,-2.175132,4.226963,4.751293,6.721101,45.014984,117.229675
1.9301809,-1.019930,3.864242,4.434062,5.969382,42.029457,104.785492
1.9400456,1.212663,3.095703,5.058948,6.053667,33.312946,68.608498
1.9499724,5.015852,4.266468,5.886145,8.832227,48.207142,40.384380
1.9598829,9.423578,7.328651,6.290765,13.493949,62.212635,37.871960
1.9698690,11.130644,7.985860,6.592434,15.202808,64.301682,35.658157
1.9799181,11.972205,9.075222,6.177041,16.243435,67.649025,37.163010
1.9898567,10.584765,8.263587,6.163872,14.775569,65.344177,37.979362
1.9999160,9.615114,7.098808,7.024588,13.863201,59.555237,36.438332
2.0100837,8.810662,6.285976,8.744822,13.914495,51.062778,35.506001
2.0199425,7.856573,5.985504,9.639056,13.800848,45.698067,37.301842
2.0300684,5.713762,7.091625,5.477933,10.627604,58.972874,51.141411
2.0399473,5.713762,7.091625,1.334767,9.204338,81.661850,51.141411
2.0498803,2.449268,11.008539,0.664391,11.297268,86.628494,77.456680
2.0598986,2.129642,12.269087,1.049857,12.496722,85.180862,80.152832
2.0700870,2.110489,12.716803,1.523909,12.980506,83.257935,80.577042
2.0799596,2.215834,12.026075,1.029507,12.271769,85.187668,79.560204
2.0910261,1.890222,10.819398,0.834379,11.014921,85.655685,80.090057
2.1004195,1.369483,9.093178,0.311246,9.200992,88.061462,81.435303
2.1107965,0.875081,7.639898,0.134075,7.691020,89.001129,83.465767
2.1202824,0.705092,6.782773,0.417788,6.832109,86.494133,84.065224
2.1300383,0.922965,6.555324,0.897826,6.680586,82.276466,81.985649
2.1399138,1.881842,6.805518,1.395820,7.197550,78.817787,74.542969
2.1498535,3.335123,7.329848,1.836353,8.259656,77.154198,65.534195
2.1599383,4.790798,7.921216,2.158373,9.505577,76.875732,58.834209
2.1698654,5.735310,8.312668,2.091335,10.313482,78.300613,55.396336
2.1798258,6.564901,8.531737,1.843535,10.921863,80.282341,52.422863
2.1898046,7.218518,8.669404,1.628057,11.398077,81.788010,50.217781
2.1997974,7.601591,8.712500,1.693898,11.685937,81.665512,48.895546
2.2098358,7.896077,8.750807,2.152387,11.981544,79.651100,47.939255
2.2198296,8.239645,8.811859,2.687491,12.359742,77.441338,46.922009
2.2298238,8.536526,8.694544,3.129222,12.580118,75.596832,45.525417
2.2398162,8.626308,8.398860,3.491943,12.535857,73.825935,44.234600
2.2497885,8.434772,7.959524,3.803190,12.205067,71.843872,43.339539
2.2599649,8.100781,7.540538,3.864242,11.722404,70.752716,42.948647
2.2699566,7.660248,7.234080,4.364630,11.404443,67.498161,43.361057
2.2798624,7.228095,7.110779,4.035427,10.912984,68.297813,44.531235
2.2898989,6.782773,7.228095,3.740940,10.594622,69.323074,46.820477
2.2998271,6.351817,7.558495,3.636792,10.521534,69.778381,49.957825
2.3100221,5.981913,8.031349,3.305195,10.545624,71.734627,53.320507
2.3200474,5.914876,8.461109,2.838326,10.706644,74.627136,55.043903
2.3300335,6.096835,8.802282,2.470816,10.988926,77.006180,55.291882
2.3402159,6.343437,8.998607,2.290054,11.245376,78.249863,54.818634
2.3501041,6.629545,9.050082,2.240973,11.440141,78.703468,53.775742
2.3599389,6.573281,8.848969,2.306813,11.262046,78.180405,53.393925
2.3700426,6.199785,8.554482,2.679112,10.899273,75.770500,54.067612
2.3802922,5.861006,8.221688,2.715025,10.455568,74.949364,54.516018
2.3900449,5.677849,8.001422,2.844312,10.215226,73.832970,54.640297
2.3998971,5.596447,7.876924,2.941277,10.100359,73.069878,54.606724
2.4098241,5.743690,7.823054,2.885013,10.124892,73.444580,53.713867
2.4197881,5.795165,7.769185,3.265691,10.227849,71.379761,53.280125
2.4298599,5.770026,7.729680,3.044227,10.114765,72.484207,53.259518
2.4397974,5.683835,7.724892,3.088520,10.075658,72.149590,53.655041
2.4498518,5.521029,7.684190,3.147178,9.971623,71.602150,54.303059
2.4598761,5.311536,7.577648,3.191471,9.788700,70.971634,54.971550
2.4698341,5.134366,7.433996,2.980781,9.513730,71.740959,55.368706
2.4797902,4.928464,7.333440,3.373430,9.457755,69.103310,56.096786
2.4897776,4.817134,7.297527,3.210624,9.314869,69.837898,56.570999
2.5000014,4.782418,7.432799,3.238158,9.412953,69.878578,57.241928
2.5100071,4.715380,7.626729,3.191471,9.517735,70.408104,58.272728
2.5198767,4.593276,7.892486,3.038242,9.623951,71.597168,59.801411
2.5298181,4.396951,8.240842,3.160346,9.860651,71.306786,61.917580
2.5398917,4.326323,8.608353,2.867057,10.051907,73.427696,63.317150
2.5499167,4.217386,8.959103,2.661155,10.253469,74.957405,64.791870
2.5602889,3.884592,9.500193,2.509123,10.565956,76.262589,67.760536
2.5700197,3.884592,9.500193,2.509123,10.565956,76.262589,67.760536
2.5800335,3.503914,9.868899,2.657564,10.804408,75.760818,70.452789
2.5899751,3.500323,9.967062,2.697068,10.902695,75.677689,70.649284
2.5999758,3.459621,9.973047,2.845509,10.932867,74.913857,70.868484
2.6098595,3.299210,9.824607,2.892196,10.759763,74.407288,71.437386
2.6202483,2.946065,9.573215,3.126827,10.492988,72.662956,72.894753
2.6300087,2.531868,9.283517,3.069367,10.100250,72.308594,74.744881
2.6399117,2.159570,9.053674,2.946065,9.762789,72.436371,76.583946
2.6498239,1.938106,8.896853,2.579752,9.463899,74.181625,77.710587
2.6597915,1.678335,8.825027,2.766500,9.399545,72.883072,79.232132
2.6698289,1.593341,8.730456,2.458845,9.208992,74.513885,79.657135
2.6799390,1.583764,8.705317,2.407370,9.169858,74.779716,79.688911
2.6900291,1.558625,8.724471,2.467225,9.199615,74.443535,79.870972
2.6999676,1.576582,8.813056,2.276886,9.237953,75.731232,79.857552
2.7102625,1.441309,8.950723,2.488773,9.401425,74.649513,80.852348
2.7200043,1.392228,9.107543,2.147599,9.460329,76.878838,81.308739
2.7299483,1.333570,9.278728,1.930924,9.570877,78.360695,81.821266
2.7398474,1.252167,9.495404,1.734599,9.733420,79.734451,82.487701
2.7499092,1.228225,9.712079,1.561020,9.913113,80.939911,82.792427
2.7600887,1.252167,9.882068,1.389834,10.057575,82.057007,82.778473
2.7700000,1.264138,9.975441,1.504756,10.167191,81.488892,82.777687
2.7800605,1.335965,9.959879,1.426944,10.149884,81.918175,82.360252
2.7899039,1.453280,9.888053,1.468843,10.101639,81.639191,81.638908
2.7999051,1.632846,9.792285,1.588553,10.053782,80.908852,80.533134
2.8099575,1.832761,9.701305,1.769315,10.030195,79.839928,79.301819
2.8201189,1.975216,9.639056,1.958457,10.032370,78.742790,78.419380
2.8299727,2.122460,9.594764,2.076970,10.043811,78.065636,77.526459
2.8398490,2.287660,9.555259,2.173935,10.062920,77.523788,76.536034
2.8498085,2.415750,9.508572,2.284068,10.073021,76.894135,75.745018
2.8599279,2.485181,9.454702,2.366668,10.058262,76.390930,75.272865
2.8698411,2.530671,9.374496,2.365471,9.994045,76.308853,74.892944
2.8803012,2.476802,9.294291,2.389413,9.910988,76.049278,75.078232
2.8903182,2.426523,9.248801,2.456451,9.872309,75.592163,75.299156
2.9000762,2.413355,9.239224,2.481590,9.866400,75.432564,75.360992
2.9103777,2.382231,9.284714,2.468422,9.898184,75.559097,75.609718
2.9201994,2.370260,9.357738,2.446874,9.958543,75.776436,75.786255
2.9300380,2.365471,9.448717,2.397793,10.031107,76.170364,75.944969
2.9402316,2.330755,9.538500,2.309207,10.087013,76.765991,76.268707
2.9500842,2.248155,9.580399,2.203863,10.084406,77.376610,76.793800
2.9599192,2.145205,9.556456,2.087744,10.014311,77.966942,77.348137
2.9699049,2.033874,9.491813,1.966837,9.904524,78.546089,77.905739
2.9799170,1.966837,9.436746,1.908179,9.826585,78.802864,78.226776
2.9899690,1.975216,9.398438,1.893813,9.788700,78.844681,78.131203
2.9998612,2.023100,9.433155,1.915361,9.835952,78.771011,77.895309
3.0100093,2.091335,9.469068,1.942895,9.889983,78.670517,77.545609
3.0198994,2.152387,9.519346,1.966837,9.955861,78.605942,77.259277
3.0299258,2.182315,9.570822,1.996764,10.017494,78.502350,77.155167
3.0398781,2.234987,9.597157,2.020706,10.059018,78.411285,76.890602
3.0502219,2.252944,9.592369,2.056619,10.065733,78.210373,76.782600
3.0605156,2.252944,9.525331,2.106898,10.012328,77.852425,76.692871
3.0701497,2.218228,9.461885,2.106898,9.944185,77.767899,76.805954
3.0801034,2.163161,9.418790,2.129642,9.895870,77.572433,77.065498
3.0902562,2.165555,9.392453,2.160767,9.878093,77.364761,77.016586
3.1000903,2.164358,9.423578,2.146402,9.904308,77.483902,77.064934
3.1103423,2.167950,9.497798,2.118869,9.969843,77.729469,77.142059
3.1200678,2.155979,9.512163,2.076970,9.972126,77.978569,77.229393
3.1299675,2.111686,9.526528,2.045845,9.969928,78.158699,77.501686
3.1399009,2.056619,9.532514,2.007538,9.956340,78.367462,77.825172
3.1498475,2.029086,9.538500,1.971625,9.949244,78.570129,77.990715
3.1598248,2.024297,9.552865,1.950077,9.957802,78.706543,78.035736
3.1698546,2.043451,9.533711,1.964442,9.946174,78.608765,77.902298
3.1798079,2.047042,9.488221,1.968034,9.904034,78.538445,77.825294
3.1897891,2.009932,9.458294,1.983596,9.870856,78.407204,78.002838
3.2003317,2.005144,9.472659,2.001553,9.887269,78.320473,78.048225
3.2100744,2.023100,9.516952,2.013524,9.935773,78.307800,77.998795
3.2199368,2.050634,9.572019,1.988384,9.989110,78.518280,77.908180
3.2299325,2.097321,9.618706,1.963245,10.038555,78.721947,77.699409
3.2399263,2.161964,9.621099,1.962048,10.054317,78.746811,77.335396
3.2499557,2.209848,9.576807,1.976413,10.025212,78.629982,77.006432
3.2600129,2.270900,9.516952,1.709460,9.932352,80.089462,76.579254
3.2699282,2.194286,9.518148,2.299631,10.034856,76.752129,77.018013
3.2799509,2.194286,9.489418,2.047042,9.952604,78.130745,76.980049
3.2899623,2.196680,9.482236,1.993173,9.935338,78.427101,76.956787
3.2998793,2.191892,9.469068,1.948880,9.912909,78.661781,76.966774
3.3098688,2.200271,9.452309,1.911770,9.891521,78.856110,76.896263
3.3199234,2.197877,9.390059,1.897405,9.828734,78.869362,76.826271
3.3299000,2.193089,9.329007,1.826776,9.755877,79.207733,76.770958
3.3399484,2.148796,9.212888,1.746570,9.620038,79.539627,76.871155
3.3498724,2.130840,9.102755,1.625663,9.489120,80.135506,76.825012
3.3598254,2.146402,9.001001,1.508347,9.375509,80.741928,76.587585
3.3698010,2.193089,8.953117,1.424550,9.327234,81.214821,76.236267
3.3797977,2.221819,8.980651,1.329979,9.346519,81.819229,76.104012
3.3899145,2.310405,9.041702,1.225831,9.412386,82.516769,75.666069
3.3999219,2.452860,9.080010,1.097741,9.469326,83.342957,74.883034
3.4101584,2.713828,9.029732,1.057040,9.487795,83.603371,73.272186
3.4200439,2.961627,8.907627,1.033098,9.443747,83.719566,71.608948
3.4299004,3.311181,8.821436,1.071405,9.483120,83.512856,69.426064
3.4398263,3.714604,8.772355,1.143231,9.594763,83.156860,67.050049
3.4499421,4.046201,8.726865,1.221043,9.696435,82.765709,65.125259
3.4599748,4.472369,8.684967,1.285686,9.853107,82.502357,62.753563
3.4699199,4.932055,8.676587,1.334767,10.069257,82.382523,60.384686
3.4798470,5.317522,8.556877,1.529895,10.190032,81.365166,58.141838
3.4901011,5.829881,8.440758,1.898602,10.432573,79.514427,55.367855
3.5000262,6.161478,8.310274,2.288857,10.595439,77.524460,53.445690
3.5100181,6.173449,8.200141,2.456451,10.554049,76.540993,53.025860
3.5199232,6.034585,8.176199,2.358289,10.432065,76.934692,53.570175
3.5298657,5.883750,8.190564,2.130840,10.307489,78.069366,54.308151
3.5398467,5.737704,8.219295,1.802834,10.184708,79.804131,55.081974
3.5499792,5.606023,8.225280,1.466449,10.061471,81.619347,55.723217
3.5599742,5.476737,8.145074,1.127669,9.879702,83.445976,56.083168
3.5699418,5.230134,7.991845,0.815226,9.585848,85.121407,56.797909
3.5799139,4.930859,7.862558,0.563834,9.297909,86.523392,57.906876
3.5899265,4.686650,7.796718,0.343568,9.103380,87.837105,58.989693
3.5999212,4.411316,7.772776,0.068235,8.937584,89.562569,60.423607
3.6098719,4.179079,7.745243,-0.210690,8.803288,91.371399,61.650154
3.6198807,4.004303,7.697359,-0.476446,8.689693,93.143036,62.515747
3.6298590,3.955221,7.662642,-0.667982,8.649050,94.429474,62.698605
3.6400905,4.061763,7.369353,-0.515950,8.430390,93.508766,61.137783
3.6500003,4.070143,7.123947,-0.256180,8.208673,91.788399,60.259266
3.6599443,3.943250,6.925229,0.074220,7.969537,89.466400,60.342655
3.6699612,3.645172,6.678626,0.341174,7.616280,87.432556,61.374432
3.6798706,3.392584,6.527791,0.610521,7.382033,85.256012,62.538471
3.6898465,3.187880,6.375759,0.770933,7.169882,83.827408,63.434948
3.7000434,2.979584,6.205771,0.889446,6.941227,82.637901,64.352882
3.7099433,2.796427,5.978322,0.921768,6.664082,82.049431,64.931625
3.7199512,2.548628,5.723339,0.938527,6.335057,81.480377,65.996384
3.7299447,2.215834,5.481525,0.916979,5.983133,81.184067,67.989632
3.7398844,1.887828,5.303157,0.899023,5.700492,80.926018,70.405190
3.7500055,1.611298,5.193024,0.851139,5.503473,81.103218,72.761864
3.7601831,1.274912,5.224148,0.727837,5.426497,82.291885,76.285484
3.7701592,1.090559,5.416882,0.634463,5.561876,83.449806,78.617035
3.7801003,1.249773,6.034585,0.571017,6.189040,84.706215,78.299355
3.7901220,1.578976,6.585252,0.502782,6.790545,85.753845,76.516479
3.8000526,1.897405,7.145495,0.547075,7.413335,85.767952,75.128944
3.8100829,2.090138,7.487866,0.551863,7.793675,85.939537,74.403633
3.8200176,2.214637,7.587225,0.482432,7.918544,86.507133,73.727989
3.8300138,1.953669,7.382521,0.386664,7.646434,87.101440,75.177353
3.8400905,1.489193,7.238869,0.349553,7.398723,87.292046,78.375191
3.8500378,0.762553,7.393295,0.219069,7.435744,88.311729,84.111267
3.8599916,0.189142,7.799112,0.028730,7.801458,89.788994,88.610748
3.8699472,-0.130484,8.402451,0.040701,8.403563,89.722496,90.889694
3.8798652,-0.231040,9.103952,0.229843,9.109784,88.554253,91.453743
3.8900251,0.035913,9.957485,0.438139,9.967184,87.480576,89.793358
3.9000058,0.322020,10.287885,0.281319,10.296767,88.434425,88.207176
3.9100025,0.423774,10.475829,0.228646,10.486890,88.750679,87.683502
3.9199822,0.185551,10.558430,0.217872,10.562307,88.818054,88.993202
3.9299362,-0.454898,10.421960,0.148441,10.432939,89.184761,92.499260
3.9399567,-1.193510,9.949105,0.371101,10.027307,87.879051,96.840599
3.9499929,-1.802834,9.342175,0.814029,9.549298,85.109894,100.922554
3.9599724,-2.110489,8.856153,1.414973,9.213455,81.165733,103.404015
3.9699593,-2.003947,8.640674,1.908179,9.072937,77.859161,103.057213
3.9799764,-1.569399,8.604761,1.914164,8.953712,77.655777,100.336411
3.9899387,-1.052252,8.665813,1.748964,8.902945,78.670685,96.923279
3.9999340,-0.544681,8.813056,1.692701,8.990654,79.147964,93.536598
4.0099654,-0.007183,9.014170,1.119289,9.083398,82.921814,90.045654
4.0198922,0.306458,9.091981,0.559046,9.114305,86.483429,88.069496
4.0298996,0.409408,9.149442,0.349553,9.165265,87.814270,87.437904
4.0399547,0.326809,9.283517,0.080206,9.289614,89.505310,87.983841
4.0499988,0.253785,9.366117,-0.316035,9.374884,91.931854,88.447884
4.0599642,0.415394,9.892841,-0.593762,9.919346,93.431717,87.595596
4.0698991,0.572214,10.190920,-0.659603,10.228263,93.697472,86.786247
4.0801134,0.887052,10.477027,-0.676362,10.536243,93.680565,85.160515
4.0901294,1.148020,10.594342,-0.687136,10.678492,93.689400,83.815468
4.0999613,1.278504,10.629059,-0.685939,10.727627,93.666069,83.141197
4.1099167,1.171962,10.487801,-0.128090,10.553856,90.695404,83.623924
4.1199284,1.043872,10.296265,-0.626084,10.367966,93.461990,84.210930
4.1300111,0.884658,10.113108,-0.532710,10.165694,93.003830,85.000702
4.1399884,0.650026,9.964667,-0.465672,9.996698,92.669952,86.267708
4.1500940,0.423774,9.929952,-0.374693,9.946051,92.158989,87.556313
4.1602149,0.280122,10.004171,-0.275333,10.011879,91.575867,88.396111
4.1700425,0.129287,10.098742,-0.275333,10.103322,91.561600,89.266525
4.1801558,-0.152032,10.165780,-0.336385,10.172481,91.895012,90.856812
4.1900868,-0.544681,10.928333,0.094571,10.942307,89.504807,92.853325
4.2000165,-0.459687,11.167754,-0.572214,11.191849,92.930679,92.357079
4.2099495,-0.468066,11.361684,-0.472855,11.381148,92.381165,92.359077
4.2199607,-0.402226,11.490971,-0.398635,11.504916,91.985641,92.004745
4.2298937,-0.329203,11.518504,-0.185551,11.524701,90.922516,91.637085
4.2399268,-0.219069,11.473015,-0.335188,11.480000,91.673134,91.093895
4.2499733,-0.059855,11.376049,-0.596156,11.391816,92.999771,90.301460
4.2599916,0.099359,11.273099,-0.497994,11.284531,92.529320,89.495018
4.2700019,0.169988,11.156980,-0.299275,11.162288,91.536354,89.127106
4.2799668,0.201113,10.912771,-0.247800,10.917437,91.300591,88.944206
4.2901120,0.289698,10.635044,-0.137667,10.639879,90.741356,88.439651
4.2999663,0.310049,10.413580,-0.059855,10.418366,90.329178,88.294609
4.3099675,0.330400,10.269928,-0.061052,10.275423,90.340431,88.157341
4.3199039,0.338780,10.183737,0.023942,10.189398,89.865372,88.094658
4.3298588,0.444124,10.149021,-0.415394,10.167223,92.341537,87.494316
4.3399282,0.527921,10.153810,-0.338780,10.173166,91.908379,87.023735
4.3499570,0.603339,10.086772,-0.458490,10.115196,92.597923,86.576942
4.3604927,0.486023,9.973047,-0.410606,9.993322,92.354828,87.209976
4.3701653,0.220267,9.915586,-0.296881,9.922475,91.714546,88.727432
4.3801055,0.052672,9.928755,-0.409408,9.937332,92.361198,89.696045
4.3901396,-0.086191,10.046070,-0.486023,10.058189,92.769676,90.491562
4.4000316,-0.148441,10.226832,-0.470461,10.238725,92.633621,90.831581
4.4099398,-0.193930,10.420763,-0.492008,10.434174,92.702705,91.066154
4.4199209,-0.173580,10.511743,-0.543484,10.527214,92.959297,90.946037
4.4299707,-0.120907,10.563218,-0.640449,10.583306,93.469376,90.655785
4.4400458,-0.237026,10.565612,-0.652420,10.588389,93.532608,91.285141
4.4502225,-0.389058,10.510546,-0.736217,10.543479,94.004036,92.119888
4.4601173,-0.413000,10.581175,-0.792481,10.618844,94.279945,92.235207
4.4700961,-0.363919,10.680533,-0.939724,10.727968,95.025307,91.951492
4.4802051,-0.375890,10.723629,-1.098939,10.786342,95.847580,92.007538
4.4901376,-0.477643,10.849325,-0.907402,10.897677,94.776299,92.520828
4.5001726,-0.413000,10.955867,-1.035492,11.012440,95.395454,92.158836
4.5100598,-0.474052,11.025299,-1.069011,11.087143,95.532997,92.462013
4.5200481,-0.568623,11.061212,-1.103727,11.130676,95.690849,92.942810
4.5303259,-0.661997,11.095928,-1.052252,11.165352,95.407730,93.414291
4.5402179,-0.690727,11.153389,-0.961272,11.216025,94.916580,93.543793
4.5501328,-0.629675,11.251551,-1.054646,11.318399,95.346565,93.203125
4.5602150,-0.667982,11.464635,-1.071405,11.533948,95.329971,93.334549
4.5704699,-0.693121,11.670536,-1.028310,11.736237,95.026604,93.398842
4.5807285,-0.736217,11.839328,-0.974440,11.902153,94.696114,93.558304
4.5911341,-0.697910,12.050017,-1.154005,12.125251,95.461319,93.314735
4.6006408,-0.562637,12.136209,-1.119289,12.200693,95.263702,92.654343
4.6104827,-0.441730,12.240356,-0.976834,12.287215,94.559830,92.066795
4.6203141,-0.316035,12.331336,-1.298854,12.403579,96.010811,91.468086
4.6302061,-0.260968,12.457031,-1.163582,12.513978,95.335213,91.200142
4.6404271,-0.128090,12.611458,-1.136049,12.663170,95.147087,90.581909
4.6504745,-0.028730,12.897565,-1.016339,12.937579,94.505630,90.127632
4.6604166,0.047884,13.211205,-0.982820,13.247798,94.254532,89.792336
4.6703792,0.197522,13.547590,-0.973243,13.583940,94.108566,89.164696
4.6806993,0.343568,13.958196,-1.005565,13.998587,94.119293,88.590004
4.6906085,0.418985,14.056358,-1.373075,14.129476,95.576691,88.292664
4.7004004,0.418985,14.095862,-1.215057,14.154337,94.924530,88.297440
4.7103724,-0.235829,14.365211,-1.024718,14.403643,94.079643,90.940521
4.7201977,-0.363919,14.595054,-1.124078,14.642799,94.402733,91.428337
4.7300529,-0.298078,14.634558,-1.255759,14.691360,94.903397,91.166847
4.7401309,-0.209493,14.608222,-1.280898,14.665768,95.010559,90.821609
4.7501316,-0.227449,14.583082,-1.151611,14.630250,94.514671,90.893555
4.7605553,-0.197522,14.669273,-1.092953,14.711259,94.260635,90.771439
4.7703562,-0.011971,14.838065,-1.101333,14.878886,94.244904,90.046227
4.7805724,0.424971,14.980520,-1.351527,15.047366,95.153145,88.375053
4.7904072,0.852336,15.096639,-1.447295,15.189787,95.467484,86.768585
4.8001981,1.085770,15.006856,-1.279701,15.100406,94.861427,85.861771
4.8100872,1.162385,14.903906,-1.124078,14.991367,94.300171,85.540421
4.8203626,1.126472,14.925453,-1.030704,15.003347,93.939224,85.683884
4.8306522,1.037886,14.984112,-1.177947,15.066133,94.484253,86.037689
4.8403759,0.773327,14.888343,-1.347936,14.969226,95.166321,87.026627
4.8504286,0.445322,14.727932,-1.587356,14.819920,96.148727,88.268105
4.8603973,0.222661,14.438233,-1.546654,14.522545,96.113609,89.116478
4.8702888,0.090980,14.107834,-1.332373,14.170902,95.395020,89.630508
4.8804817,0.068235,13.769054,-1.288081,13.829340,95.344337,89.716064
4.8903351,0.113725,13.445837,-1.367089,13.515635,95.805321,89.515404
4.9004393,0.198719,13.248315,-1.544260,13.339493,96.647812,89.140656
4.9103661,0.226252,13.072341,-1.605312,13.172483,96.999954,89.008438
4.9203472,0.362722,12.882002,-1.605312,12.986707,97.100609,88.387138
4.9307237,0.597353,12.648567,-1.514333,12.752892,96.819633,87.296104
4.9404635,0.806846,12.500127,-1.335965,12.597181,96.087822,86.306854
4.9508266,0.960075,12.443863,-1.320402,12.550495,96.039101,85.588226
4.9610271,1.046266,12.440272,-1.364695,12.558560,96.238449,85.192558
4.9705572,1.042675,12.451046,-1.368286,12.569325,96.249557,85.213112
4.9817324,1.018733,12.378023,-1.362301,12.494364,96.259590,85.295059
4.9909835,0.946907,12.218808,-1.302446,12.324458,96.066330,85.568672
5.0006447,0.859518,12.023681,-1.292869,12.123497,96.121758,85.911140
5.0104308,0.828394,11.913548,-1.346738,12.018009,96.434082,86.022408
5.0203619,0.863110,11.864467,-1.368286,11.974253,96.561462,85.839211
5.0301795,0.974440,11.809400,-1.349133,11.926089,96.495461,85.282982
5.0403337,1.066617,11.742362,-1.332373,11.865747,96.447189,84.809784
5.0501995,1.036689,11.580753,-1.180341,11.686820,95.796623,84.884613
5.0602555,0.896629,11.359290,-0.986411,11.437239,94.947655,85.486801
5.0705619,0.739808,11.094730,-0.870292,11.153375,94.475311,86.185104
5.0808773,0.566229,10.815806,-0.758962,10.857178,94.008484,87.003189
5.0906477,0.411803,10.557233,-0.535104,10.578803,92.899414,87.766212
5.1008887,0.294487,10.289082,-0.566229,10.308857,93.148636,88.360565
5.1105309,0.172383,10.025720,-0.393846,10.034933,92.249298,89.014954
5.1202598,0.141258,9.801862,-0.527921,9.817084,93.082611,89.174347
5.1316772,0.295684,9.482236,-0.571017,9.504014,93.444504,88.213928
5.1409903,0.295684,9.482236,-0.571017,9.504014,93.444504,88.213928
5.1504502,0.409408,9.192537,-0.263362,9.205418,91.639427,87.449898
5.1603861,0.518345,8.838196,-0.326809,8.859413,92.114021,86.643547
5.1702595,0.501585,8.467094,-0.371101,8.490052,92.505203,86.609795
5.1805367,0.305261,8.119935,-0.179565,8.127655,91.265945,87.847038
5.1906338,0.128090,7.861362,-0.263362,7.866815,91.918488,89.066528
5.2004690,0.002394,7.699753,-0.276530,7.704718,92.056847,89.982185
5.2104025,-0.108936,7.624335,-0.184354,7.627342,91.384979,90.818581
5.2203016,-0.140061,7.608773,-0.329203,7.617179,92.477005,91.054573
5.2301340,-0.154426,7.663840,-0.322020,7.672156,92.405556,91.154350
5.2402277,-0.108936,7.842207,-0.477643,7.857495,93.485062,90.795845
5.2501950,-0.095768,7.902063,-0.679953,7.931841,94.917686,90.694359
5.2601662,-0.147243,7.929596,-0.602142,7.953788,94.341736,91.063797
5.2705197,-0.155623,7.923611,-0.895431,7.975564,96.446297,91.125168
5.2804360,-0.228646,7.864953,-0.711078,7.900341,95.163948,91.665207
5.2903185,-0.203507,7.814674,-0.961272,7.876204,97.010292,91.491737
5.3001847,-0.203507,7.791929,-0.942118,7.851316,96.891815,91.496094
5.3100734,-0.202310,7.890092,-0.855927,7.938961,96.189285,91.468803
5.3201799,-0.245406,8.058883,-0.925359,8.115547,96.547279,91.744209
5.3301058,-0.359130,8.246828,-0.493206,8.269364,93.419296,92.493523
5.3402872,-0.342371,8.352173,-0.451307,8.371361,93.090363,92.347343
5.3502402,-0.118513,8.307879,-0.644040,8.333648,94.432350,90.817276
5.3604913,0.096965,8.163031,-0.371101,8.172037,92.602760,89.319443
5.3703227,0.362722,7.975086,-0.426168,7.994697,93.055679,87.395874
5.3801999,0.624887,7.782352,-0.542287,7.826210,93.973274,85.409264
5.3902531,0.719458,7.680599,-0.070629,7.714546,90.524567,84.648598
5.4007401,0.763750,7.656657,-0.010774,7.694663,90.080223,84.303596
5.4105220,0.846350,7.688979,0.083797,7.735872,89.379341,83.718559
5.4202871,0.967257,7.721301,0.167594,7.783454,88.766205,82.859680
5.4304075,1.164779,7.729680,0.245406,7.820798,88.201843,81.430618
5.4401836,1.369483,7.651869,0.633266,7.799206,85.342667,79.852997
5.4501076,1.613692,7.485472,0.707487,7.690047,84.721306,77.834549
5.4599943,1.816002,7.207744,0.839168,7.480217,83.558716,75.858566
5.4699755,1.889025,6.903681,1.003170,7.227418,82.021545,74.696976
5.4800038,1.917756,6.676231,1.083376,7.030189,81.135201,73.973221
5.4901085,1.916559,6.538565,1.177947,6.914736,80.191643,73.663292
5.5001087,1.962048,6.515820,1.221043,6.913500,79.827217,73.241867
5.5099754,2.102109,6.590040,1.205481,7.021444,80.114166,72.308212
5.5200133,2.305616,6.709750,1.102530,7.179985,81.166939,71.036163
5.5299706,2.491167,6.896498,1.334767,7.453134,79.683350,70.139168
5.5404611,2.750938,7.025785,1.278504,7.652704,80.382751,68.617233
5.5503559,2.947262,7.073669,1.284489,7.770010,80.484543,67.380821
5.5606537,3.047819,7.040150,1.313220,7.783152,80.286247,66.591270
5.5704975,3.055001,6.933608,1.288081,7.685513,80.351776,66.221336
5.5806642,3.034651,6.843825,1.225831,7.586153,80.700920,66.086815
5.5905261,2.924517,6.843825,1.154005,7.531432,81.186119,66.861916
5.6010695,2.904167,6.967127,0.919373,7.603965,83.055542,67.371750
5.6105494,2.888604,7.293935,0.944513,7.901749,83.134903,68.395035
5.6206188,3.005920,7.788338,0.796072,8.386148,84.552879,68.895836
5.6303496,3.269282,8.352173,0.695516,8.996151,85.565887,68.623184
5.6403637,3.659537,8.865729,0.654814,9.613644,86.094391,67.570465
5.6501369,4.065354,9.154230,0.731429,10.043009,85.823471,66.054199
5.6602283,4.455609,9.062054,0.979228,10.145549,84.461304,63.817684
5.6701083,4.599261,8.625112,1.328782,9.864655,82.258652,61.931641
5.6801176,4.358644,7.915231,1.668759,9.188766,79.536530,61.159943
5.6900516,3.878607,7.222109,1.862689,8.406668,77.198570,61.762142
5.7000151,3.454833,6.689400,1.953669,7.778224,75.453148,62.685284
5.7101979,3.174711,6.489484,2.037466,7.506228,74.250229,63.931721
5.7202306,3.011906,6.606800,2.013524,7.534962,74.500847,65.492722
5.7301955,3.062184,6.993463,1.794454,7.842548,76.772972,66.353134
5.7405310,3.257311,7.508216,1.253365,8.279754,81.293266,66.547211
5.7506285,3.520674,8.038532,1.253365,8.864765,81.871872,66.347801
5.7603369,3.742137,8.550891,1.118092,9.400610,83.169167,66.364311
5.7703028,3.827132,8.961497,1.043872,9.800257,83.885551,66.874420
5.7807736,3.813963,9.540894,1.016339,10.325110,84.351021,68.210983
5.7905722,3.876213,9.689334,1.013944,10.485051,84.450607,68.196152
5.8003197,4.012682,9.763555,1.101333,10.613273,84.043732,67.658035
5.8106351,4.143166,9.736021,1.271321,10.657025,83.148628,66.947807
5.8204355,4.264073,9.642648,1.446098,10.642095,82.190216,66.144516
5.8301983,4.407725,9.493010,1.684321,10.601048,80.857964,65.093956
5.8401976,4.420894,9.283517,1.878251,10.452550,79.648117,64.535789
5.8505554,4.362236,9.052477,2.047042,10.255087,78.485710,64.271370
5.8610153,4.243722,8.844181,2.191892,10.051522,77.404556,64.366814
5.8706007,4.118027,8.646660,2.280477,9.844971,76.606430,64.533577
5.8804827,3.981557,8.447941,2.309207,9.620444,76.111610,64.765259
5.8906708,3.815161,8.258799,2.304419,9.384751,75.785706,65.205376
5.9004464,3.652355,8.044518,2.296039,9.128294,75.431931,65.581100
5.9108014,3.517082,7.874529,2.290054,8.923141,75.129089,65.932533
5.9205050,3.453636,7.748834,2.272097,8.782622,75.006836,65.977585
5.9303842,3.406949,7.700950,2.236184,8.712775,75.128281,66.135101
5.9402885,3.345897,7.712921,2.182315,8.686005,75.448807,66.548599
5.9504580,3.308787,7.724892,2.076970,8.656548,76.117561,66.813202
5.9603601,3.299210,7.762002,1.987187,8.665009,76.742096,66.972267
5.9701681,3.258508,7.896077,1.965640,8.765252,77.041008,67.575317
5.9808068,3.203442,8.101978,1.933318,8.924226,77.488411,68.426651
5.9905109,3.142390,8.306683,1.835156,9.068814,78.325066,69.278542
6.0002661,3.128025,8.495825,1.751359,9.221216,79.051476,69.787109
6.0101752,3.090914,8.591593,1.719037,9.291087,79.337700,70.213280
6.0203080,3.052607,8.596381,1.821988,9.302464,78.704987,70.449860
6.0302057,2.986767,8.570045,1.944092,9.281484,77.909340,70.785919
6.0401702,2.928109,8.614338,2.114080,9.340770,76.919006,71.226532
6.0503616,2.904167,8.750807,2.278083,9.497393,76.121483,71.640327
6.0606060,2.885013,8.941146,2.369063,9.689161,75.847328,72.116821
6.0703416,2.851494,9.157822,2.414552,9.890742,75.870018,72.704849
6.0806317,2.766500,9.336189,2.479196,10.048102,75.715744,73.494385
6.0907960,2.695871,9.429564,2.586935,10.142812,75.223389,74.044998
6.1004858,2.612074,9.415198,2.691083,10.134634,74.601357,74.494301
6.1103840,2.462436,9.367314,2.822764,10.088516,73.751747,75.271576
6.1203213,2.296039,9.357738,2.918532,10.067616,73.148445,76.214096
6.1302943,2.104503,9.394848,2.943671,10.067636,72.998932,77.373833
6.1407022,1.953669,9.467871,2.987964,10.118564,72.824760,78.340820
6.1503167,1.844732,9.512163,2.879028,10.108070,73.451630,79.024643
6.1602545,1.792060,9.533711,2.729390,10.077336,74.285484,79.354286
6.1701818,1.780089,9.532514,2.683900,10.061852,74.529617,79.422493
6.1801810,1.800440,9.522937,2.709039,10.063141,74.383087,79.293831
6.1906347,1.869871,9.546879,2.759317,10.112030,74.164597,78.918213
6.2008619,1.962048,9.533711,2.746149,10.113487,74.244469,78.370834
6.2106962,2.097321,9.573215,2.638410,10.149208,74.932182,77.642754
6.2205000,2.251747,9.592369,2.522291,10.170834,75.641243,76.789375
6.2302933,2.351106,9.555259,2.404976,10.129886,76.266045,76.176765
6.2401466,2.425326,9.464279,2.349909,10.048724,76.476067,75.626625
6.2505217,2.466028,9.380483,2.361880,9.982646,76.314125,75.270836
6.2603130,2.476802,9.354146,2.408567,9.971749,76.022606,75.169487
6.2701793,2.470816,9.392453,2.450465,10.016381,75.839096,75.261467
6.2800980,2.433706,9.483433,2.414552,10.084071,76.146378,75.606949
6.2901917,2.357092,9.607931,2.309207,10.158772,76.861153,76.215988
6.3006344,2.254141,9.720459,2.110489,10.199149,78.057617,76.944077
6.3104014,2.211045,9.835381,2.076970,10.292582,78.358177,77.330238
6.3203797,2.262521,9.959879,2.067393,10.420763,78.557076,77.201683
6.3302398,2.284068,9.932345,2.064999,10.398685,78.545906,77.049271
6.3408628,2.266112,9.840169,2.136825,10.321347,78.051659,77.031349
6.3511982,2.205060,9.698911,2.183512,10.183265,77.618401,77.191452
6.3606696,2.118869,9.531317,2.205060,10.009890,77.274040,77.466621
6.3704453,2.061408,9.331401,2.169147,9.799472,77.211464,77.542816
6.3802476,2.031480,9.181764,2.218228,9.661896,76.727348,77.524200
6.3900919,2.023100,9.068039,2.288857,9.568758,76.160614,77.423149
6.4000511,2.026692,8.986636,2.311602,9.497927,75.913910,77.291107
6.4101706,2.007538,8.935161,2.269703,9.434980,76.080254,77.337151
6.4203310,1.993173,8.917204,2.213439,9.401520,76.382782,77.400360
6.4301834,1.964442,8.990228,2.148796,9.449897,76.856644,77.674110
6.4401240,1.971625,9.118318,2.100912,9.562680,77.308640,77.798950
6.4501085,2.018312,9.257181,2.056619,9.695292,77.753052,77.700470
6.4605021,2.060210,9.356541,2.014721,9.790220,78.124306,77.582237
6.4703226,2.068590,9.399636,2.020706,9.834403,78.142799,77.588684
6.4807873,2.045845,9.390059,2.033874,9.823204,78.050591,77.708847
6.4904966,2.041057,9.386468,2.100912,9.832880,77.662964,77.732193
6.5002980,2.038663,9.384073,2.215834,9.855298,77.006721,77.743118
6.5100927,2.035071,9.434352,2.318784,9.925990,76.490456,77.827316
6.5200624,2.050634,9.498995,2.369063,10.002422,76.299370,77.817993
6.5304003,2.094927,9.528923,2.354697,10.036618,76.431328,77.600822
6.5402708,2.178724,9.489418,2.357092,10.017573,76.390945,77.069275
6.5500937,2.299631,9.416395,2.422932,9.991365,75.965706,76.276108
6.5600681,2.439692,9.333796,2.491167,9.963821,75.521233,75.351608
6.5699863,2.580950,9.255983,2.561796,9.944714,75.072075,74.419342
6.5801835,2.698265,9.212888,2.616863,9.950171,74.752045,73.675781
6.5901814,2.778471,9.187749,2.674323,9.964268,74.431435,73.174133
6.6003599,2.845509,9.178172,2.700660,9.981449,74.301941,72.774994
6.6102061,2.890999,9.186552,2.718616,10.007071,74.236366,72.531265
6.6200042,2.920926,9.217676,2.689886,10.036575,74.454216,72.417473
6.6299548,2.901772,9.289502,2.668338,10.091341,74.667595,72.652702
6.6399546,2.838326,9.331401,2.602497,10.094758,75.060036,73.081848
6.6504903,2.706645,9.376891,2.521094,10.080076,75.516174,73.899185
6.6603603,2.554613,9.391256,2.393005,10.022386,76.186279,74.782585
6.6701837,2.418144,9.391256,2.279280,9.961839,76.773499,75.560631
6.6801362,2.286463,9.379285,2.206257,9.902851,77.127037,76.299774
6.6903605,2.200271,9.387665,2.134431,9.875486,77.517921,76.809174
6.7001905,2.149993,9.397242,2.066196,9.858995,77.902573,77.113106
6.7100959,2.117671,9.417592,2.029086,9.863709,78.128807,77.327065
6.7202344,2.086547,9.410410,2.029086,9.850212,78.112297,77.498207
6.7302337,2.047042,9.390059,2.055422,9.827938,77.928001,77.701874
6.7404051,2.024297,9.367314,2.049437,9.800232,77.929138,77.805771
6.7510657,2.018312,9.348161,2.033874,9.777440,77.993828,77.816582
6.7608986,2.015918,9.344569,2.020706,9.770781,78.064461,77.826065
6.7706075,2.042254,9.356541,2.006341,9.784736,78.167686,77.687149
6.7808146,2.079364,9.378088,2.007538,9.813384,78.195587,77.498299
6.7906365,2.136825,9.388862,2.017115,9.837962,78.168518,77.178368
6.8004289,2.187103,9.410410,2.059013,9.878197,77.969040,76.915985
6.8102717,2.213439,9.421184,2.085350,9.899834,77.839851,76.778557
6.8201447,2.238579,9.418790,2.098518,9.905989,77.769600,76.630478
6.8300776,2.260126,9.458294,2.102109,9.949188,77.802361,76.560783
6.8404198,2.299631,9.487024,2.091335,9.983267,77.907883,76.374458
6.8502436,2.360683,9.519346,2.099715,10.029934,77.916039,76.072311
6.8602362,2.370260,9.549273,2.127248,10.066377,77.800156,76.060127
6.8703656,2.346318,9.516952,2.167950,10.038804,77.528320,76.150444
6.8805661,2.291251,9.424775,2.206257,9.947049,77.185211,76.335938
6.8903999,2.209848,9.317036,2.205060,9.826132,77.031944,76.656944
6.9002705,2.124854,9.226056,2.196680,9.719080,76.937294,77.030357
6.9108953,2.054225,9.194932,2.140416,9.661676,77.200691,77.406441
6.9208918,2.047042,9.217676,2.057816,9.663878,77.705360,77.479073
6.9308600,2.032677,9.238028,2.003947,9.668957,78.038422,77.590744
6.9404764,1.991976,9.238028,1.977611,9.655054,78.180656,77.831741
6.9506812,1.904588,9.194932,1.948880,9.590222,78.274956,78.297562
6.9603705,1.829170,9.192537,1.906982,9.564789,78.499573,78.746040
6.9702573,1.804031,9.263166,1.905785,9.627709,78.583015,78.979416
6.9801993,1.843535,9.400833,1.887828,9.764127,78.852043,78.904900
6.9904017,1.900996,9.518148,1.880645,9.886645,79.034332,78.705315
7.0005655,1.983596,9.631873,1.922544,10.020170,78.938217,78.363152
7.0103617,2.116474,9.752781,2.041057,10.186369,78.441322,77.755959
7.0202770,2.316390,9.827001,2.163161,10.325448,77.907059,76.736526
7.0302339,2.559402,9.805453,2.244564,10.379572,77.511230,75.371155
7.0401659,2.862268,9.680955,2.395399,10.375520,76.651688,73.529175
7.0504723,3.160346,9.487024,2.618060,10.336617,75.328300,71.575897
7.0603714,3.472790,9.229648,2.782062,10.246293,74.245331,69.380463
7.0706782,3.785233,8.979453,3.031059,10.205190,72.721802,67.142448
7.0808053,4.168305,8.877700,3.282450,10.342282,71.495354,64.848755
7.0905871,4.574122,8.877700,3.420117,10.556200,71.095528,62.740788
7.1011128,4.920084,8.930372,3.371036,10.738839,71.704933,61.147945
7.1106529,5.181053,8.981848,3.288436,10.877992,72.404099,60.022106
7.1205659,5.408502,9.062054,3.252523,11.043171,72.870766,59.169998
7.1304445,5.589264,9.113529,3.219004,11.165047,73.243141,58.479500
7.1402760,5.730522,9.141062,3.117251,11.230100,73.884178,57.916447
7.1502733,5.784391,9.126697,2.940080,11.198207,74.778625,57.633965
7.1603508,5.777209,9.102755,2.782062,11.134458,75.530739,57.598095
7.1706653,5.833472,9.126697,2.899378,11.213045,75.014656,57.414677
7.1807694,5.829881,9.157822,2.978387,11.257175,74.658195,57.519115
7.1905909,5.807136,9.151836,3.004723,11.247546,74.505562,57.603554
7.2006230,5.790377,9.172187,3.026271,11.261251,74.411110,57.735893
7.2107015,5.878962,9.238028,3.113659,11.384122,74.126823,57.527847
7.2204041,5.944803,9.323022,3.153164,11.497907,74.083389,57.476475
7.2301483,5.948394,9.411607,3.046622,11.543120,74.696381,57.705986
7.2401175,5.953183,9.490616,2.940080,11.582584,75.295364,57.901165
7.2499685,5.924452,9.544485,2.762909,11.568492,76.182472,58.171299
7.2600775,5.866991,9.532514,2.579752,11.486754,77.021523,58.388885
7.2700472,5.772420,9.469068,2.379837,11.342298,77.888222,58.633175
7.2799869,5.695806,9.349358,2.214637,11.169481,78.563858,58.649433
7.2899041,5.770026,9.224859,2.262521,11.113516,78.253448,57.974571
7.3000875,5.929241,9.034520,2.522291,11.096865,76.861977,56.723621
7.3101254,6.102820,8.813056,2.837129,11.088899,75.175858,55.298370
7.3199430,6.178237,8.554482,3.113659,11.002030,73.560204,54.162346
7.3299422,6.229713,8.307879,3.360262,10.914282,72.068634,53.135384
7.3399487,6.321889,8.080431,3.593697,10.870801,70.695862,51.961430
7.3499331,6.506243,7.807492,3.659537,10.801867,70.196983,50.194427
7.3599300,6.811504,7.475895,3.751714,10.787073,69.647362,47.662445
7.3699350,7.234080,7.163452,3.784036,10.861210,69.610573,44.718933
7.3799520,7.644686,6.998251,4.188656,11.178622,67.994087,42.472233
7.3900819,8.191761,7.237672,4.837484,11.953665,66.128532,41.461582
7.4006591,8.318654,7.558495,4.921282,12.269876,66.353882,42.258911
7.4103122,8.321048,7.882909,4.912902,12.470634,66.799019,43.451157
7.4202843,8.236053,8.103176,4.881777,12.542957,67.094978,44.534058
7.4300623,7.973889,8.180987,4.679467,12.345399,67.725433,45.734467
7.4402051,7.516596,8.107965,4.356250,11.883401,68.494980,47.167534
7.4504838,6.939594,8.034941,4.016273,11.351153,69.278809,49.183582
7.4603491,6.381745,7.967903,3.781641,10.886457,69.673393,51.307659
7.4701157,5.923255,7.910442,3.834314,10.600095,68.793854,53.174522
7.4803567,5.528212,7.789535,3.909731,10.321045,67.739914,54.636784
7.4903369,5.105635,7.608773,3.942053,9.975004,66.721977,56.137619
7.5009031,4.715380,7.418434,3.991134,9.653866,65.579926,57.558731
7.5104003,4.194642,7.169437,4.012682,9.224829,64.215523,59.669266
7.5202198,3.541024,6.829460,3.948039,8.646813,62.832790,62.593597
7.5302706,2.743755,6.549339,4.021062,8.160329,60.478027,67.269424
7.5401607,1.872266,6.313510,4.242526,7.833570,57.208553,73.482323
7.5503583,1.054646,6.050148,4.285621,7.488866,55.091629,80.111710
7.5602107,0.466869,5.762844,4.116830,7.097649,54.547543,85.368370
7.5702906,0.131681,5.590461,4.110844,6.940434,53.679352,88.650673
7.5803237,-0.010774,5.546168,4.352659,7.050230,51.875065,90.111305
7.5904689,0.028730,5.531803,4.764462,7.300806,49.262543,89.702423
7.6004758,0.441730,5.616797,5.240908,7.694846,47.070866,85.503258
7.6103816,1.098939,5.819107,5.658696,8.190880,46.302311,79.305641
7.6202669,1.786075,5.931635,6.082469,8.681635,45.523766,73.242424
7.6301537,2.414552,5.913678,6.494272,9.109183,44.525631,67.789825
7.6403203,2.861071,5.883750,6.845023,9.468822,43.705467,64.067894
7.6504211,3.087323,5.934029,7.117962,9.767786,43.220970,62.513195
7.6602697,3.098097,6.065710,7.218518,9.924618,43.336590,62.944061
7.6702118,2.941277,6.263232,7.083246,9.902099,44.329933,64.844780
7.6806731,2.574964,6.452374,6.843825,9.752000,45.429459,68.244423
7.6904092,2.145205,6.538565,6.366182,9.374594,47.227512,71.836113
7.7007890,1.766921,6.423643,5.917270,8.910627,48.389072,74.620277
7.7105489,1.464054,6.236896,5.777209,8.626614,47.956390,76.789520
7.7209439,1.229423,6.007052,5.792771,8.435184,46.627468,78.433395
7.7305827,1.053449,5.783194,5.869385,8.306911,45.043762,79.676369
7.7403622,0.939724,5.535394,5.930438,8.166624,43.432915,80.364960
7.7506032,0.836774,5.322310,6.011840,8.072757,41.866043,81.065102
7.7611284,0.657208,5.133168,6.123171,8.017141,40.203213,82.704018
7.7705879,0.430956,4.953603,6.224925,7.967032,38.616985,85.027870
7.7809997,0.191536,4.843470,6.308722,7.955869,37.536587,87.735405
7.7905512,0.044293,4.839879,6.253655,7.907881,37.738449,89.475662
7.8003254,0.009577,5.029021,6.166266,7.957008,39.199699,89.890892
7.8102026,0.125696,5.511452,6.112397,8.231239,42.047894,88.693527
7.8202806,0.333991,6.153099,6.042965,8.630735,45.559513,86.893028
7.8302789,0.556652,6.681020,5.936423,8.954720,48.475681,85.237206
7.8403406,0.766145,6.961142,5.803545,9.095362,50.351391,83.719292
7.8502116,0.980426,6.971915,5.808333,9.127189,50.477810,81.995270
7.8605089,1.256956,6.977901,5.815516,9.170129,50.640774,79.788597
7.8706608,1.577779,7.158663,6.294356,9.662027,49.348763,77.570648
7.8804421,1.687912,6.992266,6.921637,9.982479,46.101849,76.428604
7.8901625,1.583764,6.818686,6.737284,9.715647,46.096428,76.923866
7.9005699,2.509123,7.951144,5.736507,10.120470,55.471073,72.485992
7.9104161,3.812766,8.386889,7.842207,12.098649,49.594822,65.552963
7.9202409,3.542221,7.406463,8.645462,11.922544,43.519863,64.440033
7.9300866,1.605312,4.993108,8.373720,9.880654,32.060684,72.177109
7.9401283,1.771709,5.495890,8.419210,10.209156,34.444695,72.132240
7.9505100,2.297236,6.563704,8.292317,10.822293,39.983856,70.710419
7.9608250,2.630031,7.394492,7.997831,11.205395,44.459290,70.420837
7.9706063,2.527080,7.714118,7.368156,10.962822,47.770344,71.861641
7.9806247,2.212242,7.947553,6.627151,10.581905,51.224392,74.445183
7.9904103,0.202310,6.398504,6.396110,9.049420,45.025032,88.189003
8.0002298,-0.132878,6.054936,6.700173,9.031734,42.110931,91.257179
8.0102434,0.399832,6.569689,7.104794,9.684977,42.811867,86.517273
8.0203934,0.604536,6.695385,7.716512,10.234168,41.062363,84.840675
8.0303478,0.718261,5.908890,8.394072,10.290350,35.341122,83.069359
8.0401735,1.584962,5.354632,9.459491,10.984815,30.554892,73.511337
8.0500898,2.959233,5.401319,9.988609,11.734719,31.657417,61.282887
8.0604200,3.786430,5.707777,9.762358,11.925577,35.054436,56.440468
8.0709381,3.867833,6.174646,8.774749,11.405376,39.704269,57.936741
8.0809050,3.177106,6.599617,8.069656,10.898087,42.228920,64.293480
8.0905085,2.390610,7.524976,7.313089,10.762042,47.193375,72.375465
8.1003008,0.999579,7.789535,6.842628,10.416217,48.934547,82.687576
8.1100960,0.022745,7.404069,6.773197,10.034787,47.548054,89.823990
8.1200523,-0.343568,6.538565,6.805518,9.443831,43.893394,93.007835
8.1300564,0.323217,6.489484,6.570887,9.240911,44.678383,87.148666
8.1401415,0.920571,7.360973,6.578069,9.914756,48.435513,82.871544
8.1505203,-0.017957,7.267599,6.460753,9.724179,48.363621,90.141563
8.1608152,-0.823605,6.689400,5.957971,8.995767,48.523842,97.018990
8.1707706,-1.104924,6.716933,5.519832,8.763937,50.962067,99.341400
8.1803703,-1.533486,6.133945,5.500679,8.380592,48.977211,104.036247
8.1901741,-1.294066,5.963956,5.791574,8.413424,46.498547,102.242332
8.2002916,-0.841562,6.171055,6.416461,8.942098,44.146889,97.765663
8.2103977,-0.387861,6.355408,6.564901,9.145468,44.124302,93.492340
8.2201004,-0.362722,6.118382,6.872556,9.208594,41.727417,93.392746
8.2299795,-0.361524,6.121974,6.891710,9.225233,41.664524,93.379593
8.2399483,-0.038307,5.920861,7.012617,9.177955,40.175510,90.370689
8.2499857,0.203507,5.874174,6.992266,9.134501,40.050404,88.015816
8.2601280,0.764947,6.124368,6.342240,8.849691,44.220406,82.880501
8.2699785,0.890643,6.805518,7.533356,10.191161,42.336277,82.544037
8.2799425,1.279701,8.283937,8.421604,11.882115,44.865635,81.218376
8.2900896,0.798466,8.753201,7.753622,11.720697,48.583149,84.787910
8.3001661,0.317232,8.221688,6.272809,10.346251,52.678417,87.790352
8.3100719,0.147243,7.333440,5.586870,9.220311,52.704159,88.849747
8.3199978,0.150835,6.952762,5.953183,9.154454,49.435436,88.757210
8.3300142,-0.015562,6.843825,6.311116,9.309585,47.319000,90.130287
8.3400106,-0.093374,6.760028,6.479907,9.364609,46.214771,90.791359
8.3500166,-0.396240,6.610391,6.518214,9.292006,45.453640,93.430321
8.3600674,-0.665588,6.461950,6.520608,9.204246,44.892284,95.880791
8.3705673,-0.612916,6.530185,6.491878,9.228405,45.294174,95.362007
8.3803110,-0.065841,7.092823,6.634333,9.712201,46.914211,90.531845
8.3902254,0.319626,7.775170,6.621165,10.217400,49.606884,87.645981
8.4006433,0.399832,7.783550,6.725313,10.294335,49.208958,87.059372
8.4104376,0.652420,7.569269,6.928820,10.282413,47.634975,85.073662
8.4202738,0.731429,7.305906,7.044939,10.175580,46.184547,84.282898
8.4303093,0.721852,7.390901,7.206547,10.347985,45.859493,84.421745
8.4404583,0.439336,7.181408,7.053318,10.075461,45.569050,86.499184
8.4505968,0.754174,7.198167,7.243657,10.239774,44.975910,84.018768
8.4603863,0.357933,7.145495,7.105990,10.083715,45.194717,87.132332
8.4701424,0.113725,6.861782,7.249643,9.982700,43.429516,89.050491
8.4800711,0.070629,6.609194,6.924031,9.572285,43.668945,89.387733
8.4901476,0.164003,6.619968,6.550536,9.314526,45.310837,88.580849
8.5002003,0.232238,6.752846,6.475119,9.358527,46.219692,88.030312
8.5103226,0.281319,6.920440,6.464345,9.474143,46.975231,87.672188
8.5206470,0.492008,7.205350,6.507440,9.721416,47.979828,86.093689
8.5303345,0.720655,7.504625,6.615179,10.029922,48.734859,84.514816
8.5402222,0.949301,7.496245,6.630742,10.052939,48.731968,82.782661
8.5501556,0.870292,7.237672,7.094019,10.171844,45.779850,83.143402
8.5605574,0.494403,6.734890,7.181408,9.857779,43.239067,85.801498
8.5708590,0.533907,6.854599,6.945579,9.773006,44.708904,85.546204
8.5807400,0.523133,7.025785,6.597223,9.651875,46.880890,85.741669
8.5903196,0.250194,6.970718,6.505046,9.537774,46.997540,87.944412
8.6006384,0.028730,7.065289,6.660669,9.709976,46.688736,89.767014
8.6103706,0.217872,7.231686,6.771999,9.909830,46.893089,88.274345
8.6205673,0.460884,7.241263,6.983886,10.070897,46.094414,86.358215
8.6302719,0.494403,7.007828,6.964733,9.892502,45.247833,85.964470
8.6402578,0.590171,6.983886,6.965930,9.881658,45.175678,85.169716
8.6503487,0.785298,6.970718,6.319495,9.441590,47.984989,83.572350
8.6603508,1.034295,7.248446,6.845023,10.023176,46.927792,81.879173
8.6703472,1.218649,7.352593,7.145495,10.324913,46.206329,80.589119
8.6803141,1.393425,7.234080,7.236475,10.326670,45.512318,79.097244
8.6902905,1.429338,7.202956,7.302315,10.356128,45.160740,78.776161
8.7003336,1.292869,7.022193,7.364564,10.257656,44.113873,79.567993
8.7102690,1.148020,6.912060,7.381324,10.177350,43.508709,80.569862
8.7208490,1.088165,7.000646,7.344213,10.204441,43.969658,81.164772
8.7305174,1.054646,7.253234,7.234080,10.298233,45.375427,81.726967
8.7409191,1.023521,7.426814,6.975507,10.240256,47.063705,82.153252
8.7511015,0.974440,7.384915,6.750452,10.052617,47.816143,82.483238
8.7607641,0.990002,7.219715,6.719327,9.912303,47.321995,82.192017
8.7705536,1.102530,7.292738,6.900089,10.100041,46.907799,81.403023
8.7805424,1.120486,7.423223,7.017405,10.276366,46.931808,81.416382
8.7902708,1.145625,7.459136,7.007828,10.298583,47.119987,81.268349
8.8003531,1.139640,7.389704,6.957550,10.213423,47.061237,81.232918
8.8102121,1.188721,7.322666,7.013814,10.209215,46.606258,80.779350
8.8201361,1.179144,7.332242,7.012617,10.214154,46.641685,80.864120
8.8303576,1.015141,7.176620,6.897695,10.005628,46.418827,81.948860
8.8402348,1.013944,7.126341,6.730101,9.854293,46.924511,81.902237
8.8503199,1.174356,7.107188,6.673837,9.819945,47.185997,80.617508
8.8602324,1.052252,7.101202,6.801927,9.889415,46.543888,81.571281
8.8701344,1.159991,7.149086,6.786365,9.925208,46.862595,80.783669
8.8804340,1.210269,7.102399,6.853402,9.943739,46.431778,80.329521
8.8905859,1.228225,7.078457,6.833052,9.914822,46.435127,80.156273
8.9003191,1.195904,6.985084,6.861782,9.864362,45.923885,80.284683
8.9101839,1.136049,6.924031,6.965930,9.887214,45.207668,80.682312
8.9205217,1.155202,6.933608,6.962338,9.893613,45.273731,80.540886
8.9307232,1.142034,6.962338,7.003040,9.940874,45.213322,80.684715
8.9407358,1.071405,6.834249,7.004237,9.844501,44.643944,81.090256
8.9504070,1.030704,6.809110,6.915652,9.759742,44.879723,81.392410
8.9604406,1.037886,6.819883,6.799533,9.686158,45.413559,81.346817
8.9704390,1.080982,6.898892,7.046135,9.920245,44.742435,81.094780
8.9805355,1.152808,7.072472,7.037756,10.043845,45.516541,80.742241
8.9903021,1.216254,7.143101,7.012617,10.083648,45.937359,80.336929
9.0004797,1.282095,7.059304,7.015011,10.034337,45.645115,79.706268
9.0106411,1.238999,7.095217,6.957550,10.014226,45.991375,80.094627
9.0203838,1.098939,7.127539,6.703765,9.846315,47.090687,81.235039
9.0301380,0.997185,7.220912,6.517017,9.777906,48.202164,82.137367
9.0400772,0.855927,7.260417,6.427235,9.734249,48.679516,83.276459
9.0500984,0.775721,7.284359,6.400898,9.728058,48.853760,83.921402
9.0601025,0.793678,7.297527,6.387730,9.730721,48.970322,83.792915
9.0699968,0.925359,7.319075,6.356606,9.738151,49.250519,82.794258
9.0805111,1.077391,7.341819,6.302736,9.735890,49.656300,81.651596
9.0909348,1.140837,7.416040,6.277597,9.783015,50.082554,81.254532
9.1008711,1.055843,7.410054,6.259640,9.757398,50.094173,81.890633
9.1104012,1.007959,7.400477,6.250063,9.738909,50.076653,82.243935
9.1207237,0.985214,7.418434,6.302736,9.784083,49.895584,82.435036
9.1305170,1.018733,7.469909,6.278794,9.811249,50.211262,82.234016
9.1402521,1.024718,7.483078,6.302736,9.837224,50.155766,82.202522
9.1501999,1.024718,7.441179,6.394913,9.864892,49.590240,82.159164
9.1602020,1.091756,7.471107,6.458359,9.935782,49.457638,81.686188
9.1701450,1.121683,7.477092,6.530185,9.990416,49.183014,81.468338
9.1801634,1.048660,7.366959,6.605602,9.950164,48.404408,81.898575
9.1901817,1.061828,7.329848,6.653487,9.956056,48.065128,81.757263
9.2002869,1.043872,7.260417,6.652289,9.902337,47.794643,81.818321
9.2100897,1.092953,7.254431,6.637924,9.893602,47.861042,81.432251
9.2205563,1.200692,7.417237,6.666655,10.044966,48.418774,80.804802
9.2303381,1.254562,7.511808,6.762423,10.184868,48.396828,80.518433
9.2403107,1.219846,7.526173,6.812701,10.224686,48.217918,80.793533
9.2503223,1.119289,7.466318,6.710948,10.101264,48.366211,81.474174
9.2603121,1.079785,7.387310,6.587646,9.956675,48.575607,81.684105
9.2705317,1.059434,7.357382,6.642713,9.968906,48.214550,81.805954
9.2803516,1.069011,7.315483,6.743269,10.006536,47.632263,81.686218
9.2901564,1.100136,7.298724,6.740875,9.996052,47.596016,81.428337
9.3001232,1.061828,7.260417,6.625953,9.886576,47.917728,81.679535
9.3101177,1.096544,7.297527,6.481104,9.821457,48.708340,81.454529
9.3206997,1.164779,7.375339,6.467936,9.878590,49.099846,81.025467
9.3304367,1.191115,7.399281,6.524199,9.936462,48.959541,80.855141
9.3404570,1.152808,7.363368,6.477513,9.874529,49.005852,81.102005
9.3502598,1.118092,7.362170,6.420052,9.832026,49.233837,81.364479
9.3603449,0.976834,7.287950,6.402095,9.749628,48.955105,82.365906
9.3704519,0.936133,7.262811,6.363788,9.701678,49.008492,82.655411
9.3802528,0.966060,7.285556,6.332664,9.701300,49.249645,82.446678
9.3900843,1.010353,7.364564,6.335058,9.766810,49.561523,82.188293
9.4001741,1.219846,7.546524,6.408081,9.975046,50.028149,80.817940
9.4101887,1.363498,7.266402,7.085640,10.240412,46.216980,79.372368
9.4201765,1.769315,6.806715,8.213309,10.812969,40.572861,75.429184
9.4300404,1.880645,6.937200,7.137115,10.129165,45.201916,74.831924
