Keuwl Accelerometer Data File
2019-06-27 16-09-41

Time (s), X (m/s2), Y (m/s2), Z (m/s2), R (m/s2), Theta (deg), Phi (deg)
0.0000000,1.611298,7.411252,5.837064,9.570488,52.417549,77.734077
0.0091900,1.454478,7.489063,5.856217,9.617528,52.489208,79.009209
0.0191170,1.570596,7.684190,6.438008,10.146995,50.618988,78.448242
0.0291550,1.732205,7.665037,6.552930,10.232019,50.175835,77.265755
0.0391390,1.833959,7.455544,6.490681,10.053729,49.789375,76.180428
0.0491440,1.862689,7.387310,6.382942,9.939009,50.043106,75.848030
0.0593710,1.993173,7.582437,6.370971,10.102244,50.901978,75.272026
0.0692870,1.908179,7.631518,6.351817,10.110726,51.080666,75.961639
0.0792630,1.754950,7.471107,6.303933,9.931609,50.599716,76.780975
0.0893280,1.545457,7.262811,6.175843,9.658049,50.249149,77.987175
0.0992410,1.387440,7.253234,5.978322,9.501301,51.008076,79.170952
0.1093550,1.471237,7.374141,5.871779,9.540456,52.014568,78.716904
0.1192600,1.370680,7.729680,5.698200,9.700320,54.025585,79.944443
0.1292340,1.329979,7.647080,5.765238,9.668746,53.396378,80.133812
0.1392710,1.708263,7.717709,6.163872,10.023698,52.053169,77.519188
0.1495470,2.185906,7.564480,6.851008,10.437234,48.974052,73.882301
0.1594800,2.315193,7.131130,6.779182,10.107940,47.880516,72.013458
0.1696340,2.573767,7.217321,6.550536,10.080849,49.473476,70.373268
0.1800670,2.541445,7.321469,6.514623,10.124384,49.949791,70.856972
0.1894370,2.152387,7.310695,6.470330,9.997210,49.668152,73.594711
0.1994800,1.729811,7.347805,6.366182,9.874754,49.857353,76.752716
0.2093850,1.401805,7.315483,6.293159,9.751164,49.806194,79.152382
0.2197770,1.285686,7.273585,6.332664,9.729371,49.391937,79.975883
0.2296170,1.363498,7.303512,6.405687,9.809855,49.232967,79.425148
0.2392480,1.635240,7.447165,6.475119,10.003071,49.660679,77.615601
0.2492300,1.782483,7.445967,6.531382,10.063728,49.533581,76.537369
0.2594490,1.932121,7.508216,6.525397,10.133470,49.913380,75.568947
0.2693050,1.989582,7.547721,6.500257,10.157749,50.213333,75.232735
0.2799460,1.960851,7.509414,6.438008,10.083858,50.323887,75.365746
0.2896610,1.926135,7.497443,6.399701,10.043796,50.418175,75.591980
0.2995150,1.862689,7.517793,6.391322,10.041704,50.470325,76.084038
0.3096930,1.772906,7.503428,6.380548,10.007797,50.390060,76.705994
0.3195430,1.704672,7.503428,6.343437,9.972288,50.497902,77.200478
0.3297610,1.661576,7.539341,6.233304,9.922528,51.082764,77.571411
0.3394690,1.572991,7.460332,6.104017,9.766774,51.319439,78.093735
0.3492950,1.502362,7.401675,6.060922,9.683835,51.253170,78.526215
0.3595240,1.514333,7.404069,6.101623,9.713045,51.083401,78.440880
0.3700130,1.553837,7.420828,6.151901,9.763657,50.943848,78.173775
0.3798900,1.644817,7.487866,6.094440,9.793659,51.516861,77.610931
0.3898860,1.648408,7.432799,6.063316,9.732808,51.466141,77.495621
0.4000580,1.567005,7.426814,6.157887,9.774080,50.948242,78.085747
0.4095970,1.487996,7.526173,6.220136,9.876615,50.965794,78.816307
0.4200310,1.471237,7.590816,6.151901,9.880836,51.493065,79.031044
0.4296480,1.532289,7.583634,6.110003,9.858577,51.701012,78.577057
0.4393290,1.527501,7.602787,6.131551,9.885927,51.667053,78.639763
0.4492450,1.486799,7.613562,6.205771,9.934208,51.340782,78.950172
0.4592570,1.442507,7.574057,6.375759,10.004872,50.411789,79.216949
0.4696360,1.408988,7.563283,6.539762,10.097375,49.633873,79.447159
0.4804700,1.401805,7.617153,6.556521,10.147613,49.750702,79.572380
0.4900050,1.408988,7.621941,6.416461,10.062316,50.381527,79.526573
0.4994720,1.343147,7.389704,6.143522,9.703331,50.718178,79.698418
0.5097450,1.249773,7.213730,5.884948,9.393212,51.206848,80.171112
0.5195440,1.247379,7.498640,5.813122,9.569636,52.594303,80.555481
0.5296020,1.266533,7.820660,5.911284,9.884842,53.272137,80.800987
0.5404330,1.284489,7.793127,6.056133,9.952864,52.520218,80.640472
0.5496270,1.277307,7.621941,6.165070,9.886029,51.419445,80.486610
0.5597090,1.234211,7.501034,6.202179,9.811005,50.789925,80.656342
0.5697660,1.222240,7.498640,6.232107,9.826629,50.638878,80.742493
0.5800080,1.225831,7.508216,6.212954,9.822259,50.762367,80.727402
0.5896950,1.225831,7.546524,6.160281,9.818439,51.139999,80.773659
0.5992650,1.179144,7.417237,6.149507,9.706813,50.689339,80.967079
0.6096579,1.122881,7.291541,6.106411,9.576831,50.385166,81.245354
0.6201159,1.098939,7.323863,6.076484,9.579681,50.631203,81.466484
0.6293589,1.161188,7.431602,6.137536,9.708059,50.786610,81.119339
0.6393400,1.174356,7.428011,6.189012,9.739524,50.546394,81.015991
0.6493690,1.224634,7.478289,6.228516,9.809126,50.582130,80.699867
0.6599450,1.401805,7.601591,6.251261,9.941202,51.036633,79.551506
0.6709780,1.460463,7.578846,6.299145,9.962483,50.780975,79.092659
0.6794730,1.438915,7.481880,6.362591,9.926307,50.134865,79.113792
0.6893650,1.436521,7.447165,6.339846,9.885216,50.107719,79.082024
0.7004700,1.395820,7.417237,6.319495,9.843766,50.060425,79.342384
0.7095190,1.349133,7.393295,6.353014,9.840820,49.791000,79.658417
0.7193909,1.355118,7.435194,6.373365,9.886265,49.859165,79.670799
0.7297150,1.492785,7.527370,6.400898,9.993058,50.168312,78.782967
0.7395040,1.516727,7.526173,6.384139,9.985038,50.255100,78.605972
0.7495779,1.410185,7.418434,6.321889,9.848252,50.064106,79.236946
0.7596240,1.292869,7.328651,6.314707,9.759927,49.683945,79.995224
0.7698230,1.207875,7.308300,6.373365,9.771898,49.291294,80.615311
0.7802720,1.210269,7.329848,6.434417,9.828181,49.103809,80.624191
0.7898149,1.266533,7.317877,6.415264,9.813819,49.179081,80.180878
0.8002360,1.353921,7.346608,6.380548,9.824313,49.498722,79.558006
0.8095360,1.399411,7.374141,6.374562,9.847404,49.659077,79.254601
0.8194560,1.376666,7.292738,6.447585,9.831103,49.016979,79.309944
0.8294820,1.356315,7.284359,6.517017,9.867775,48.666996,79.452560
0.8403720,1.414973,7.404069,6.525397,9.970115,49.118580,79.180801
0.8506860,1.483208,7.517793,6.460753,10.022897,49.864349,78.839279
0.8593420,1.492785,7.485472,6.420052,9.973854,49.932606,78.721786
0.8693860,1.450886,7.406463,6.414066,9.904595,49.640240,78.916420
0.8794929,1.328782,7.314286,6.412869,9.817807,49.217636,79.703407
0.8898860,1.210269,7.273585,6.417658,9.775281,48.965073,80.552971
0.8995980,1.136049,7.260417,6.451177,9.778646,48.721413,81.106949
0.9095730,1.107318,7.188591,6.465542,9.731661,48.365055,81.243080
0.9196960,1.188721,7.283162,6.451177,9.801795,48.840096,80.730209
0.9295440,1.307234,7.386112,6.410475,9.867002,49.481895,79.963417
0.9394860,1.351527,7.399281,6.341043,9.837927,49.868000,79.648666
0.9494240,1.335965,7.382521,6.285976,9.787744,50.041740,79.742584
0.9598350,1.286883,7.388506,6.266823,9.773391,50.117687,80.119698
0.9694210,1.231817,7.447165,6.301539,9.832956,50.144093,80.607887
0.9793410,1.109712,7.431602,6.320693,9.818927,49.929821,81.507149
0.9895790,0.990002,7.335834,6.428432,9.804045,49.027874,82.314125
1.0000700,0.816423,7.089231,6.063316,9.364162,49.646458,83.430542
1.0094500,0.660800,6.982689,6.658275,9.670948,46.489922,84.593971
1.0196459,0.333991,7.333440,6.263232,9.649817,49.529842,87.392349
1.0293820,0.231040,7.173028,6.047753,9.385150,49.879593,88.155167
1.0398160,0.627281,7.615956,5.918467,9.665636,52.242527,85.291519
1.0492899,1.564611,8.481460,5.188235,10.064837,58.970367,79.547913
1.0598080,2.124854,9.774328,5.687426,11.506491,60.377728,77.735229
1.0696009,3.281253,8.995016,4.893748,10.752940,62.928120,69.958755
1.0802649,3.276465,5.669470,0.924162,6.613031,81.966698,59.975788
1.0896039,-0.525527,3.104083,4.412514,5.420497,35.507225,99.609169
1.1005090,-1.958457,4.072537,0.717063,4.575510,80.983566,115.682602
1.1094830,-2.959233,5.098453,5.804742,8.273228,45.442104,120.131645
1.1193250,-3.730166,8.402451,3.890578,9.982580,67.061882,113.938248
1.1295929,-0.361524,10.717644,1.286883,10.800678,83.157043,91.931953
1.1400529,7.739257,11.079168,5.007473,14.412455,69.669144,55.064110
1.1494720,12.829329,10.579977,7.322666,18.170004,66.233612,39.511417
1.1597469,12.969391,9.937134,6.443994,17.563507,68.475639,37.459297
1.1694919,11.020511,9.739613,5.385756,15.662633,69.887764,41.469330
1.1796401,8.918402,9.678560,5.893328,14.420254,65.877808,47.340687
1.1907160,4.970363,9.378088,6.040571,12.212352,60.354778,62.076527
1.1997130,4.970363,8.536526,6.161478,11.642190,58.046082,59.790043
1.2095139,1.444901,6.252458,5.408502,8.392428,49.875538,76.987755
1.2198460,0.514753,6.092046,5.407305,8.161921,48.508881,85.170212
1.2293789,1.643619,6.302736,5.238513,8.358707,51.191948,75.384003
1.2408000,2.457648,6.245275,5.365406,8.592502,51.359718,68.519310
1.2493119,2.985569,6.479907,4.888960,8.648973,55.579323,65.262459
1.2594690,2.584541,7.089231,4.906917,9.000827,56.964207,69.969521
1.2696120,3.193865,7.559692,5.159505,9.693823,57.842621,67.096619
1.2800109,3.875015,7.893683,4.911705,10.072280,60.814037,63.853539
1.2901540,4.146757,8.446744,5.324705,10.811825,60.495693,63.852211
1.3003970,4.442441,8.793902,5.783194,11.424243,59.587547,63.198330
1.3095200,4.661511,9.041702,5.458780,11.544710,61.781311,62.726326
1.3195010,5.837064,9.038112,4.712986,11.746106,66.344398,57.144501
1.3292930,5.268441,9.045294,5.105635,11.646515,63.999237,59.781296
1.3395751,4.705803,8.949526,4.902128,11.236968,64.135139,62.263889
1.3500890,4.707001,8.422802,4.653131,10.712193,64.254333,60.801785
1.3596150,4.685453,7.885303,4.554969,10.241055,63.591034,59.281189
1.3704180,4.447230,7.393295,4.378995,9.675447,63.090126,58.972164
1.3792660,4.600459,7.162254,3.885789,9.357429,65.464149,57.286560
1.3894880,5.300763,6.616376,4.601655,9.646230,61.507622,51.299759
1.3995140,4.718972,6.171055,5.310339,9.410118,55.644756,52.595055
1.4093050,4.979939,5.859808,4.904522,9.120937,57.471344,49.640560
1.4197910,4.572925,5.043386,4.993108,8.442660,53.742584,47.800861
1.4293640,4.072537,4.583699,5.210980,8.046749,49.639992,48.379467
1.4397230,3.168726,4.394557,5.759252,7.907082,43.250389,54.206249
1.4494140,2.639607,3.830723,6.145916,7.708064,37.123550,55.430733
1.4594870,2.073379,4.132392,6.473921,7.955326,35.532642,63.355335
1.4693390,2.038663,4.484340,6.530185,8.179778,37.028809,65.552589
1.4793780,2.466028,4.879383,6.347029,8.377019,40.740646,63.188084
1.4897170,2.948459,5.482722,6.069301,8.694255,45.726692,61.729839
1.5002500,3.447650,5.853823,5.816713,8.943583,49.429867,59.503742
1.5094531,3.616442,5.923255,5.591658,8.912364,51.141106,58.593857
1.5197140,3.469198,5.784391,5.413290,8.648597,51.250591,59.046707
1.5293330,3.222595,5.521029,5.386954,8.359794,49.880165,59.728115
1.5401570,3.141193,5.243302,5.414487,8.165536,48.464016,59.074734
1.5500469,3.184288,5.086482,5.554548,8.177101,47.212532,57.952213
1.5597240,3.582923,4.921282,5.412093,8.145373,48.360798,53.943634
1.5696380,3.840300,5.080496,5.343858,8.313613,50.000259,52.914703
1.5794319,2.661155,5.452795,5.146337,7.956098,49.696095,63.986000
1.5900450,2.263718,6.455965,4.746505,8.326656,55.247173,70.677307
1.6004610,3.201048,8.593987,4.738125,10.322458,62.676670,69.570885
1.6095719,3.576937,11.795034,4.683059,13.185157,69.195732,73.129662
1.6199970,3.168726,14.121001,2.792836,14.739180,79.077339,77.352448
1.6293579,1.957260,15.058331,-0.254982,15.187140,90.962006,82.594299
1.6402979,-0.356736,14.835670,-2.771288,15.096503,100.577866,91.377457
1.6494159,-2.561796,14.071920,-3.410540,14.704201,103.411507,100.317711
1.6600490,-4.626795,12.826936,-2.433706,13.851370,100.119484,109.834846
1.6698409,-5.527015,10.906786,-1.108515,12.277406,95.180237,116.873619
1.6800139,-3.962404,8.927979,-0.232238,9.770536,91.362000,113.932541
1.6900209,-1.592144,7.933187,0.499191,8.106761,86.469658,101.348167
1.7001799,0.533907,7.716512,0.863110,7.782967,83.632957,86.042000
1.7100149,2.147599,7.997831,0.974440,8.338285,83.288887,74.969345
1.7194730,3.254917,8.634688,0.974440,9.279109,83.972000,69.345650
1.7293229,4.132392,9.390059,1.274912,10.338050,82.916115,66.246590
1.7400320,5.692214,10.182540,1.538275,11.766550,82.488060,60.794060
1.7501770,6.839037,10.062830,2.003947,12.330806,80.647064,55.798656
1.7595580,7.677008,9.622296,2.530671,12.566994,78.382660,51.415897
1.7692729,8.060080,9.153033,3.043030,12.569921,75.990173,48.633141
1.7808490,7.867347,8.780735,3.327940,12.250374,74.236908,48.140354
1.7895310,7.443573,8.628703,3.450045,11.906473,73.156288,49.217216
1.7993590,7.076063,8.696938,3.485958,11.741350,72.728745,50.867268
1.8101120,6.888118,8.898050,3.479972,11.778441,72.815315,52.255993
1.8194140,6.734890,9.123106,3.400964,11.838765,73.305206,53.564392
1.8293380,6.561310,9.253590,3.245340,11.798811,74.034615,54.661240
1.8403651,6.185420,9.249998,2.971204,11.517375,75.050011,56.229584
1.8494159,5.726931,9.224859,2.685097,11.185058,76.109856,58.167370
1.8594620,5.307945,9.230844,2.475605,10.932126,76.911713,60.100121
1.8693399,5.044583,9.344569,2.309207,10.867439,77.731766,61.638000
1.8801359,4.681861,9.533711,2.233790,10.853631,78.123055,63.845043
1.8897220,4.412514,9.728839,2.144008,10.895749,78.651588,65.603340
1.9008020,4.267664,9.812635,2.043451,10.893872,79.188522,66.495049
1.9102659,4.106056,9.742006,1.868674,10.735843,79.976074,67.145576
1.9195069,3.931279,9.581595,1.906982,10.530836,79.567009,67.691910
1.9292721,3.714604,9.478644,1.816002,10.341221,79.885956,68.600189
1.9402319,3.503914,9.508572,1.776498,10.288162,80.056679,69.771126
1.9499750,3.355474,9.645041,1.708263,10.353946,80.503540,70.817406
1.9601129,3.411737,9.779117,1.614889,10.482315,81.137810,70.767143
1.9694470,3.495534,9.797073,1.622072,10.527702,81.136757,70.363922
1.9802699,3.660734,9.673772,1.673547,10.477767,80.809143,69.272430
1.9902428,3.779247,9.412804,1.849521,10.310398,79.666115,68.124504
2.0001049,3.778050,9.075222,2.135628,10.059534,77.742889,67.397850
2.0098951,3.754108,8.795100,2.457648,9.873558,75.586853,66.885231
2.0195880,3.755305,8.593987,2.705448,9.761065,73.908791,66.396172
2.0294609,3.694253,8.494628,2.777274,9.670547,73.310265,66.496124
2.0401399,3.685874,8.428787,2.724602,9.594456,73.502312,66.380440
2.0493290,3.725378,8.456321,2.636016,9.609182,74.078346,66.224419
2.0603600,3.728969,8.516175,2.647987,9.666554,74.101570,66.352882
2.0696640,3.642778,8.590396,2.744952,9.726227,73.607155,67.020508
2.0794339,3.472790,8.682572,2.817975,9.766694,73.230087,68.199951
2.0901809,3.326743,8.795100,2.758120,9.799400,73.652756,69.280891
2.1013279,3.178303,8.881291,2.638410,9.794905,74.373482,70.309494
2.1099789,3.130419,8.999804,2.517503,9.855650,75.200485,70.820694
2.1194909,3.086126,9.075222,2.498349,9.905836,75.391685,71.218849
2.1298261,3.056198,9.130288,2.558204,9.962275,75.120369,71.492966
2.1392899,3.053804,9.071630,2.715025,9.949450,74.164177,71.395103
2.1501670,2.964022,8.929175,2.784456,9.811666,73.513443,71.636520
2.1593850,2.764106,8.840590,2.750938,9.662503,73.458939,72.637581
2.1695161,2.455254,8.829816,2.675520,9.547373,73.725693,74.460663
2.1801651,2.118869,8.914810,2.552219,9.511953,74.435860,76.630043
2.1903629,1.988384,9.060856,2.422932,9.587668,75.361862,77.622765
2.1997449,2.047042,9.184157,2.515109,9.739861,75.035034,77.434822
2.2099609,2.155979,9.279925,2.779668,9.924304,73.734604,76.920662
2.2195940,2.206257,9.288305,2.898181,9.976955,73.112854,76.638123
2.2294068,2.130840,9.188946,2.823961,9.846418,73.333473,76.944344
2.2398877,1.944092,9.138668,2.869451,9.773868,72.927353,77.990356
2.2497878,1.678335,9.199720,2.956839,9.807883,72.453735,79.661041
2.2595708,1.678335,9.199720,3.002329,9.821692,72.200714,79.661041
2.2693801,1.789666,9.248801,2.987964,9.882872,72.401939,79.048477
2.2801468,1.916559,9.238028,2.894590,9.868790,72.943924,78.279457
2.2893109,2.000355,9.202114,2.853889,9.839970,73.140236,77.735847
2.3001459,2.051831,9.218874,2.882619,9.874571,73.026855,77.452286
2.3096519,2.104503,9.306262,2.947262,9.986080,72.834244,77.257545
2.3199470,2.173935,9.418790,2.970007,10.112395,72.920418,77.003258
2.3294230,2.239776,9.540894,2.953248,10.235571,73.230156,76.788734
2.3397329,2.232593,9.525331,2.941277,10.216043,73.267265,76.808853
2.3503261,2.239776,9.406818,2.949656,10.109664,73.036285,76.607170
2.3595750,2.121263,9.222465,2.967613,9.917678,72.588966,77.046669
2.3693380,1.911770,9.056067,2.959233,9.717216,72.269806,78.079666
2.3795340,1.707066,8.991425,2.843115,9.583480,72.742401,79.250061
2.3894880,1.581370,9.063251,2.632425,9.569373,74.032707,80.102577
2.3997939,1.527501,9.242816,2.480393,9.690989,75.170212,80.615913
2.4093659,1.489193,9.449914,2.269703,9.832096,76.653099,81.044518
2.4196420,1.440112,9.633071,2.066196,9.956864,78.023254,81.497437
2.4293838,1.370680,9.732430,1.872266,10.005215,79.214714,81.983391
2.4395399,1.298854,9.791088,1.674744,10.017844,80.376328,82.443443
2.4493098,1.272518,9.841366,1.533486,10.041083,81.215340,82.632362
2.4594340,1.254562,9.831789,1.460463,10.018531,81.617775,82.728210
2.4695108,1.270124,9.761160,1.459266,9.951026,81.567467,82.586319
2.4796531,1.264138,9.640253,1.462857,9.832216,81.443649,82.529358
2.4894729,1.250970,9.496601,1.514333,9.697606,81.016197,82.495735
2.4994519,1.227028,9.419987,1.590947,9.631867,80.492577,82.578552
2.5094719,1.261744,9.463082,1.711854,9.699091,79.834251,82.405357
2.5197067,1.443704,9.570822,1.786075,9.842508,79.544876,81.421928
2.5295768,1.648408,9.653421,1.843535,9.965160,79.338982,80.309700
2.5395451,1.821988,9.704897,1.874660,10.050822,79.250351,79.367119
2.5502770,1.909376,9.664195,1.924938,10.037319,78.943428,78.823883
2.5594890,1.952471,9.606734,1.982399,10.001570,78.567764,78.511688
2.5692859,1.993173,9.501390,2.025495,9.917247,78.215012,78.152458
2.5795891,2.030283,9.385271,2.038663,9.816389,78.013603,77.793495
2.5894668,2.035071,9.270349,2.039860,9.707827,77.870308,77.618553
2.6010399,2.023100,9.215282,2.008735,9.646211,77.980721,77.617859
2.6095779,2.032677,9.208099,2.038663,9.647643,77.800751,77.551666
2.6194839,2.041057,9.209297,1.995567,9.641543,78.054810,77.503532
2.6293387,2.049437,9.248801,1.991976,9.680314,78.125076,77.505745
2.6395240,2.054225,9.314642,2.000355,9.745964,78.155891,77.563225
2.6514628,2.066196,9.398438,2.021903,9.833000,78.133957,77.601074
2.6597970,2.080561,9.491813,2.025495,9.926020,78.225578,77.636566
2.6694331,2.136825,9.543288,1.997961,9.981594,78.453415,77.379143
2.6797669,2.218228,9.605537,1.976413,10.054506,78.663551,76.996521
2.6898558,2.300828,9.661801,1.977611,10.126952,78.738808,76.605263
2.6993730,2.384625,9.716867,2.006341,10.204379,78.660881,76.211494
2.7093251,2.454057,9.753978,2.039860,10.262724,78.535309,75.877754
2.7203918,2.516306,9.765948,2.086547,10.298506,78.310562,75.551376
2.7294378,2.549825,9.739613,2.120066,10.288651,78.108521,75.329254
2.7405188,2.572570,9.677363,2.153584,10.242431,77.862350,75.113152
2.7495489,2.557007,9.641450,2.176329,10.209420,77.691887,75.146538
2.7602658,2.543839,9.625888,2.234987,10.204117,77.348053,75.196831
2.7692621,2.553416,9.623494,2.234987,10.204251,77.348221,75.140030
2.7795451,2.561796,9.649830,2.138022,10.210443,77.913063,75.132309
2.7901430,2.571373,9.704897,2.074576,10.251870,78.324959,75.160118
2.7994509,2.546233,9.731233,1.988384,10.253481,78.818192,75.336960
2.8092289,2.515109,9.762358,1.867477,10.252652,79.505226,75.552872
2.8192990,2.460042,9.791088,1.750161,10.245989,80.164833,75.896194
2.8296559,2.389413,9.789890,1.643619,10.210423,80.736526,76.284004
2.8395751,2.292448,9.750386,1.570596,10.138645,81.088318,76.769287
2.8494661,2.244564,9.662998,1.533486,10.038087,81.212700,76.922981
2.8595529,2.220622,9.558850,1.485602,9.925210,81.391640,76.921562
2.8693140,2.242170,9.473856,1.454478,9.843616,81.502953,76.684853
2.8792791,2.263718,9.458294,1.461660,9.834642,81.452827,76.540199
2.8899539,2.296039,9.466674,1.484405,9.853586,81.335625,76.366783
2.8999448,2.318784,9.514558,1.521515,9.910529,81.168732,76.303497
2.9093890,2.290054,9.530120,1.526304,9.919534,81.148819,76.488205
2.9194999,2.260126,9.520543,1.493982,9.898530,81.319191,76.645493
2.9299078,2.258929,9.513360,1.484405,9.889906,81.367683,76.642593
2.9395258,2.280477,9.475053,1.470040,9.855872,81.422112,76.467308
2.9493129,2.308010,9.409213,1.425747,9.792495,81.628212,76.217888
2.9593017,2.305616,9.299079,1.395820,9.681789,81.710808,76.074883
2.9693518,2.299631,9.226056,1.401805,9.611112,81.613350,76.003998
2.9795268,2.268506,9.203311,1.444901,9.588264,81.332809,76.153297
2.9894300,2.245761,9.249998,1.447295,9.628114,81.354546,76.353485
2.9993138,2.243367,9.311050,1.363498,9.674062,81.897545,76.453568
3.0092800,2.230199,9.327810,1.262941,9.673512,82.498238,76.553505
3.0195179,2.205060,9.300277,1.126472,9.624260,83.278404,76.661690
3.0294549,2.171541,9.245210,1.046266,9.554275,83.713066,76.781815
3.0395420,2.098518,9.191340,0.987608,9.479445,84.019836,77.138977
3.0498087,2.078167,9.161413,0.907402,9.437883,84.482796,77.219360
3.0592718,2.281674,9.135077,0.841562,9.453248,84.892563,75.976120
3.0691898,2.663549,9.099164,0.852336,9.519231,84.862953,73.683945
3.0792267,3.004723,9.046491,1.041478,9.589162,83.764816,71.626488
3.0893519,3.210624,9.014170,1.231817,9.647836,82.664566,70.395355
3.0994570,3.345897,8.999804,1.340753,9.694799,82.050735,69.606155
3.1099520,3.435679,8.969876,1.413776,9.708828,81.626953,69.041954
3.1193500,3.645172,9.011775,1.525106,9.839986,81.083740,67.977165
3.1293130,3.897760,9.021352,1.646014,9.964271,80.491638,66.632782
3.1392410,4.153940,8.963891,1.770512,10.036995,79.839943,65.136612
3.1513541,4.361038,8.884883,1.881842,10.074777,79.234634,63.856441
3.1594019,4.432865,8.786720,1.985990,10.039966,78.591164,63.229240
3.1693597,4.387374,8.693346,2.068590,9.955018,78.006912,63.220749
3.1794848,4.334702,8.631097,2.116474,9.887615,77.640022,63.333321
3.1894870,4.288015,8.608353,2.138022,9.852002,77.466293,63.521065
3.1993709,4.244920,8.645462,2.112883,9.860407,77.626740,63.848972
3.2099040,4.192247,8.731653,2.001553,9.890547,78.324402,64.353378
3.2193069,4.098873,8.869320,1.800440,9.935148,79.559219,65.196419
3.2293019,3.952827,9.028535,1.516727,9.971948,81.251396,66.355476
3.2393680,3.773262,9.154230,1.179144,9.971350,83.208694,67.599144
3.2495518,3.627216,9.194932,0.877475,9.923378,84.926994,68.471764
3.2593279,3.567361,9.143456,0.640449,9.835600,86.266518,68.686531
3.2696199,3.602077,8.948329,0.614113,9.665645,86.357224,68.073151
3.2793148,3.699042,8.645462,0.798466,9.437397,85.146599,66.835892
3.2897949,3.722984,8.269572,1.055843,9.130238,83.359322,65.762596
3.2993798,3.622427,7.882909,1.240196,8.763579,81.864357,65.319832
3.3098979,3.077746,7.414843,1.156399,8.111083,81.803398,67.457680
3.3196490,2.892196,7.369353,1.004368,7.980032,82.769569,68.571846
3.3300099,2.827552,7.346608,0.840365,7.916686,83.906509,68.949348
3.3410230,2.889802,7.297527,0.715866,7.881454,84.788689,68.396561
3.3504150,3.032256,7.152678,0.689530,7.799412,84.927979,67.026306
3.3599670,3.167529,6.903681,0.848745,7.642932,83.624176,65.353523
3.3698099,3.219004,6.641516,1.009156,7.449169,82.214066,64.141495
3.3793588,3.150769,6.429629,1.158794,7.253294,80.806976,63.893341
3.3893371,2.932897,6.281188,1.289278,7.051060,79.464264,64.970551
3.3994370,2.597709,6.244078,1.272518,6.881563,79.343704,67.411339
3.4098060,2.341529,6.293159,1.143231,6.811284,80.337524,69.591003
3.4194968,2.231396,6.441600,1.016339,6.892480,81.520462,70.893707
3.4298649,2.258929,6.634333,0.867898,7.061897,82.940575,71.196762
3.4395139,2.383428,6.870162,0.729034,7.308307,84.274979,70.867081
3.4496870,2.511518,7.055712,0.568623,7.510934,85.658211,70.406548
3.4593389,2.500744,7.151481,0.384269,7.585846,87.096375,70.726189
3.4698949,2.280477,7.206547,0.193930,7.561250,88.530319,72.440277
3.4796309,1.960851,7.309498,0.113725,7.568793,89.139069,74.983345
3.4894819,1.648408,7.382521,0.009577,7.564321,89.927460,77.413162
3.4995258,1.343147,7.363368,0.014365,7.484880,89.890038,79.662369
3.5098827,1.077391,7.315483,0.033519,7.394470,89.740280,81.621964
3.5199158,0.818817,7.202956,0.076614,7.249752,89.394493,83.514572
3.5304549,0.569820,7.022193,0.111330,7.046154,89.094681,85.360863
3.5395787,0.271742,6.936002,0.073023,6.941708,89.397270,87.756386
3.5494347,-0.069432,7.054515,0.019154,7.054883,89.844444,90.563896
3.5610878,-0.343568,7.534553,0.005986,7.542384,89.954529,92.610825
3.5701659,-0.390255,8.178593,-0.010774,8.187905,90.075394,92.731888
3.5795119,-0.195127,8.846576,0.034716,8.848796,89.775215,91.263557
3.5896659,0.195127,9.449914,0.028730,9.451972,89.825844,88.817093
3.5993137,0.635661,9.889250,0.031125,9.909707,89.820045,86.322205
3.6101260,0.890643,10.140641,0.043096,10.179770,89.757439,84.980644
3.6195781,0.889446,10.292673,-0.010774,10.331038,90.059753,85.061028
3.6294959,0.557849,10.241198,-0.105345,10.256921,90.588470,86.882118
3.6397388,-0.217872,10.040085,0.136469,10.043376,89.221443,91.243141
3.6494808,-1.041478,9.619903,0.513556,9.689734,86.961899,96.178940
3.6593840,-1.696292,9.024943,0.565032,9.200340,86.479012,100.644890
3.6715899,-2.129642,8.429984,0.290895,8.699691,88.083817,104.177826
3.6811597,-2.305616,8.069656,0.071826,8.392877,89.509659,105.945396
3.6906250,-2.054225,7.937976,-0.272939,8.204011,91.906525,104.508965
3.6995180,-1.636437,7.946355,-0.603339,8.135509,94.253029,101.636559
3.7096150,-1.277307,8.246828,-0.487220,8.359370,93.341339,98.804276
3.7194870,-0.973243,8.669404,-0.440533,8.734978,92.890839,96.405312
3.7295449,-0.808043,9.046491,-0.618901,9.103569,93.898232,95.104179
3.7394669,-0.657208,9.403227,-0.909797,9.469970,95.513008,93.998001
3.7499011,-0.487220,9.683349,-1.136049,9.761928,96.682968,92.880424
3.7600780,-0.276530,9.817424,-1.171962,9.890995,96.804832,91.613441
3.7699149,-0.092177,9.774328,-1.095347,9.835943,96.393814,90.540314
3.7796538,-0.037110,9.646238,-1.017536,9.699828,96.021545,90.220421
3.7894158,-0.237026,9.418790,-0.854730,9.460463,95.183601,91.441559
3.7995379,-0.582988,9.372103,-0.616507,9.410434,93.756317,93.559479
3.8108759,-0.883460,9.591172,-0.405817,9.640321,92.412628,95.262772
3.8208129,-0.752976,10.488997,-0.298078,10.520213,91.623627,94.106064
3.8295810,-0.752976,10.488997,-0.298078,10.520213,91.623627,94.106064
3.8434379,0.032322,10.945093,-0.551863,10.959044,92.886459,89.830803
3.8601530,0.178368,10.121488,-0.301669,10.127553,91.706924,88.990395
3.8708401,-0.314838,9.580399,0.080206,9.585906,89.520599,91.882217
3.8795409,-0.843956,9.099164,0.021548,9.138245,89.864899,95.299080
3.8893409,-1.240196,8.862138,-0.189142,8.950494,91.210869,97.966423
3.8995938,-1.626860,8.814254,-0.428562,8.973372,92.737450,100.457481
3.9104209,-1.723825,9.009381,-0.846350,9.211777,95.271599,100.831871
3.9197369,-1.667562,9.301474,-1.292869,9.537803,97.790543,100.163971
3.9300029,-1.528698,9.648633,-1.380257,9.866010,98.042076,99.002922
3.9394448,-1.295263,10.146626,-1.407791,10.325386,97.836266,97.274719
3.9502189,-0.972046,10.583569,-1.511938,10.735118,98.096481,95.247597
3.9593508,-0.616507,10.834960,-1.804031,11.001408,99.438095,93.256607
3.9703228,-0.379481,10.923545,-1.981202,11.108240,100.273911,91.989639
3.9804568,-0.217872,10.911574,-1.968034,11.089773,100.222069,91.143875
3.9899898,-0.118513,10.863690,-1.735796,11.002127,99.077431,90.625023
3.9996278,0.059855,10.723629,-1.592144,10.841343,98.444923,89.680199
4.0097437,0.248997,10.581175,-1.578976,10.701235,98.485016,88.651962
4.0193267,0.311246,10.627861,-1.327585,10.714979,97.117233,88.322525
4.0298529,0.258574,10.803835,-1.112107,10.863999,95.875443,88.628975
4.0401039,0.155623,11.013328,-1.218649,11.081638,96.313591,89.190437
4.0502458,0.026336,11.252748,-1.278504,11.325175,96.481964,89.865906
4.0595350,-0.198719,11.338940,-1.426944,11.430100,97.171570,91.004028
4.0697432,-0.493206,11.305421,-1.517924,11.417525,97.639915,92.497978
4.0800371,-0.701501,11.156980,-1.517924,11.281595,97.732521,93.597763
4.0900898,-0.818817,11.066000,-1.516727,11.199432,97.783424,94.231827
4.0997076,-0.967257,11.024101,-1.426944,11.158072,97.347359,95.014305
4.1102800,-1.115698,11.004948,-1.453280,11.156419,97.484848,95.788956
4.1195321,-1.219846,11.013328,-1.544260,11.187768,97.933929,96.320366
4.1299558,-1.279701,11.111490,-1.539472,11.290386,97.836830,96.569763
4.1403580,-1.267730,11.261127,-1.509544,11.432359,97.587570,96.423073
4.1504607,-1.236605,11.390414,-1.663970,11.577544,98.263390,96.196075
4.1599116,-1.132457,11.469423,-1.946486,11.688410,99.586205,95.638939
4.1695409,-1.094150,11.462240,-1.892616,11.668852,99.334259,95.452759
4.1793652,-1.069011,11.379641,-1.768118,11.565693,98.793640,95.366653
4.1893539,-1.012747,11.267113,-1.764527,11.449325,98.865540,95.136246
4.1995459,-0.954089,11.197681,-1.794454,11.380616,99.072052,94.870079
4.2096376,-0.903811,11.154586,-1.880645,11.348061,99.539291,94.632324
4.2193952,-0.966060,11.093534,-1.848324,11.287872,99.424294,94.976944
4.2294488,-1.029507,10.930728,-1.735796,11.115470,98.984100,95.380508
4.2400327,-1.021127,10.783484,-1.654393,10.957338,98.684013,95.409416
4.2513208,-0.984017,10.704475,-1.564611,10.862877,98.281273,95.252197
4.2593818,-0.897826,10.654198,-1.540669,10.802392,98.199654,94.816917
4.2701416,-0.821211,10.614694,-1.567005,10.761116,98.373032,94.423904
4.2794590,-0.826000,10.624270,-1.596933,10.775323,98.522789,94.445602
4.2896276,-0.890643,10.675745,-1.642422,10.838004,98.716347,94.768959
4.2997317,-1.016339,10.764331,-1.616086,10.932314,98.500992,95.393723
4.3098478,-1.192312,10.858902,-1.681927,11.052884,98.752754,96.265999
4.3198910,-1.312023,10.955867,-1.799243,11.179879,99.261215,96.828949
4.3294897,-1.367089,10.992977,-1.865083,11.233566,99.556938,97.088921
4.3393888,-1.401805,11.001357,-1.768118,11.230368,99.058380,97.261559
4.3497138,-1.416170,11.012131,-1.732205,11.237130,98.867508,97.328072
4.3604460,-1.431733,11.014524,-1.859098,11.261699,99.501968,97.406113
4.3701100,-1.426944,11.039664,-1.859098,11.285681,99.481590,97.364998
4.3796258,-1.333570,10.870872,-1.889025,11.114077,99.785896,96.993744
4.3901386,-1.192312,10.746374,-1.966837,10.989750,100.309776,96.331085
4.3993497,-1.120486,10.617087,-1.945289,10.851829,100.326607,96.024475
4.4099398,-1.043872,10.498574,-2.003947,10.738973,100.754723,95.678253
4.4202600,-0.903811,10.449493,-2.008735,10.679130,100.841873,94.943398
4.4300737,-0.731429,10.490194,-1.831564,10.673977,99.880371,93.988495
4.4395428,-0.638055,10.516531,-1.717840,10.674994,99.260406,93.471970
4.4502559,-0.635661,10.559627,-1.508347,10.685733,98.114700,93.444893
4.4594970,-0.647632,10.511743,-1.709460,10.669509,99.219620,93.525551
4.4694281,-0.711078,10.432734,-1.634043,10.583839,98.881439,93.899155
4.4793811,-0.811634,10.402806,-1.708263,10.573329,99.297653,94.461220
4.4897141,-0.884658,10.405201,-1.762132,10.590369,99.577995,94.859642
4.5000949,-0.877475,10.465055,-1.649605,10.630548,98.927002,94.792931
4.5101900,-0.788889,10.473435,-1.671153,10.635222,99.040573,94.307549
4.5194259,-0.657208,10.487801,-1.750161,10.653119,99.455772,93.585701
4.5300789,-0.596156,10.638636,-1.662773,10.784284,98.869522,93.207321
4.5393801,-0.593762,10.856507,-1.578976,10.986786,98.262924,93.130493
4.5501289,-0.640449,11.110293,-1.537078,11.234385,97.863815,93.299141
4.5593262,-0.672771,11.371261,-1.784877,11.530134,98.905258,93.385910
4.5695591,-0.719458,11.609484,-2.080561,11.816364,100.141197,93.546173
4.5795789,-0.948104,11.850101,-1.962048,12.048795,99.371887,94.574379
4.5894890,-1.198298,12.054806,-1.680730,12.230253,97.898811,95.676788
4.5994859,-1.191115,12.042834,-1.569399,12.202935,97.389183,95.648560
4.6095476,-0.981623,12.010512,-1.678335,12.166873,97.928833,94.672417
4.6201630,-0.820014,12.234370,-1.895011,12.407389,98.785309,93.834541
4.6300926,-0.876278,12.658144,-1.991976,12.843848,98.922119,93.960060
4.6394773,-0.970849,13.115437,-1.930924,13.292317,98.352692,94.233505
4.6498137,-0.841562,13.413515,-1.902193,13.573833,98.055763,93.590027
4.6595888,-0.462081,13.503298,-2.059013,13.667191,98.664810,91.959892
4.6703916,-0.070629,13.535620,-2.144008,13.704553,99.000610,90.298965
4.6793442,0.076614,13.625401,-2.187103,13.800031,99.118996,89.677834
4.6895518,0.031125,13.783420,-2.284068,13.971420,99.409035,89.870621
4.7006259,-0.110133,13.989321,-2.371457,14.189328,99.620972,90.451065
4.7097096,-0.252588,14.150929,-2.391808,14.353862,99.592033,91.022598
4.7203021,-0.440533,14.207192,-2.292448,14.397698,99.161812,91.776047
4.7296138,-0.670376,14.050373,-2.367866,14.264261,99.555321,92.731644
4.7396951,-0.966060,13.746309,-2.400187,13.987679,99.880447,94.020012
4.7497430,-1.213860,13.521255,-2.294842,13.768227,99.594650,95.129936
4.7595329,-1.279701,13.482946,-2.134431,13.710699,98.956024,95.421844
4.7703300,-1.152808,13.566744,-2.053028,13.769547,98.574722,94.856934
4.7811251,-0.855927,13.624205,-2.090138,13.810150,98.705048,93.594826
4.7896981,-0.577003,13.600263,-2.043451,13.765019,98.537254,92.429367
4.7995729,-0.483629,13.496115,-1.896208,13.637251,97.992653,92.052299
4.8103228,-0.523133,13.346478,-1.776498,13.474349,97.576103,92.244637
4.8194027,-0.586579,13.193249,-1.666364,13.310997,97.191559,92.545731
4.8298550,-0.585382,13.025655,-1.553837,13.131061,96.795898,92.573181
4.8395019,-0.466869,12.846089,-1.460463,12.937269,96.481827,92.081406
4.8497128,-0.220267,12.564771,-1.332373,12.637136,96.052124,91.004318
4.8594828,0.062249,12.289437,-1.290475,12.357163,95.994400,89.709785
4.8706012,0.278924,12.206838,-1.365892,12.286185,96.382935,88.691025
4.8794708,0.359130,12.281057,-1.448492,12.371397,96.723839,88.324997
4.8894958,0.329203,12.443863,-1.722628,12.566843,97.878754,88.484589
4.9001946,0.050278,12.497733,-1.843535,12.633071,98.391098,89.769501
4.9099178,-0.166397,13.017275,-1.744176,13.134660,97.630951,90.732361
4.9194436,-0.435745,13.245921,-1.789666,13.373377,97.690567,91.884155
4.9294982,-0.750582,13.345281,-1.933318,13.505466,98.230209,93.219109
4.9396267,-0.997185,13.195642,-1.942895,13.375134,98.352432,94.321587
4.9503150,-1.322796,12.939463,-1.915361,13.147170,98.377022,95.837051
4.9595466,-1.631648,12.625823,-1.855506,12.865325,98.292427,97.363586
4.9714589,-1.906982,12.367249,-1.810017,12.643638,98.230530,98.765747
4.9799333,-2.064999,12.170924,-1.764527,12.470331,98.134537,99.629478
4.9894061,-2.185906,11.967417,-1.680730,12.280966,97.865982,100.351242
4.9995070,-2.232593,11.699266,-1.580173,12.014751,97.557404,100.803963
5.0098119,-2.190695,11.431116,-1.648408,11.755289,98.060974,100.848801
5.0194750,-2.062605,11.167754,-1.588553,11.467196,97.962807,100.464203
5.0298529,-1.952471,10.848128,-1.316811,11.100812,96.812637,100.202995
5.0393391,-1.856703,10.516531,-1.198298,10.746195,96.402313,100.012444
5.0503139,-1.873463,10.316615,-1.171962,10.550635,96.377563,100.292557
5.0595059,-1.839944,10.211270,-1.174356,10.441961,96.457436,100.214386
5.0714355,-1.704672,10.113108,-1.035492,10.307915,95.765434,99.567871
5.0802536,-1.483208,9.951499,-0.809240,10.093914,94.598404,98.477173
5.0897508,-1.143231,9.782708,-0.982820,9.898196,95.698448,96.665489
5.1002808,-0.810437,9.550470,-1.007959,9.637649,96.003288,94.850403
5.1096644,-0.656011,9.202114,-0.893037,9.268590,95.529076,94.077675
5.1193285,-0.673968,8.826224,-0.855927,8.893204,95.522987,94.366615
5.1298685,-0.762553,8.526949,-0.827197,8.600849,95.519020,95.110291
5.1396918,-0.866701,8.277952,-0.768539,8.358607,95.275558,95.977089
5.1499410,-0.991199,8.069656,-0.739808,8.163893,95.199249,97.002586
5.1597691,-1.086968,7.966706,-0.557849,8.059845,93.968803,97.769394
5.1698222,-1.085770,7.933187,-0.621295,8.031212,94.436844,97.793327
5.1797328,-1.110910,7.812280,-0.764947,7.927861,95.536995,98.093224
5.1900148,-1.249773,7.589619,-0.919373,7.746580,96.815994,99.350906
5.1995959,-1.422156,7.310695,-0.997185,7.514197,97.626038,101.008316
5.2102838,-1.557428,7.029376,-0.916979,7.258000,97.258171,102.492645
5.2195587,-1.702277,6.736086,-0.940921,7.011272,97.712433,104.182297
5.2301378,-1.891419,6.467936,-0.869095,6.794630,97.348785,106.300507
5.2396421,-2.018312,6.362591,-0.784101,6.720934,96.699699,107.599831
5.2498689,-2.185906,6.329072,-0.666785,6.729037,95.686813,109.053658
5.2596426,-2.351106,6.338649,-0.653617,6.792156,95.522186,110.350624
5.2693620,-2.457648,6.388927,-0.711078,6.882155,95.930496,111.040390
5.2797027,-2.491167,6.443994,-0.748188,6.949155,96.180794,111.135872
5.2900491,-2.436100,6.523003,-0.799663,7.008824,96.551361,110.478798
5.2994037,-2.345121,6.647501,-0.797269,7.093976,96.452919,109.431938
5.3098145,-2.220622,6.700173,-0.778116,7.101335,96.290710,108.336617
5.3207679,-2.031480,6.685808,-0.658405,7.018578,95.382774,106.901382
5.3293657,-1.806425,6.574478,-0.563834,6.841406,94.727394,105.363640
5.3394222,-1.598130,6.398504,-0.401029,6.607246,93.479721,104.023628
5.3495588,-1.392228,6.191406,-0.238223,6.350477,92.149818,102.673004
5.3595867,-1.169568,5.995081,-0.129287,6.109468,91.212570,101.039063
5.3698750,-0.949301,5.859808,-0.008380,5.936211,90.080879,99.202087
5.3793349,-0.713472,5.774815,0.132878,5.820239,88.691803,97.043137
5.3893685,-0.386664,5.805939,0.414197,5.833524,85.928413,93.810158
5.3994436,0.056264,5.929241,0.697910,5.970439,83.287109,89.456322
5.4093366,0.518345,6.030994,0.942118,6.126104,81.153519,85.087685
5.4204159,1.236605,6.074090,1.104924,6.296397,79.893105,78.492592
5.4299150,1.558625,6.099229,1.098939,6.390428,80.097832,75.665154
5.4404378,1.844732,6.206968,1.176750,6.581355,79.700096,73.447868
5.4492936,2.151190,6.349423,1.243788,6.818343,79.489372,71.283577
5.4595661,2.443283,6.582858,1.351527,7.150544,79.104965,69.637169
5.4699259,2.780865,6.862979,1.332373,7.523889,79.799942,67.942307
5.4791584,3.253720,7.213730,1.286883,8.017522,80.763565,65.722466
5.4892077,3.740940,7.502231,1.262941,8.477802,81.432739,63.497150
5.4993038,4.120421,7.681796,1.259350,8.807600,81.779419,61.791439
5.5097718,4.582502,7.705738,1.144428,9.038111,82.725533,59.260601
5.5194459,4.781221,7.660248,1.157596,9.103818,82.694778,58.029236
5.5293908,4.793192,7.536947,1.104924,9.000062,82.948090,57.545296
5.5399628,4.636372,7.501034,1.096544,8.886161,82.911682,58.279884
5.5495210,4.341885,7.539341,1.148020,8.775624,82.483070,60.062485
5.5592399,4.089296,7.703344,1.063026,8.786004,83.050713,62.038540
5.5692587,3.890578,7.892486,0.826000,8.837997,84.637306,63.759144
5.5793338,3.780444,8.145074,0.622492,9.001193,86.034447,65.102158
5.5898228,3.793612,8.377312,0.515950,9.210703,86.788818,65.636909
5.5995097,3.739743,8.576031,0.628478,9.377045,86.156982,66.439468
5.6097121,3.845088,8.647857,0.588974,9.482458,86.438957,66.028679
5.6193886,3.703830,8.597578,0.772130,9.393236,85.284927,66.693657
5.6296506,3.566164,8.358158,0.827197,9.124724,84.798744,66.893578
5.6397595,3.446453,8.048109,0.857124,8.796861,84.408501,66.817871
5.6494927,3.427300,7.754819,0.812831,8.517294,84.523758,66.156616
5.6595011,3.596091,7.624335,0.678756,8.457131,85.396576,64.748642
5.6704826,3.841497,7.620744,0.593762,8.554846,86.020103,63.248051
5.6793427,4.165911,7.673417,0.505177,8.745933,86.688675,61.502392
5.6894226,4.531027,7.807492,0.496797,9.040683,86.849937,59.871544
5.6999040,4.839879,7.942764,0.557849,9.317893,86.567734,58.644196
5.7100496,4.927267,7.973889,0.659603,9.396592,85.974762,58.287037
5.7196946,4.897339,7.937976,0.718261,9.354747,85.596474,58.327461
5.7297425,4.896142,7.924808,0.683545,9.340343,85.803230,58.291199
5.7399797,4.878186,7.874529,0.632069,9.284634,86.096458,58.222233
5.7494946,4.860229,7.819463,0.788889,9.240572,85.102562,58.136757
5.7593651,4.823119,7.757214,1.013944,9.190480,83.665916,58.128338
5.7700219,4.754885,7.709330,1.136049,9.128707,82.851128,58.334953
5.7796040,4.681861,7.752425,1.222240,9.138589,82.313950,58.871292
5.7895360,4.590882,7.931990,1.375469,9.267393,81.464607,59.938576
5.7994719,4.544195,8.142680,1.429338,9.433766,81.285378,60.835377
5.8106909,4.483143,8.364143,1.321599,9.581445,82.071732,61.808895
5.8207841,4.399345,8.507795,1.224634,9.655908,82.713699,62.656704
5.8296571,4.223372,8.637083,1.156399,9.683663,83.141510,63.942230
5.8395529,4.080917,8.789114,1.169568,9.760651,83.118011,65.093857
5.8495464,4.064157,8.916007,1.234211,9.876023,82.820953,65.495216
5.8593998,4.023456,9.038112,1.424550,9.995249,81.806145,66.003021
5.8702188,4.001908,9.131485,1.654393,10.106251,80.578278,66.334381
5.8794870,4.004303,9.198523,1.741782,10.182390,80.150650,66.475533
5.8895411,4.054581,9.282320,1.763330,10.281557,80.124718,66.403969
5.8996100,4.135983,9.400833,1.839944,10.433955,79.843239,66.252464
5.9101558,4.146757,9.531317,1.948880,10.575431,79.380623,66.487755
5.9194531,4.140772,9.643845,1.968034,10.678150,79.379402,66.762794
5.9302597,4.236540,9.755175,1.995567,10.820997,79.372902,66.525345
5.9394560,4.323928,9.840169,2.084153,10.948469,79.026192,66.278542
5.9495287,4.288015,9.844957,2.122460,10.946009,78.819374,66.464249
5.9593706,4.061763,9.805453,2.110489,10.821229,78.753395,67.498947
5.9696426,3.485958,9.686940,2.019509,10.491288,78.901634,70.208145
5.9797888,3.270479,9.639056,1.957260,10.365245,79.115540,71.258202
5.9894967,3.100491,9.613917,1.946486,10.287335,79.093208,72.125473
5.9994836,2.941277,9.566033,1.948880,10.195992,78.980576,72.908859
6.0101790,2.770091,9.520543,1.938106,10.102990,78.940109,73.777153
6.0193949,2.640805,9.488221,1.878251,10.026366,79.202927,74.446808
6.0297441,2.531868,9.479841,1.769315,9.970367,79.778305,75.046516
6.0402946,2.467225,9.528923,1.580173,9.969178,80.879822,75.483780
6.0500188,2.382231,9.582792,1.334767,9.964263,82.301773,76.039566
6.0593510,2.246958,9.611523,1.063026,9.927750,83.853203,76.841843
6.0693707,2.066196,9.601946,0.766145,9.851574,85.539673,77.855980
6.0793376,1.904588,9.566033,0.690727,9.778218,85.949287,78.739716
6.0894279,1.796848,9.487024,0.584185,9.673343,86.537727,79.275185
6.0995293,1.776498,9.362526,0.551863,9.545543,86.685669,79.256104
6.1095195,1.842338,9.276335,0.600945,9.476588,86.364227,78.766869
6.1195202,1.980005,9.216479,0.699107,9.452653,85.758598,77.875259
6.1297469,2.188300,9.221268,0.836774,9.514233,84.954338,76.650078
6.1394897,2.457648,9.263166,0.960075,9.631616,84.279282,75.140961
6.1500683,2.740164,9.332599,1.088165,9.787236,83.616539,73.637123
6.1594310,3.008314,9.405622,1.217452,9.949767,82.971687,72.263535
6.1694813,3.204639,9.440337,1.341950,10.059349,82.333702,71.249588
6.1794958,3.350685,9.435549,1.437718,10.115518,81.828880,70.449394
6.1894197,3.405752,9.379285,1.493982,10.089704,81.484909,70.043320
6.1995645,3.397372,9.312247,1.545457,10.032373,81.138466,69.956596
6.2094550,3.351882,9.255983,1.564611,9.967766,80.969101,70.093086
6.2194967,3.345897,9.258378,1.555034,9.966480,81.023674,70.130585
6.2296276,3.341109,9.300277,1.514333,9.997568,81.287872,70.239258
6.2393966,3.341109,9.375694,1.465251,10.060498,81.625427,70.386040
6.2494941,3.305195,9.459491,1.374272,10.114095,82.190674,70.740318
6.2593737,3.251326,9.501390,1.262941,10.121390,82.831978,71.109322
6.2696991,3.155558,9.495404,1.170765,10.074271,83.326385,71.617073
6.2802811,3.023877,9.453506,1.109712,9.987195,83.620491,72.262177
6.2898231,2.883816,9.397242,1.100136,9.891150,83.614105,72.939850
6.2996311,2.749741,9.348161,1.088165,9.804758,83.627998,73.608871
6.3096867,2.692280,9.309854,1.091756,9.752624,83.572563,73.870865
6.3194785,2.685097,9.290700,1.107318,9.734116,83.468094,73.880226
6.3295956,2.747346,9.251195,1.125275,9.715902,83.349197,73.460052
6.3395329,2.831144,9.194932,1.168370,9.691607,83.075874,72.886261
6.3496895,2.918532,9.148245,1.244985,9.682882,82.612694,72.305939
6.3595238,3.014300,9.135077,1.278504,9.704133,82.429367,71.738670
6.3699489,3.108871,9.143456,1.327585,9.748351,82.172821,71.221428
6.3793960,3.177106,9.147048,1.369483,9.779468,81.950035,70.846008
6.3903055,3.213019,9.144653,1.373075,9.789459,81.937080,70.640823
6.3995428,3.233369,9.159019,1.363498,9.808232,82.009109,70.555656
6.4094496,3.230975,9.212888,1.345541,9.855302,82.152916,70.674149
6.4195795,3.233369,9.293094,1.313220,9.926773,82.398018,70.815552
6.4297061,3.229778,9.357738,1.268927,9.980426,82.695557,70.958130
6.4396777,3.223793,9.381680,1.221043,9.994983,82.982903,71.035927
6.4498549,3.215413,9.388862,1.186327,9.994847,83.183273,71.095154
6.4593558,3.184288,9.364920,1.154005,9.958571,83.345581,71.220787
6.4700189,3.167529,9.354146,1.171962,9.945189,83.232422,71.292717
6.4794288,3.124433,9.319430,1.205481,9.902881,83.008026,71.465752
6.4896746,3.088520,9.295488,1.193510,9.867599,83.052933,71.620407
6.5000458,3.059790,9.296685,1.174356,9.857473,83.157898,71.782234
6.5096297,2.972401,9.325416,1.070208,9.846009,83.759926,72.320740
6.5195560,2.953248,9.315839,1.057040,9.829743,83.826767,72.410675
6.5303278,2.936488,9.281123,1.035492,9.789507,83.928139,72.442963
6.5394025,2.926912,9.241618,1.034295,9.749056,83.909927,72.426491
6.5503969,2.892196,9.194932,1.042675,9.695295,83.826218,72.539429
6.5595317,2.880225,9.197326,1.041478,9.693872,83.832428,72.611588
6.5704088,2.892196,9.215282,1.053449,9.715759,83.775368,72.575653
6.5794907,2.925714,9.261970,1.055843,9.770296,83.796120,72.469467
6.5909038,2.952051,9.297882,1.058237,9.812496,83.808846,72.385506
6.5996022,2.986767,9.338584,1.072602,9.863083,83.756783,72.264122
6.6107426,3.013103,9.360131,1.080982,9.892389,83.726524,72.156204
6.6196070,3.045424,9.379285,1.106121,9.923160,83.600014,72.011551
6.6302991,3.068170,9.406818,1.131260,9.958999,83.477592,71.935516
6.6402688,3.071761,9.403227,1.145625,9.958356,83.393974,71.909286
6.6495547,3.038242,9.402030,1.150414,9.947489,83.358955,72.091896
6.6599140,3.014300,9.376891,1.182736,9.920230,83.152641,72.179451
6.6698122,3.003526,9.350554,1.191115,9.893068,83.084869,72.192268
6.6796098,3.026271,9.334992,1.223437,9.889246,82.893509,72.038048
6.6900229,3.033453,9.338584,1.244985,9.897524,82.773766,72.004639
6.6994839,3.051410,9.367314,1.223437,9.927461,82.921005,71.956940
6.7102265,3.055001,9.399636,1.197101,9.955865,83.094002,71.995178
6.7200756,3.031059,9.449914,1.155202,9.991130,83.360451,72.216362
6.7297068,3.002329,9.471462,1.127669,9.999710,83.524971,72.412071
6.7392960,2.968810,9.473856,1.108515,9.989824,83.629082,72.600639
6.7495060,2.922123,9.440337,1.091756,9.942369,83.695724,72.800827
6.7594948,2.870648,9.398438,1.091756,9.887527,83.660614,73.015297
6.7696929,2.817975,9.387665,1.090559,9.861975,83.651123,73.291374
6.7826629,2.797625,9.362526,1.098939,9.833172,83.583313,73.363281
6.7995877,2.839523,9.424775,1.102530,9.904789,83.609001,73.233345
6.8099380,2.869451,9.448717,1.113304,9.937376,83.567535,73.107155
6.8196049,2.930503,9.473856,1.127669,9.980653,83.512558,72.811844
6.8294587,2.959233,9.482236,1.145625,9.999116,83.421021,72.667809
6.8394551,2.979584,9.469068,1.140837,9.992130,83.444038,72.533035
6.8503036,2.987964,9.459491,1.169568,9.988883,83.275993,72.470268
6.8593769,2.984372,9.436746,1.203086,9.970259,83.069374,72.450432
6.8695970,2.952051,9.392453,1.199495,9.918244,83.053749,72.552055
6.8796115,2.914941,9.355343,1.175553,9.869207,83.159073,72.693993
6.8894939,2.896984,9.339781,1.162385,9.847596,83.221153,72.767319
6.8993826,2.908955,9.318233,1.163582,9.830840,83.202515,72.662743
6.9095783,2.917335,9.267955,1.171962,9.786692,83.122292,72.527222
6.9195046,2.902970,9.192537,1.193510,9.713621,82.942253,72.474075
6.9296479,2.864662,9.131485,1.213860,9.646956,82.771408,72.582695
6.9397917,2.828749,9.141062,1.201889,9.643929,82.840813,72.805046
6.9504828,2.819172,9.239224,1.163582,9.729589,83.131439,73.031433
6.9596057,2.850297,9.357738,1.118092,9.845891,83.479469,73.059654
6.9696217,2.898181,9.441534,1.049857,9.931979,83.932228,72.935562
6.9794388,2.935291,9.487024,1.022324,9.983221,84.122368,72.807899
6.9901376,2.955642,9.469068,1.033098,9.973282,84.054260,72.664948
7.0002685,2.941277,9.422380,1.102530,9.932166,83.626694,72.663795
7.0095329,2.905364,9.372103,1.102530,9.873856,83.588898,72.776497
7.0203447,2.809596,9.314642,1.162385,9.798343,83.186913,73.215004
7.0304766,2.761712,9.342175,1.176750,9.812647,83.112411,73.531395
7.0393691,2.743755,9.379285,1.170765,9.842249,83.168320,73.694031
7.0501018,2.725799,9.417592,1.150414,9.871397,83.307533,73.857605
7.0593686,2.728193,9.428367,1.110910,9.877816,83.542564,73.861671
7.0695930,2.721010,9.433155,1.088165,9.877874,83.675354,73.909698
7.0794740,2.710236,9.434352,1.080982,9.875267,83.715607,73.972061
7.0903196,2.676718,9.445126,1.076194,9.875900,83.743958,74.177444
7.1000905,2.643199,9.461885,1.088165,9.884224,83.679436,74.392174
7.1098752,2.649184,9.472659,1.100136,9.897462,83.618195,74.375481
7.1195788,2.642002,9.463082,1.107318,9.887176,83.569649,74.400780
7.1303215,2.655170,9.437943,1.143231,9.870749,83.349068,74.287155
7.1403527,2.653973,9.423578,1.164779,9.859215,83.215164,74.271133
7.1499438,2.656367,9.423578,1.179144,9.861567,83.132729,74.257645
7.1594229,2.661155,9.406818,1.175553,9.846416,83.143166,74.203979
7.1711473,2.647987,9.423578,1.146823,9.855499,83.317711,74.304855
7.1795440,2.637213,9.429564,1.116895,9.854898,83.492455,74.375023
7.1903400,2.628834,9.424775,1.090559,9.845124,83.640213,74.414726
7.1993847,2.652776,9.403227,1.098939,9.831864,83.582458,74.245537
7.2093606,2.686294,9.368511,1.120486,9.810233,83.441589,74.000473
7.2196980,2.715025,9.350554,1.134852,9.802659,83.351974,73.808830
7.2304721,2.744952,9.360131,1.137246,9.820395,83.349968,73.655701
7.2395496,2.754529,9.361329,1.131260,9.823526,83.387245,73.603714
7.2495756,2.746149,9.374496,1.127669,9.833319,83.414925,73.672668
7.2599559,2.738967,9.376891,1.120486,9.832778,83.456688,73.717049
7.2695069,2.734178,9.399636,1.113304,9.852326,83.511772,73.781273
7.2795320,2.717419,9.405622,1.112107,9.853267,83.519402,73.885239
7.2901807,2.700660,9.411607,1.102530,9.853297,83.575462,73.989174
7.3004808,2.740164,9.429564,1.097741,9.880800,83.621361,73.796516
7.3094726,2.873042,9.478644,1.113304,9.966871,83.586655,73.137581
7.3195801,3.065775,9.478644,1.139640,10.027086,83.473877,72.076706
7.3318901,3.253720,9.463082,1.180341,10.076200,83.272842,71.025337
7.3496370,3.627216,9.560047,1.323994,10.310390,82.622078,69.222557
7.3597689,3.764882,9.586384,1.403002,10.394301,82.242653,68.558464
7.3697867,3.919308,9.619903,1.491588,10.494205,81.828629,67.833199
7.3795767,4.137180,9.661801,1.605312,10.632200,81.315933,66.819405
7.3895807,4.283227,9.623494,1.748964,10.677854,80.572838,66.007095
7.3993788,4.315548,9.489418,1.818396,10.582041,80.105301,65.545158
7.4095674,4.264073,9.305065,1.750161,10.384104,80.296921,65.380241
7.4200978,4.122815,9.121908,1.617283,10.140139,80.822517,65.678528
7.4297166,3.928885,8.949526,1.486799,9.886391,81.350563,66.298294
7.4397278,3.786430,8.892065,1.368286,9.761049,81.941841,66.934669
7.4495621,3.681085,8.906430,1.381454,9.735672,81.842415,67.544380
7.4593968,3.603274,8.961497,1.417367,9.762220,81.651772,68.095734
7.4698267,3.566164,9.044097,1.470040,9.832306,81.401398,68.480263
7.4793735,3.598485,9.161413,1.505953,9.957333,81.301170,68.555740
7.4899745,3.724181,9.273940,1.589750,10.119427,80.961456,68.120850
7.5000000,3.921702,9.346964,1.665167,10.272208,80.670952,67.238556
7.5093708,4.158728,9.337387,1.751359,10.370587,80.277443,65.992546
7.5198655,4.461595,9.264363,1.903390,10.457397,79.512924,64.285149
7.5297132,4.820725,9.252393,2.208651,10.664160,78.046974,62.479374
7.5395555,5.172673,9.327810,2.652776,10.990988,76.033226,60.989742
7.5501418,5.622783,9.419987,2.985569,11.369496,74.775925,59.167057
7.5601397,5.622783,9.363723,2.680309,11.246290,76.212105,59.015781
7.5695658,5.911284,9.295488,2.261323,11.245576,78.399551,57.546478
7.5799608,6.045359,9.221268,1.873463,11.184275,80.357002,56.751602
7.5893421,6.141128,9.180567,1.772906,11.186575,80.881020,56.220375
7.6003809,6.264429,9.173384,1.811214,11.254978,80.739380,55.671150
7.6098137,6.378153,9.224859,1.685518,11.341069,81.452995,55.339661
7.6193867,6.441600,9.338584,1.586159,11.455098,82.040825,55.402733
7.6295109,6.475119,9.392453,1.420959,11.496281,82.899994,55.417778
7.6399198,6.479907,9.362526,1.316811,11.462115,83.403076,55.312466
7.6498022,6.523003,9.253590,1.391031,11.406728,82.995445,54.819382
7.6603117,6.600814,9.060856,1.414973,11.299203,82.806091,53.926743
7.6701732,6.687006,8.856153,1.388637,11.183729,82.867416,52.944679
7.6795654,6.761226,8.622718,1.359907,11.041503,82.925308,51.899376
7.6902909,6.846220,8.366538,1.418565,10.903303,82.524391,50.707024
7.6995125,6.955156,8.184579,1.525106,10.848386,81.918373,49.642521
7.7095089,7.059304,8.070854,1.945289,10.897551,79.717194,48.824909
7.7199264,7.146692,7.948750,2.407370,10.956882,77.307823,48.041405
7.7301927,7.137115,7.739257,2.638410,10.853374,75.930664,47.317860
7.7393618,6.898892,7.448361,2.676718,10.499411,75.229980,47.193233
7.7503419,6.537368,7.140707,2.703054,10.051536,74.400024,47.525673
7.7595286,6.171055,6.918046,2.681506,9.650479,73.867332,48.266312
7.7695208,5.872977,6.851008,2.706645,9.420938,73.303558,49.395405
7.7795248,5.653907,6.879739,2.706645,9.307169,73.093369,50.585949
7.7896819,5.516241,6.997055,2.682703,9.305083,73.243484,51.748951
7.7996559,5.408502,7.138312,2.631228,9.334386,73.627235,52.849796
7.8097825,5.230134,7.226898,2.519897,9.269964,74.226532,54.106598
7.8198347,5.092467,7.252037,2.522291,9.213426,74.111710,54.923012
7.8296685,4.948815,7.232883,2.674323,9.162827,73.030258,55.619656
7.8408298,4.854244,7.226898,2.926912,9.184690,71.417313,56.111088
7.8495030,4.829105,7.246051,3.219004,9.283722,69.712173,56.318672
7.8598795,4.768053,7.235278,3.397372,9.307293,68.591026,56.615093
7.8707986,4.686650,7.211336,3.781641,9.395151,66.264816,56.980145
7.8798819,4.708198,7.225701,3.916914,9.472069,65.573692,56.912117
7.8895397,4.752491,7.243657,3.954024,9.523185,65.468102,56.731522
7.8995647,4.803966,7.290344,4.066552,9.631410,65.025322,56.617153
7.9097328,4.801571,7.433996,4.143166,9.771653,64.912712,57.141838
7.9193406,4.645948,7.595605,4.079720,9.793986,65.382813,58.547428
7.9299731,4.440047,7.694964,3.974375,9.732531,65.898155,60.014759
7.9394455,4.218584,7.795521,3.986346,9.718927,65.784920,61.579750
7.9498129,4.050989,7.906851,3.967192,9.729719,65.937080,62.872162
7.9597564,3.946841,8.038532,4.084508,9.842701,65.482048,63.849407
7.9692616,3.897760,8.070854,4.156334,9.879592,65.121277,64.222115
7.9793296,3.725378,7.945158,4.351461,9.794856,63.624004,64.878754
7.9894347,3.432088,7.734468,4.370615,9.523839,62.683002,66.071251
7.9996648,3.089717,7.496245,4.180276,9.122212,62.725601,67.600082
8.0095243,2.694674,7.327454,3.991134,8.768238,62.923428,69.808983
8.0194292,2.255338,7.181408,3.702633,8.388603,63.807495,72.564980
8.0293903,1.703475,7.023391,3.579332,8.064829,63.652138,76.366577
8.0393314,1.253365,6.939594,3.360262,7.811546,64.521896,79.762138
8.0497522,0.994791,6.842628,3.174711,7.608545,65.338531,81.728210
8.0608559,0.730232,6.775591,3.134010,7.500926,65.303192,83.848755
8.0700293,0.730232,6.712144,3.134010,7.443665,65.100334,83.791061
8.0795603,0.574608,6.726510,3.331532,7.528294,63.734280,85.117393
8.0894718,0.566229,6.890512,4.152743,8.065051,59.008831,85.302269
8.0994320,1.199495,7.274782,4.127604,8.449754,60.758747,80.637085
8.1095743,1.492785,7.073669,4.531027,8.532022,57.922810,78.083488
8.1202250,1.563414,6.828263,5.108029,8.669568,53.900394,77.103722
8.1298990,1.538275,6.715736,5.582081,8.867188,50.985207,77.098656
8.1393509,1.468843,6.871359,5.946000,9.204781,49.761658,77.933876
8.1499834,1.405396,7.241263,5.675455,9.307084,52.424992,79.016487
8.1596279,1.189918,7.681796,5.741296,9.663766,53.551113,81.194801
8.1702166,1.505953,9.108741,5.912481,10.963325,57.364246,80.612183
8.1796198,1.839944,9.992201,5.671864,11.636129,60.827827,79.566544
8.1905355,1.193510,9.194932,5.463568,10.762054,59.491272,82.604309
8.2001677,0.559046,8.431181,5.591658,10.132324,56.505062,86.206444
8.2093678,0.512359,8.840590,5.426458,10.385807,58.500717,86.683113
8.2196445,1.193510,10.658986,4.250905,11.537271,68.379959,83.611084
8.2295055,1.516727,10.423157,4.893748,11.614277,65.079758,81.720711
8.2396555,1.460463,9.882068,5.920861,11.612269,59.344181,81.593155
8.2495565,0.656011,9.387665,5.009867,10.661021,61.970654,86.002663
8.2594242,-0.077812,8.889671,3.925294,9.718037,66.176636,90.501495
8.2693930,0.263362,8.517372,4.304775,9.547045,63.198475,88.228943
8.2793283,1.522712,8.488642,5.285200,10.114793,58.498436,79.830307
8.2896605,2.857480,8.714894,5.957971,10.936727,56.991234,71.846481
8.2993765,3.792415,9.009381,5.826290,11.379676,59.203468,67.171791
8.3094273,4.217386,9.119514,5.604826,11.505041,60.845741,65.181473
8.3195562,4.045004,8.966286,5.471948,11.256045,60.913193,65.718208
8.3295126,3.628413,8.280347,5.738902,10.708152,57.592476,66.337173
8.3396139,3.463213,8.010999,5.981913,10.580795,55.573002,66.620819
8.3497648,3.570952,8.201338,5.896919,10.713883,56.605556,66.471169
8.3600607,3.700239,8.413225,6.284780,11.134297,55.635735,66.259521
8.3704653,3.269282,7.997831,5.963956,10.498680,55.384441,67.766670
8.3795862,2.962825,7.449559,5.558139,9.755366,55.267067,68.311386
8.3895264,2.977190,7.378930,5.547365,9.699769,55.116692,68.027313
8.4000587,2.043451,7.697359,5.896919,9.909524,53.481956,75.132385
8.4095201,0.938527,7.690176,5.688623,9.611455,53.710979,83.041901
8.4193382,-0.019154,7.268796,5.444415,9.081708,53.166451,90.150978
8.4302149,-0.447716,6.894104,5.112818,8.594768,53.496235,93.715675
8.4394999,-0.379481,6.937200,5.361814,8.775978,52.340694,93.131088
8.4495621,0.063446,7.365762,5.639542,9.277010,52.561813,89.506485
8.4594812,0.679953,7.801506,5.661090,9.663011,54.136829,85.018875
8.4701080,1.089362,7.098808,5.358223,8.960488,53.274395,81.275620
8.4793701,1.889025,6.540959,6.117185,9.152732,48.060520,73.891312
8.4894056,2.814384,7.264008,6.940791,10.433655,48.299950,68.821526
8.5004873,3.044227,7.993042,6.755240,10.899052,51.698418,69.150185
8.5097198,2.925714,8.395268,5.895722,10.667703,56.449604,70.786774
8.5195475,2.591723,8.534132,5.923255,10.706698,56.411186,73.107033
8.5297518,2.051831,8.136695,6.368577,10.534448,52.803696,75.846794
8.5395985,1.466449,7.264008,6.634333,9.946389,48.163349,78.586601
8.5495138,1.206678,6.777985,6.704962,9.610082,45.757172,79.905449
8.5595484,1.447295,6.939594,6.484695,9.607491,47.548771,78.219475
8.5710611,1.987187,7.302315,6.153099,9.753633,50.886993,74.776680
8.5803308,1.987187,7.600393,6.153099,9.978753,51.930271,75.347534
8.5897188,1.981202,7.690176,6.375759,10.184020,51.240318,75.553177
8.6002970,1.756147,6.983886,6.633136,9.790669,47.351746,75.885216
8.6093349,1.756147,6.983886,6.633136,9.790669,47.351746,75.885216
8.6195974,1.327585,6.758832,6.408081,9.407858,47.067101,78.887306
8.6300211,1.132457,7.102399,6.339846,9.587502,48.603844,80.940613
8.6395893,1.551443,7.563283,6.326678,9.981837,50.667553,78.407822
8.6494675,1.472434,7.376535,6.333860,9.833571,49.901337,78.711525
8.6599894,1.167173,6.894104,6.453571,9.515226,47.294033,80.390930
8.6700306,1.031901,6.890512,6.530185,9.549204,46.855076,81.482864
8.6794558,0.773327,6.677429,6.556521,9.390104,45.714241,83.393883
8.6897125,1.034295,6.967127,6.623559,9.668617,46.759869,81.555908
8.6995850,1.170765,7.262811,6.940791,10.114034,46.665733,80.842697
8.7097502,1.242591,7.278373,6.953959,10.142796,46.716736,80.311661
8.7193174,1.286883,7.179014,6.862979,10.014729,46.741695,79.837303
8.7294512,1.132457,6.975507,6.860585,9.849253,45.848427,80.778618
8.7394819,0.956484,6.684611,7.007828,9.731832,43.937805,81.856972
8.7495413,0.921768,6.763620,7.393295,10.062654,42.715927,82.239357
8.7605886,0.949301,6.886921,7.806294,10.453186,41.687256,82.151741
8.7698145,1.046266,7.088034,8.270770,10.942602,40.901867,81.603195
8.7801495,0.837971,7.123947,8.327033,10.990555,40.742222,83.291283
8.7897396,0.622492,7.028179,7.720103,10.458623,42.425365,84.938469
8.8003922,0.875081,6.951565,6.866570,9.810189,45.577591,82.825203
8.8098793,-0.051475,7.168240,7.687782,10.511342,42.997818,90.411438
8.8202429,0.005986,6.922834,7.535750,10.232946,42.572632,89.950462
8.8299284,0.046687,6.587646,7.405266,9.911469,41.656670,89.593948
8.8394623,0.269348,6.682217,7.497443,10.046701,41.732635,87.691765
8.8495426,0.513556,6.618771,7.378930,9.925748,41.977036,85.563263
8.8619947,0.830788,6.651093,7.046135,9.724981,43.569424,82.880058
8.8795576,1.011550,7.180211,7.054515,10.116563,45.787354,81.980927
8.8897123,0.659603,7.331046,7.007828,10.163117,46.406662,84.858719
8.8993931,1.053449,7.510611,6.785168,10.176322,48.182484,82.015701
8.9105473,1.159991,7.562086,6.651093,10.137444,48.997520,81.279060
8.9201345,0.942118,7.217321,6.569689,9.805005,47.930294,82.562904
8.9293976,0.736217,6.801927,6.412869,9.377266,46.852871,83.822548
8.9393406,0.520739,6.511032,6.265626,9.051120,46.191624,85.427338
8.9500895,0.393846,6.633136,6.014235,8.962400,47.851711,86.602020
8.9605551,0.214281,6.654684,5.972336,8.944245,48.107933,88.155708
8.9699497,0.318429,6.991069,6.110003,9.290240,48.876846,87.392097
8.9793854,0.377087,7.171831,6.252458,9.522110,48.957005,86.990227
8.9897537,0.456095,7.252037,6.367379,9.661448,48.772526,86.401291
9.0000324,0.387861,6.965930,6.519411,9.548682,46.940689,86.813080
9.0103369,0.430956,6.725313,6.734890,9.527555,45.017929,86.333511
9.0193501,0.317232,6.442797,6.819883,9.387282,43.406025,87.181137
9.0302162,0.217872,6.385336,6.825869,9.349463,43.106785,88.045784
9.0394802,0.152032,6.548141,6.812701,9.450617,43.873341,88.669968
9.0502501,0.056264,6.640318,6.822278,9.520529,44.226673,89.514542
9.0594406,0.016759,6.667852,6.762423,9.496888,44.596642,89.855988
9.0696421,-0.027533,6.649895,6.818686,9.524513,44.282242,90.237228
9.0803175,-0.116119,6.527791,6.916849,9.511484,43.346977,91.019089
9.0894775,-0.263362,6.224925,6.885724,9.286132,42.140125,92.422607
9.0995731,-0.244209,6.287174,6.794744,9.260493,42.799599,92.224380
9.1100273,-0.143652,6.581660,6.679823,9.378642,44.582722,91.250343
9.1196232,0.003591,6.864176,6.610391,9.529648,46.079006,89.970024
9.1295166,0.265756,7.214927,6.636727,9.806729,47.409618,87.890511
9.1394129,0.414197,7.316680,6.789956,9.990439,47.184059,86.759949
9.1497297,0.253785,7.001843,7.054515,9.942656,44.804108,87.924194
9.1596432,0.079009,6.964733,7.028179,9.894899,44.742050,89.350060
9.1700506,-0.114922,6.882133,6.956353,9.786102,44.696693,90.956665
9.1795454,-0.237026,6.781576,6.998251,9.747896,44.116627,92.001755
9.1898737,-0.174777,6.930017,7.157466,9.964186,44.084118,91.444710
9.2001543,0.046687,7.163452,6.967127,9.992902,45.796604,89.626587
9.2103138,-0.141258,7.102399,7.344213,10.217706,44.046711,91.139389
9.2195511,-0.185551,7.102399,7.322666,10.202938,44.134949,91.496513
9.2295427,-0.290895,7.077260,7.225701,10.118447,44.429558,92.353691
9.2395763,-0.354342,7.156269,7.079654,10.072698,45.343422,92.834679
9.2501259,-0.348356,7.207744,6.892907,9.979233,46.312466,92.766998
9.2610645,-0.366313,7.121553,6.641516,9.744764,47.035343,92.944542
9.2752447,-0.202310,7.080852,6.567295,9.659645,47.166580,91.636574
9.2912245,0.005986,7.009026,6.712144,9.704605,46.239513,89.951073
9.3000631,-0.053870,6.785168,6.745663,9.567935,45.168186,90.454880
9.3094893,0.045490,6.930017,6.792350,9.703773,45.575401,89.623909
9.3193827,0.286107,7.177817,6.861782,9.934132,46.312241,87.717407
9.3297949,0.410606,7.258022,6.947973,10.055935,46.296024,86.762077
9.3396578,0.389058,7.229292,7.037756,10.096734,45.810562,86.919495
9.3502197,0.246603,7.102399,7.005434,9.979028,45.411053,88.011429
9.3594131,0.122104,7.005434,6.988675,9.896090,45.072971,89.001442
9.3696527,-0.041899,6.827066,7.065289,9.824912,44.018139,90.351624
9.3793125,-0.141258,6.730101,7.161057,9.828273,43.229332,91.202400
9.3892736,-0.128090,6.691794,7.183802,9.818530,42.974461,91.096581
9.3993778,0.046687,6.885724,7.193379,9.957915,43.748837,89.611526
9.4103632,0.240617,7.076063,7.242460,10.128267,44.350742,88.052444
9.4195127,0.294487,7.086837,7.223307,10.123544,44.478317,87.620499
9.4295073,0.220267,7.089231,7.141904,10.065411,44.801754,88.220360
9.4396009,0.093374,7.105990,6.979098,9.960504,45.518639,89.247169
9.4494972,-0.028730,7.150283,6.907272,9.941719,45.990597,90.230217
9.4598780,-0.150835,7.132327,6.861782,9.898328,46.113949,91.211510
9.4704676,-0.235829,7.056910,6.824672,9.819966,45.974445,91.914009
9.4795694,-0.204704,6.999449,6.822278,9.776382,45.746635,91.675179
9.4896507,-0.058658,7.139510,6.823475,9.876024,46.297565,90.470726
9.4994688,0.080206,7.176620,6.852205,9.922853,46.326508,89.359688
9.5096197,0.233435,7.133524,6.819883,9.871801,46.302975,88.125748
9.5195475,0.257377,7.088034,6.885724,9.885325,45.848324,87.920425
9.5302210,0.228646,7.101202,6.952762,9.940837,45.619980,88.155815
9.5395956,0.123301,7.056910,6.938396,9.897299,45.489548,88.999008
9.5493813,0.026336,7.006631,6.864176,9.808695,45.588619,89.784637
9.5594864,-0.035913,7.038953,6.805518,9.790977,45.966358,90.292320
9.5695601,-0.104148,7.062895,6.752846,9.772219,46.288712,90.844810
9.5800018,-0.140061,7.055712,6.798336,9.798982,46.069935,91.137215
9.5896235,-0.168791,7.028179,6.843825,9.811306,45.769646,91.375771
9.5999088,-0.208296,6.907272,6.889316,9.757893,45.087593,91.727287
9.6093712,-0.120907,6.892907,6.902483,9.755566,44.964630,91.004913
9.6208172,0.082600,7.007828,6.968324,9.883018,45.163940,89.324699
9.6297388,0.231040,7.167043,7.056910,10.060807,45.458492,88.153625
9.6398659,0.272939,7.187394,7.067683,10.083912,45.501785,87.825256
9.6494274,0.180762,7.138312,7.018602,10.012441,45.493660,88.549416
9.6603622,-0.178368,6.903681,7.036559,9.859299,44.463428,91.480003
9.6701450,-0.269348,6.766014,6.959944,9.710423,44.213207,92.279678
9.6795473,-0.269348,6.766014,6.959944,9.710423,44.213207,92.279678
9.6895485,-0.098162,6.983886,6.908469,9.824014,45.313862,90.805267
9.6995449,0.001197,7.097611,6.941988,9.928105,45.635075,89.990334
9.7095537,0.070629,7.138312,6.939594,9.955825,45.810116,89.433113
9.7196550,0.125696,7.114370,6.885724,9.901680,45.940128,88.987816
9.7298775,0.088585,6.992266,6.843825,9.784558,45.616974,89.274155
9.7393732,0.065841,6.934805,6.835446,9.737514,45.414707,89.456039
9.7499275,0.027533,6.977901,6.822278,9.758860,45.646317,89.773926
9.7594280,0.004788,6.963536,6.709750,9.670139,46.063335,89.960602
9.7696285,-0.008380,6.907272,6.597223,9.551640,46.315239,90.069511
9.7793741,-0.029928,6.934805,6.604405,9.576565,46.398190,90.247261
9.7902632,-0.035913,6.992266,6.698977,9.683458,46.227562,90.294273
9.7994108,0.020351,6.979098,6.737284,9.700475,46.010120,89.832932
9.8096752,0.106542,6.962338,6.798336,9.731540,45.686184,89.123291
9.8194742,0.093374,7.009026,6.834249,9.789899,45.725887,89.236755
9.8295612,0.074220,7.049727,6.807912,9.800604,46.001293,89.396805
9.8396120,0.043096,7.125144,6.793547,9.844889,46.365276,89.653458
9.8499212,0.050278,7.222109,6.889316,9.981185,46.351662,89.601128
9.8594065,0.076614,7.230489,6.950367,10.029629,46.133255,89.392914
9.8698425,0.070629,7.121553,7.006631,9.990715,45.467453,89.431778
9.8793650,0.031125,6.940791,7.058106,9.899112,44.520142,89.743073
9.8901625,0.028730,6.879739,7.050924,9.851252,44.296211,89.760727
9.8999949,0.149638,7.023391,7.046135,9.949796,44.913876,88.779465
9.9095163,0.243011,7.170634,7.061698,10.067007,45.454979,88.058998
9.9204369,0.203507,7.184999,7.062895,10.077208,45.502499,88.377594
9.9295635,0.134075,7.125144,7.054515,10.027555,45.290462,88.921982
9.9396305,0.080206,7.097611,7.007828,9.974576,45.366520,89.352562
9.9494867,0.075417,7.122750,6.896498,9.914683,45.926205,89.393364
9.9593706,0.039504,7.140707,6.775591,9.843774,46.503334,89.683029
9.9696884,0.003591,7.145495,6.742072,9.824136,46.663929,89.971207
9.9800863,-0.016759,7.177817,6.797139,9.885466,46.560432,90.133781
9.9897795,-0.035913,7.104794,6.821081,9.849189,46.167496,90.289612
9.9994869,0.001197,7.055712,6.841431,9.827932,45.883377,89.990280
10.0096216,0.076614,7.042544,6.825869,9.807945,45.896790,89.376717
10.0193415,0.172383,7.082048,6.822278,9.835070,46.078796,88.605652
10.0296497,0.214281,7.103596,6.819883,9.849762,46.180347,88.272186
10.0400906,0.213084,7.171831,6.835446,9.909787,46.388317,88.298172
10.0494347,0.131681,7.205350,6.845023,9.939253,46.473827,88.953011
10.0593653,0.084994,7.171831,6.815095,9.893832,46.463024,89.321014
10.0699682,0.026336,7.134721,6.770802,9.836092,46.499329,89.788506
10.0797386,-0.035913,7.054515,6.780379,9.784734,46.135529,90.291679
10.0899792,-0.032322,7.020997,6.822278,9.789735,45.822720,90.263763
10.1000080,0.017957,7.066486,6.834249,9.830692,45.957241,89.854408
10.1095934,0.073023,7.133524,6.847417,9.888358,46.173843,89.413506
10.1193428,0.167594,7.204153,6.868965,9.955430,46.372131,88.667336
10.1293421,0.260968,7.255628,6.876147,9.999682,46.556690,87.940094
10.1397324,0.246603,7.244854,6.993463,10.072599,46.028088,88.050499
10.1494484,0.198719,7.169437,6.919243,9.965754,46.028378,88.412315
10.1595192,0.125696,7.064092,6.927623,9.894906,45.563362,88.980606
10.1702385,0.040701,6.957550,6.924031,9.815873,45.138836,89.664825
10.1796942,0.005986,7.003040,6.939594,9.859035,45.260731,89.951027
10.1901197,0.095768,7.059304,6.858191,9.842648,45.830521,89.222763
10.1993675,0.095768,7.133524,6.858191,9.896015,46.129921,89.230843
10.2104788,0.180762,7.158663,6.840234,9.902925,46.312183,88.553543
10.2204809,0.205901,7.182605,6.915652,9.972886,46.096535,88.357971
10.2293825,0.143652,7.155072,6.980295,9.997010,45.714172,88.849831
10.2393913,0.147243,7.114370,6.915652,9.922812,45.817608,88.814339
10.2499323,0.228646,7.199365,6.890512,9.968063,46.270153,88.180939
10.2593908,0.216675,7.187394,6.908469,9.971586,46.146606,88.273254
10.2700863,0.081403,7.061698,6.682217,9.722460,46.583481,89.339561
10.2802324,0.019154,7.096414,6.682217,9.747383,46.721943,89.845352
10.2895107,-0.011971,7.107188,6.725313,9.784789,46.581409,90.096504
10.2995415,0.095768,6.822278,7.364564,10.039395,42.813774,89.195763
10.3093643,0.264559,6.932411,7.375339,10.125411,43.247662,87.814499
