Keuwl Accelerometer Data File
2019-06-26 17-46-26

Time (s), X (m/s2), Y (m/s2), Z (m/s2), R (m/s2), Theta (deg), Phi (deg)
0.0000000,7.295133,6.556521,-1.624466,9.942123,99.403847,41.947708
0.0095220,7.551312,6.229713,-0.914585,9.831994,95.337448,39.522091
0.0196910,7.742848,6.215348,-0.925359,9.971888,95.324524,38.754745
0.0295550,7.953538,5.887342,-0.038307,9.895506,90.221802,36.509464
0.0397600,7.839813,5.700594,0.152032,9.694461,89.101433,36.022171
0.0496120,7.724892,5.714960,0.571017,9.626046,86.599220,36.494442
0.0596500,7.705738,5.766435,0.469264,9.635890,87.208618,36.808609
0.0695980,7.684190,5.776011,0.574608,9.630123,86.579254,36.931259
0.0800760,7.827842,6.017826,0.496797,9.886160,87.119576,37.552074
0.0901320,8.319851,6.074090,0.553061,10.316024,86.926796,36.132130
0.0996700,8.711303,5.912481,0.887052,10.565561,85.183952,34.165279
0.1097710,8.662222,5.823895,0.833182,10.471200,85.436211,33.914234
0.1197600,8.680179,5.967548,0.169988,10.534990,89.075455,34.508186
0.1296630,8.573636,5.849035,0.106542,10.379296,89.411858,34.302265
0.1398960,8.389283,6.036980,0.513556,10.348378,87.155426,35.739025
0.1496820,8.097190,6.196194,-0.061052,10.196129,90.343079,37.424217
0.1602840,6.947973,5.698200,-0.404620,8.994862,92.578232,39.356003
0.1696160,6.904878,5.999869,-0.559046,9.164513,93.497284,40.988422
0.1799840,7.728483,6.127959,-2.267309,10.120377,102.946083,38.411102
0.1898180,7.524976,6.584054,-0.961272,10.044853,95.491493,41.184635
0.1997310,7.328651,6.059724,-0.879869,9.550056,95.286293,39.585777
0.2098320,7.455544,5.924452,-0.339977,9.528896,92.044662,38.471958
0.2199810,7.739257,5.895722,-0.342371,9.735135,92.015427,37.299946
0.2297890,7.759608,5.973533,-0.397437,9.800641,92.324104,37.589943
0.2406100,7.596802,5.957971,-0.432153,9.664139,92.562965,38.106155
0.2501520,7.469909,5.932832,-0.432153,9.549073,92.593864,38.457684
0.2601510,7.541735,5.997475,-0.392649,9.643736,92.333466,38.493057
0.2697880,7.694964,6.039374,-0.330400,9.787527,91.934517,38.126511
0.2807330,7.879318,6.093243,-0.119710,9.961204,90.688576,37.715538
0.2901180,7.917625,6.092046,-0.120907,9.990818,90.693398,37.575710
0.2997520,7.929596,6.138733,-0.073023,10.028354,90.417213,37.745411
0.3098840,7.946355,6.222530,-0.070629,10.093039,90.400948,38.063332
0.3201000,7.955932,6.211756,-0.110133,10.094300,90.625137,37.981663
0.3296250,7.948750,6.228516,-0.074220,10.098640,90.421104,38.081696
0.3400320,7.918822,6.185420,-0.093374,10.048676,90.532410,37.993523
0.3498250,7.842207,6.069301,-0.134075,9.917389,90.774620,37.737278
0.3605790,7.759608,5.991490,-0.093374,9.803988,90.545700,37.673103
0.3700150,7.739257,6.038177,-0.057461,9.816260,90.335388,37.961391
0.3797240,7.748834,6.143522,-0.046687,9.888855,90.270500,38.408501
0.3901260,7.796718,6.227319,-0.122104,9.979139,90.701088,38.614723
0.3999410,7.783550,6.257246,-0.166397,9.988216,90.954552,38.796024
0.4098550,7.738060,6.144719,-0.254982,9.884339,91.478203,38.452751
0.4199890,7.603985,5.946000,-0.254982,9.656114,91.513145,38.023930
0.4296380,7.444770,5.803545,-0.266953,9.443358,91.619904,37.938076
0.4401580,7.399281,5.759252,-0.337582,9.382553,92.061935,37.895512
0.4497600,7.483078,5.852626,-0.290895,9.504436,91.753883,38.029488
0.4600800,7.595605,5.839458,-0.311246,9.585894,91.860672,37.552879
0.4697590,7.624335,5.781997,-0.322020,9.574220,91.927452,37.175255
0.4798560,7.586028,5.559336,-0.672771,9.429033,94.091583,36.235409
0.4899200,7.410054,5.152322,-0.893037,9.069336,95.650948,34.811470
0.4999860,7.321469,4.744111,-0.987608,8.779856,96.458626,32.942127
0.5097700,7.497443,4.446033,-1.191115,8.797591,97.781235,30.668219
0.5198340,7.739257,4.401740,-1.419762,9.015938,99.060219,29.629261
0.5297059,8.049306,4.657919,-1.660379,9.446925,100.122810,30.056826
0.5407550,8.370130,4.486734,-2.170344,9.741675,102.872932,28.193140
0.5496179,8.517372,3.728969,-2.431312,9.610521,104.654182,23.644163
0.5597610,8.593987,2.784456,-2.375048,9.340807,104.730087,17.952353
0.5695969,8.760384,1.868674,-2.420538,9.278753,105.121628,12.041278
0.5796090,9.441534,1.726219,-2.293645,9.868293,103.439926,10.361094
0.5897050,10.533290,2.378639,-2.564190,11.098793,103.357910,12.725156
0.5999130,11.377247,2.749741,-3.562572,12.234980,106.928566,13.587130
0.6100140,11.598710,2.365471,-4.417302,12.634797,110.463707,11.526975
0.6197910,12.696451,4.724957,-5.792771,14.733679,113.151596,20.412643
0.6299590,11.396400,-3.134010,-5.859808,13.192321,116.371101,344.623749
0.6401760,10.864887,-0.972046,-1.618480,11.027698,98.439499,354.887543
0.6506860,12.723985,-1.266533,-4.089296,13.424837,107.734505,354.315552
0.6605100,15.284584,-0.520739,-6.390124,16.574781,112.676826,358.048706
0.6697020,16.106993,-0.660800,-6.499061,17.381302,111.957024,357.650726
0.6797770,16.042349,-1.110910,-6.831854,17.471844,113.018028,356.038666
0.6896999,16.449364,-1.035492,-8.038532,18.337715,115.999329,356.397980
0.7000690,18.301277,1.176750,-9.272743,20.550066,116.822426,3.678985
0.7096960,20.533871,-1.482011,-11.886014,23.772116,119.999878,355.871887
0.7207250,21.814768,-3.023877,-11.001357,24.618240,116.543571,352.108185
0.7300870,23.156719,-4.357447,-11.243171,26.108042,115.508194,349.343140
0.7398510,23.724144,-4.611232,-11.967417,26.968826,116.343391,349.000641
0.7497690,24.170664,-2.464831,-11.997345,27.096727,116.280106,354.177338
0.7597610,25.719711,0.143652,-13.776237,29.177197,118.174446,0.320010
0.7706529,27.933151,0.195127,-12.249933,30.501801,113.679085,0.400234
0.7802500,26.155457,0.797269,-11.085154,28.418728,112.958549,1.745946
0.7897300,22.754494,1.556231,-9.945514,24.881763,113.560112,3.912495
0.7997450,21.659145,1.745373,-11.530476,24.599123,117.952225,4.607148
0.8096540,23.357832,1.533486,-13.354857,26.949808,119.705727,3.756187
0.8202350,24.431631,1.010353,-12.040441,27.256149,116.215675,2.368078
0.8301100,24.964340,0.690727,-10.425551,27.062658,112.658485,1.584887
0.8397300,25.239674,0.980426,-11.830948,27.892179,115.097961,2.224514
0.8497310,25.473108,2.845509,-16.396690,30.427416,122.607353,6.373880
0.8598460,24.462755,7.802703,-14.894329,29.684166,120.116516,17.690737
0.8698240,21.213823,15.701175,-7.058106,27.319775,104.972275,36.506580
0.8798000,15.705963,27.101166,-4.928464,31.708677,98.941704,59.906384
0.8901939,9.759963,38.758533,-11.366472,41.553307,105.875000,75.865944
0.8996419,-2.970007,39.221813,-7.357382,40.016281,100.594658,94.330368
0.9096350,-19.225439,34.113785,-16.183607,42.370712,112.454689,119.404221
0.9199349,-30.828938,14.164097,-21.543026,40.188892,122.414764,155.323975
0.9295840,-37.385460,5.157111,-0.411803,37.741726,90.625168,172.145935
0.9401500,-39.195477,5.565322,20.283676,44.482418,62.871147,171.918655
0.9497040,-36.718674,-0.095768,20.548237,42.077312,60.768154,180.149429
0.9596679,-14.938622,-1.266533,3.190274,15.327895,77.986908,184.846085
0.9695619,1.367089,-0.207098,3.562572,3.821485,21.211969,351.385834
0.9795760,13.928268,0.915782,1.768118,14.069880,82.780731,3.761777
0.9899310,25.206156,0.026336,-0.556652,25.212315,91.265114,0.059864
0.9995459,28.389246,-2.689886,7.097611,29.386406,76.023315,354.587372
1.0095130,21.122845,-5.590461,8.273164,23.363926,69.261711,345.175751
1.0196379,13.748703,-5.814319,3.503914,15.333316,76.790260,337.076538
1.0298409,12.302606,-5.487510,-1.983596,13.616222,98.376595,335.960999
1.0398200,11.780669,-6.284780,-2.948459,13.673919,102.452286,331.920868
1.0497940,8.993818,-7.976283,-0.833182,12.050064,93.964790,318.431366
1.0597810,4.577713,-9.051279,0.681150,10.165878,86.158096,296.828156
1.0713500,-0.254982,-8.742428,1.413776,8.859674,80.817810,268.329376
1.0805429,-3.773262,-7.672219,1.437718,8.669919,80.454643,243.811661
1.0897419,-5.170279,-6.651093,0.999579,8.483394,83.233246,232.140015
1.0999349,-4.499902,-5.980716,0.762553,7.523268,84.182549,233.042130
1.1098980,-2.608483,-5.732916,1.285686,6.428336,78.462868,245.534409
1.1197900,-0.378284,-5.761646,2.455254,6.274387,66.963730,266.243622
1.1297340,1.766921,-5.923255,2.840720,6.802694,65.317627,286.609955
1.1397769,3.549404,-5.899313,2.371457,7.281756,70.993767,301.033813
1.1497710,4.899734,-5.719748,1.934515,7.775941,75.594543,310.584503
1.1605530,6.125565,-5.781997,1.309628,8.524621,81.162712,316.652679
1.1708070,7.137115,-6.137536,1.458069,9.525425,81.195045,319.306244
1.1819570,7.778761,-6.667852,2.153584,10.469351,78.129303,319.397247
1.1997689,7.772776,-7.771579,2.943671,11.378869,75.007286,315.004425
1.2097781,7.581240,-8.285135,3.027468,11.631175,74.912781,312.459808
1.2198429,8.006210,-8.898050,1.954866,12.128323,80.724495,311.979980
1.2296399,8.422802,-9.399636,1.641225,12.727544,82.591042,311.862793
1.2401949,8.383297,-9.393650,1.947683,12.740243,81.206345,311.747101
1.2496419,8.104373,-8.646660,2.102109,12.035965,79.941574,313.145782
1.2608759,7.523779,-6.714539,1.951274,10.271307,79.048775,318.252930
1.2696459,7.254431,-6.427235,1.711854,9.842081,79.983482,318.459900
1.2799619,7.159860,-6.946776,1.265336,10.055963,82.771347,315.865387
1.2895811,7.080852,-7.784747,0.937330,10.565004,84.910011,312.289032
1.2996720,7.083246,-8.644265,0.685939,11.196705,86.487717,309.331726
1.3101209,7.016208,-9.008183,0.526724,11.430309,87.358795,307.913971
1.3199239,7.009026,-9.022549,0.629675,11.442434,86.845428,307.841278
1.3300220,7.128736,-8.816648,0.776918,11.364672,86.080055,308.957397
1.3401350,7.406463,-8.529344,0.955287,11.336576,85.166191,310.969452
1.3496860,7.906851,-8.354567,0.767342,11.528481,86.183540,313.422913
1.3602879,8.368932,-8.145074,0.650026,11.696315,86.814133,315.776642
1.3696719,8.404845,-7.783550,0.760159,11.480544,86.203506,317.197876
1.3800249,7.960721,-7.357382,0.914585,10.878447,85.177269,317.255554
1.3896110,7.293935,-7.036559,0.859518,10.171206,85.152435,316.028931
1.3997600,6.640318,-6.958747,0.569820,9.635490,86.609688,313.658630
1.4100699,6.153099,-7.104794,0.387861,9.406867,87.636932,310.894165
1.4199589,5.935226,-7.269993,0.175974,9.386729,88.925812,309.228210
1.4298249,6.095637,-7.302315,0.016759,9.512144,89.899048,309.853577
1.4397370,6.440403,-7.147889,0.141258,9.622425,89.158867,312.019531
1.4498930,6.801927,-6.865374,0.458490,9.675215,87.283844,314.734009
1.4602499,7.111976,-6.701371,0.703895,9.797145,85.879921,316.702637
1.4707819,7.302315,-6.771999,0.969652,10.006198,84.439018,317.157867
1.4806880,7.338228,-7.085640,1.082179,10.258021,83.944260,316.003265
1.4899909,7.267599,-7.408857,1.095347,10.435946,83.975189,314.448547
1.4998709,7.162254,-7.586028,1.131260,10.494067,83.811493,313.354126
1.5104290,7.222109,-7.507020,0.831985,10.450187,85.433601,313.891846
1.5202790,7.302315,-7.462727,0.769736,10.469412,85.783676,314.377563
1.5300130,7.199365,-7.314286,0.785298,10.293023,85.624413,314.546326
1.5404960,7.006631,-7.247249,0.769736,10.109797,85.633408,314.032898
1.5496939,6.776788,-7.329848,0.496797,9.994916,87.150940,312.754822
1.5604669,6.527791,-7.479486,0.453701,9.937837,87.383316,311.113129
1.5703069,6.493075,-7.624335,0.313640,10.019425,88.206161,310.418549
1.5796760,6.637924,-7.581240,0.264559,10.080041,88.496048,311.204498
1.5901469,6.770802,-7.357382,0.433351,10.008128,87.518326,312.622528
1.5998390,6.821081,-7.126341,0.568623,9.881053,86.700989,313.746185
1.6109461,6.743269,-7.036559,0.609324,9.765045,86.422501,313.780701
1.6198100,6.524199,-7.122750,0.530316,9.673675,86.857445,312.488647
1.6298280,6.247669,-7.262811,0.502782,9.593466,86.995819,310.703033
1.6400660,6.070498,-7.358579,0.505177,9.552740,86.968620,309.521118
1.6500989,6.120777,-7.345411,0.566229,9.578078,86.610863,309.803741
1.6612440,6.369773,-7.235278,0.709881,9.665774,85.788246,311.359955
1.6696519,6.612785,-7.133524,0.709881,9.752949,85.825966,312.830566
1.6795930,6.710948,-7.114370,0.827197,9.815057,85.165474,313.328583
1.6895189,6.659472,-7.167043,0.852336,9.820466,85.020935,312.897614
1.6995779,6.533776,-7.241263,0.827197,9.788278,85.152214,312.059875
1.7095309,6.460753,-7.290344,0.853533,9.778496,84.992470,311.547577
1.7198009,6.584054,-7.319075,0.794875,9.876763,85.383881,311.973755
1.7296970,6.786365,-7.329848,0.975637,10.036597,84.421585,312.795166
1.7395530,6.975507,-7.308300,0.994791,10.151776,84.376457,313.665314
1.7496880,6.730101,-7.302315,0.867898,9.968516,85.005280,312.664886
1.7601240,6.285976,-7.180211,0.676362,9.566943,85.945930,311.200806
1.7697769,5.899313,-7.109582,0.493206,9.251556,86.944084,309.684845
1.7797450,5.762844,-7.103596,0.383072,9.155228,87.601936,309.050934
1.7895650,5.875371,-7.170634,0.328006,9.276075,87.973579,309.330017
1.7997770,6.106411,-7.218518,0.462081,9.466191,87.202065,310.229126
1.8096189,6.307524,-7.232883,0.588974,9.614902,86.488075,311.090454
1.8196459,6.344635,-7.205350,0.609324,9.619913,86.368462,311.365356
1.8295228,6.199785,-7.082048,0.596156,9.431232,86.375870,311.199646
1.8396189,5.992687,-6.892907,0.581791,9.152209,86.355347,311.003662
1.8500110,5.858612,-6.762423,0.569820,8.965399,86.355957,310.903961
1.8598200,5.847837,-6.713342,0.647632,8.926679,85.839531,311.058380
1.8696650,5.853823,-6.630742,0.945710,8.895411,83.897102,311.439056
1.8798699,5.838261,-6.465542,0.998382,8.768425,83.462067,312.081421
1.8895530,5.725733,-6.181829,1.106121,8.498384,82.521355,312.806458
1.8995761,5.467160,-5.936423,0.907402,8.121227,83.584824,312.643585
1.9096180,5.023035,-5.623980,0.764947,7.579259,84.207481,311.769501
1.9196379,4.584896,-5.329493,0.573411,7.053621,85.337097,310.704987
1.9295740,4.253299,-5.176264,0.494403,6.717790,85.779442,309.409698
1.9395519,4.112041,-5.263652,0.369904,6.689675,86.830223,307.997467
1.9495239,4.094085,-5.351041,0.266953,6.742880,87.731041,307.419617
1.9596009,4.067749,-5.242105,0.282516,6.641239,87.561920,307.810608
1.9699719,3.956418,-4.884171,0.345962,6.295083,86.849579,309.009155
1.9796509,3.745728,-4.356250,0.391452,5.758527,86.102150,310.690643
1.9895509,3.536236,-3.706224,0.319626,5.132565,86.429649,313.655457
1.9996989,3.485958,-3.180697,0.011971,4.718991,89.854652,317.621704
2.0095170,3.763685,-2.906561,-0.339977,4.767495,94.089310,322.322357
2.0196459,4.264073,-2.916138,-0.542287,5.194252,95.992676,325.632355
2.0295680,4.757279,-2.925714,-0.438139,5.602095,94.485672,328.408600
2.0395470,5.124789,-2.779668,-0.214281,5.834032,92.104919,331.524750
2.0501530,5.279215,-2.373851,0.111330,5.789445,88.898140,335.788452
2.0595679,5.184644,-1.887828,0.233435,5.522583,87.577438,339.992462
2.0696540,5.117606,-1.474828,0.233435,5.330995,87.490318,343.923706
2.0795708,5.300763,-1.329979,-0.445322,5.483178,94.658463,345.915039
2.0896540,5.820304,-1.431733,-0.786495,6.045195,97.475517,346.180237
2.0997069,6.513426,-1.851915,-0.921768,6.834030,97.751625,344.128357
2.1096859,7.337031,-2.063802,-0.846350,7.668612,96.336388,344.289459
2.1197889,7.788338,-1.968034,-0.515950,8.049694,93.674927,345.818787
2.1296771,7.679402,-1.309628,-0.156820,7.791851,91.153221,350.322021
2.1414211,7.433996,-0.266953,-0.057461,7.439010,90.442574,357.943390
2.1498020,7.393295,0.667982,-0.866701,7.473833,96.659271,5.162642
2.1614950,7.971495,1.181539,-3.512294,8.790731,113.549744,8.431023
2.1713438,8.741230,1.110910,-3.791218,9.592526,113.280083,7.242805
2.1800277,9.300277,0.707487,-3.791218,10.068218,112.120331,4.350201
2.1896489,9.593566,0.391452,-3.396175,10.184485,109.479256,2.336578
2.1998060,9.749189,0.482432,-2.920926,10.188780,106.659340,2.832930
2.2097228,9.992201,1.188721,-2.857480,10.460513,105.852882,6.784301
2.2199690,11.846510,1.851915,-5.291186,13.105954,113.811180,8.884898
2.2298269,12.700043,1.428141,-6.172252,14.192511,115.778610,6.416054
2.2398131,13.048399,1.132457,-5.972336,14.394859,114.512619,4.960214
2.2497599,13.151350,1.252167,-5.146337,14.177825,111.283623,5.438855
2.2597589,13.236344,1.856703,-4.479551,14.096614,108.528419,7.984958
2.2696331,13.210008,2.794033,-4.594473,14.262542,108.792130,11.942552
2.2797921,13.099874,3.512294,-5.541380,14.650932,112.223907,15.008948
2.2897639,13.133393,3.260903,-6.937200,15.206717,117.141724,13.944045
2.2996731,13.166912,2.256535,-7.791929,15.465240,120.254044,9.724831
2.3096907,12.959814,1.468843,-7.116765,14.858083,118.618980,6.466210
2.3196318,12.974179,1.392228,-5.461174,14.145390,112.710464,6.124836
2.3296938,13.500903,1.897405,-4.091691,14.234341,106.705475,7.999902
2.3401899,14.198813,2.604892,-3.579332,14.872908,103.925568,10.395791
2.3498559,14.481329,3.288436,-3.764882,15.319825,104.226295,12.793825
2.3602459,14.292187,3.478775,-4.740520,15.454481,107.862923,13.680001
2.3696940,13.438654,2.991555,-5.765238,14.925977,112.721695,12.549882
2.3796899,12.168530,2.652776,-5.983110,13.816945,115.659813,12.298232
2.3896680,11.216835,2.834735,-5.445612,12.787017,115.205772,14.182905
2.3996658,11.004948,3.235764,-4.684256,12.390370,112.213326,16.384817
2.4096198,11.164163,3.581726,-4.121618,12.427993,109.368340,17.787462
2.4196539,11.142614,3.817555,-3.831920,12.386088,108.021439,18.911898
2.4296439,10.882844,4.030639,-4.094085,12.306253,109.431717,20.322931
2.4397497,10.267534,4.060566,-4.608838,11.964608,112.656525,21.577620
2.4501250,9.695320,3.910928,-5.328296,11.733939,117.006569,21.968315
2.4600470,9.501390,3.734955,-5.547365,11.618930,118.518471,21.459572
2.4695649,9.804255,3.642778,-4.884171,11.543326,115.031502,20.382584
2.4802308,10.498574,3.736152,-3.890578,11.803198,109.245750,19.589235
2.4900968,11.159374,4.074931,-3.008314,12.255066,104.209915,20.060053
2.4996889,11.341333,4.452018,-2.664747,12.471855,102.336967,21.432392
2.5096691,10.901998,4.666299,-3.019088,12.236944,104.283455,23.172010
2.5198100,9.818622,4.639963,-3.667917,11.462469,108.662537,25.293901
2.5296659,8.532935,4.662708,-4.151546,10.572945,113.119957,28.653805
2.5397089,7.647080,4.920084,-4.367024,10.087417,115.652885,32.756981
2.5495429,7.325060,5.233725,-4.284424,9.970189,115.450012,35.545650
2.5597360,7.429208,5.546168,-3.970783,10.085645,113.185326,36.742653
2.5698738,7.852982,5.651513,-3.556587,10.308163,110.183395,35.741230
2.5796328,8.486248,5.486313,-3.027468,10.549009,106.677879,32.882450
2.5898390,9.003395,5.176264,-2.410961,10.661500,103.069756,29.895611
2.5998368,9.180567,4.903325,-1.778892,10.558876,99.699081,28.106598
2.6096110,9.155427,4.865018,-1.416170,10.464024,97.778114,27.985317
2.6196759,8.965088,5.001487,-1.353921,10.354747,97.513145,29.156490
2.6296999,8.645462,5.225345,-1.526304,10.216548,98.591881,31.148899
2.6397929,8.330625,5.486313,-1.920150,10.158047,100.896034,33.367767
2.6498737,8.001422,5.770026,-2.321178,10.134290,103.240677,35.796322
2.6603990,7.717709,6.005855,-2.843115,10.184136,106.210732,37.889748
2.6696219,7.465121,6.159084,-2.843115,10.086905,106.371361,39.524269
2.6797528,7.237672,6.281188,-2.803610,9.984861,106.307129,40.952965
2.6915519,6.849811,6.337452,-2.437297,9.644876,104.637573,42.775032
2.7007098,6.770802,6.274005,-2.393005,9.535899,104.533554,42.819008
2.7099609,6.771999,6.326678,-2.342726,9.559037,104.186546,43.052841
2.7197130,6.811504,6.472724,-2.328361,9.680599,103.917130,43.539139
2.7299259,6.824672,6.546945,-2.365471,9.748543,104.042923,43.810143
2.7410507,6.860585,6.586449,-2.354697,9.797628,103.906219,43.832108
2.7497590,6.962338,6.568492,-2.218228,9.825466,103.047752,43.332745
2.7598760,7.104794,6.543353,-1.971625,9.858036,101.537064,42.644367
2.7698438,7.247249,6.588843,-1.728614,9.946033,100.008789,42.275574
2.7805569,7.365762,6.643910,-1.586159,10.045491,99.084885,42.050426
2.7911091,7.390901,6.629545,-1.567005,10.051456,98.968895,41.891705
2.7998569,7.271191,6.570887,-1.582567,9.927299,99.172981,42.103737
2.8097479,7.145495,6.654684,-1.674744,9.906951,99.732437,42.963100
2.8197649,7.030573,6.758832,-1.860295,9.928316,100.799492,43.871044
2.8296387,6.842628,6.739678,-1.962048,9.802778,101.545860,44.565720
2.8401549,6.706159,6.719327,-1.966837,9.694863,101.705078,45.056194
2.8501627,6.730101,6.798336,-1.935712,9.760052,101.439323,45.288986
2.8600178,6.882133,6.882133,-1.958457,9.927894,101.377251,45.000000
2.8696728,7.005434,6.897695,-1.899799,10.013168,100.937035,44.556007
2.8798909,7.098808,6.837840,-1.799243,10.019301,100.345161,43.927246
2.8898959,7.117962,6.725313,-1.659182,9.932175,99.616417,43.375305
2.8996949,7.108385,6.618771,-1.510741,9.829527,98.841072,42.957268
2.9095500,7.074866,6.581660,-1.435324,9.768937,98.448906,42.931664
2.9195840,7.070077,6.719327,-1.478420,9.865145,98.618980,43.542927
2.9296761,6.634333,5.981913,-1.995567,9.153138,102.592766,42.039719
2.9398677,6.971915,6.552930,-1.246182,9.648910,97.420631,43.225605
2.9496508,7.852982,7.597999,-1.679533,11.055304,98.738266,44.054554
2.9595749,7.395689,7.309498,-2.432509,10.679049,103.166603,44.664177
2.9695411,6.962338,7.024588,-2.148796,10.121082,102.257698,45.254993
2.9795630,6.545747,6.469133,-1.921347,9.401492,101.792397,44.662724
2.9900749,6.836643,6.501455,-1.416170,9.540133,98.536736,43.560452
2.9997039,6.925229,6.709750,-1.338359,9.735026,97.901978,44.094608
3.0097578,6.803124,6.564901,-1.398214,9.556956,98.412758,43.979076
3.0197108,7.084443,6.701371,-1.437718,9.857218,98.386757,43.408310
3.0298839,7.097611,6.801927,-1.405396,9.930631,98.135887,43.781334
3.0398579,7.047333,7.117962,-1.704672,10.160521,99.658424,45.285679
3.0496650,6.967127,7.356185,-1.669956,10.268547,99.359482,46.555916
3.0598347,6.866570,7.411252,-1.862689,10.273561,100.446014,47.184704
3.0697699,6.526594,7.137115,-1.758541,9.829919,100.305511,47.558388
3.0798180,6.238092,6.767211,-1.691504,9.357891,100.413849,47.329784
3.0899000,6.163872,6.762423,-1.878251,9.340851,101.600075,47.651180
3.0997388,6.101623,6.849811,-2.068590,9.403658,102.707695,48.306232
3.1096261,6.093243,6.842628,-2.006341,9.379477,102.351448,48.315487
3.1201389,6.299145,6.855796,-1.978808,9.518238,101.999107,47.423027
3.1296067,6.496666,6.925229,-1.884237,9.680693,101.223618,46.828838
3.1399198,6.597223,6.866570,-1.780089,9.687201,100.588661,46.146069
3.1502988,6.758832,6.806715,-1.687912,9.739724,99.979851,45.202240
3.1613460,7.010222,6.702568,-1.576582,9.826151,99.232872,43.714748
3.1696141,7.010222,6.702568,-1.576582,9.826151,99.232872,43.714748
3.1799128,7.047333,6.496666,-1.423353,9.690073,98.446609,42.671776
3.1897700,7.089231,6.610391,-1.629254,9.828984,99.541397,42.998165
3.2006137,7.089231,6.783970,-1.795651,9.975160,100.370476,43.739491
3.2098570,7.067683,6.949171,-1.825579,10.078485,100.435951,44.515575
3.2197440,7.105990,6.997055,-1.744176,10.124032,99.920456,44.557442
3.2297778,7.205350,7.029376,-1.663970,10.202843,99.386230,44.291729
3.2397399,7.186196,7.023391,-1.459266,10.153763,98.262978,44.343567
3.2501020,7.005434,6.897695,-1.425747,9.934136,98.251587,44.556007
3.2599521,6.841431,6.769605,-1.350330,9.718854,97.986465,44.697651
3.2705038,6.804321,6.675035,-1.323994,9.623297,97.907959,44.450466
3.2798870,6.896498,6.623559,-1.332373,9.654451,97.932487,43.843487
3.2916501,7.036559,6.619968,-1.316811,9.750443,97.761589,43.252743
3.2998779,7.150283,6.657078,-1.343147,9.861403,97.828156,42.954239
3.3096719,7.183802,6.755240,-1.321599,9.949217,97.633415,43.238972
3.3198457,7.201759,6.868965,-1.397017,10.049858,97.990479,43.645119
3.3299890,7.115568,6.894104,-1.612495,10.037934,99.244049,44.094349
3.3397119,6.977901,6.842628,-1.806425,9.938603,100.472198,44.439220
3.3495688,6.795941,6.762423,-1.832761,9.760850,100.822472,44.858356
3.3598111,6.722919,6.676231,-1.771709,9.638913,100.591644,44.800362
3.3695097,6.708553,6.606800,-1.656788,9.560305,99.979668,44.562164
3.3796649,6.744466,6.538565,-1.460463,9.506503,98.837219,44.111923
3.3897557,6.806715,6.513426,-1.381454,9.521791,98.342110,43.738636
3.3996148,6.839037,6.546945,-1.474828,9.581755,98.854195,43.749962
3.4096959,6.791153,6.665458,-1.680730,9.662967,100.016701,44.464828
3.4195759,6.766014,6.882133,-1.817199,9.820638,100.663391,45.487461
3.4298720,6.824672,7.011420,-1.934515,9.973891,101.183853,45.773285
3.4397707,6.931214,6.998251,-1.935712,10.038138,101.118324,45.275742
3.4498339,7.003040,6.958747,-1.848324,10.044055,100.604095,44.818233
3.4611959,6.964733,6.866570,-1.715446,9.929755,99.948219,44.593372
3.4702139,6.856994,6.702568,-1.678335,9.734454,99.928078,44.347504
3.4798739,6.799533,6.563704,-1.632846,9.590727,99.802505,43.988972
3.4897389,6.846220,6.509834,-1.556231,9.574472,99.354332,43.557255
3.5003037,6.979098,6.502652,-1.454478,9.649238,98.669525,42.976006
3.5098109,7.121553,6.543353,-1.454478,9.779953,98.552773,42.577103
3.5202570,7.229292,6.627151,-1.543063,9.927881,98.941574,42.511738
3.5299120,7.224504,6.746861,-1.726219,10.034611,99.905670,43.041977
3.5397320,7.110779,6.804321,-1.806425,10.006255,100.400612,43.738354
3.5504799,7.056910,6.821081,-1.792060,9.976903,100.347679,44.026466
3.5604320,7.096414,6.769605,-1.747767,9.961994,100.104469,43.649845
3.5696499,7.137115,6.722919,-1.699883,9.951163,99.835648,43.288265
3.5802801,7.100005,6.475119,-1.375469,9.707170,98.146011,42.364437
3.5897820,7.211336,6.268020,-1.027112,9.609704,96.135658,40.996841
3.5996850,7.184999,6.470330,-1.401805,9.770080,98.249237,42.004086
