Keuwl Accelerometer Data File
2019-06-26 17-06-23

Time (s), X (m/s2), Y (m/s2), Z (m/s2), R (m/s2), Theta (deg), Phi (deg)
0.0000000,1.829170,9.677363,0.592565,9.866528,86.556854,79.296494
0.0085070,1.723825,9.182961,0.994791,9.396167,83.922592,79.368172
0.0186000,1.819593,8.792706,1.516727,9.106210,80.412155,78.308052
0.0284830,1.843535,8.540117,1.684321,8.897705,79.088158,77.818611
0.0385530,1.771709,8.493430,1.742979,8.849592,78.640999,78.217201
0.0487420,1.821988,8.850166,1.614889,9.178941,79.866974,78.367020
0.0585840,2.073379,9.445126,1.285686,9.755116,82.426605,77.618904
0.0685400,2.258929,9.843760,1.073799,10.156546,83.931068,77.075630
0.0785570,2.286463,9.926360,1.070208,10.242357,84.002304,77.028603
0.0889390,2.468422,10.090364,1.219846,10.459281,83.302460,76.253616
0.0989850,2.737770,10.481815,1.420959,10.926251,82.527519,75.361816
0.1085710,2.816778,10.911574,1.594538,11.381531,81.946442,75.525337
0.1186290,2.598906,10.825383,1.442507,11.226044,82.617287,76.500191
0.1284760,2.273294,10.578780,1.413776,10.912251,82.555916,77.872040
0.1384800,1.660379,9.975441,1.446098,10.215551,81.861961,80.549942
0.1485450,0.960075,9.199720,1.492785,9.369366,80.832214,84.042229
0.1585220,0.924162,9.051279,1.618480,9.241169,79.913307,84.170135
0.1690090,0.930147,8.803479,1.649605,9.004867,79.444351,83.968689
0.1784990,1.537078,9.135077,1.719037,9.421641,79.487144,80.448822
0.1884850,2.184709,9.519346,1.760935,9.924303,79.779510,77.074341
0.1985020,2.681506,9.847352,1.759738,10.356520,80.217064,74.767281
0.2087350,2.861071,9.993398,1.695095,10.532192,80.738297,74.023788
0.2193590,2.665944,9.933543,1.649605,10.416512,80.888023,74.977081
0.2295380,2.268506,9.762358,1.584962,10.147012,81.013611,76.918182
0.2385740,1.856703,9.572019,1.480814,9.862236,81.364388,79.022545
0.2486910,1.594538,9.477448,1.380257,9.709257,81.827209,80.449684
0.2585050,1.453280,9.455899,1.303643,9.655337,82.240349,81.262558
0.2686910,1.440112,9.478644,1.276109,9.671973,82.418350,81.360985
0.2786960,1.513135,9.514558,1.268927,9.717334,82.496666,80.963715
0.2888070,1.632846,9.548077,1.325191,9.776916,82.209991,80.295555
0.2989900,1.777695,9.568427,1.387440,9.830564,81.886452,79.475159
0.3090940,1.906982,9.575610,1.449689,9.870688,81.554527,78.736908
0.3189910,1.974019,9.575610,1.486799,9.889370,81.353188,78.351616
0.3287680,1.982399,9.574412,1.497573,9.891512,81.291946,78.302101
0.3386270,1.975216,9.575610,1.498770,9.891416,81.284843,78.344742
0.3507960,1.951274,9.594764,1.479617,9.902334,81.406624,78.504601
0.3686770,1.880645,9.597157,1.411382,9.881004,81.787903,78.912888
0.3785800,1.851915,9.573215,1.392228,9.849586,81.874092,79.051506
0.3890560,1.869871,9.605537,1.353921,9.879063,82.122849,78.984230
0.3986470,1.904588,9.660604,1.328782,9.935813,82.314430,78.847168
0.4092770,1.950077,9.695320,1.283292,9.972405,82.606430,78.627502
0.4194720,1.953669,9.712079,1.294066,9.990791,82.557808,78.626251
0.4288690,1.960851,9.680955,1.320402,9.965405,82.386002,78.549797
0.4385820,1.971625,9.629479,1.388637,9.926857,81.958702,78.428680
0.4494580,1.989582,9.564836,1.450886,9.876719,81.552704,78.249466
0.4587750,1.989582,9.488221,1.521515,9.813246,81.080475,78.157249
0.4687090,2.001553,9.417592,1.577779,9.756364,80.693375,78.001274
0.4786770,1.996764,9.385271,1.602918,9.728295,80.516205,77.989120
0.4885910,1.994370,9.370906,1.610101,9.715133,80.460289,77.985245
0.4989720,2.005144,9.388862,1.584962,9.730541,80.625595,77.944664
0.5088160,2.032677,9.424775,1.537078,9.763236,80.941940,77.829224
0.5188680,2.043451,9.449914,1.509544,9.785463,81.125893,77.798218
0.5286730,2.038663,9.465476,1.505953,9.798943,81.159447,77.845375
0.5391120,2.012326,9.451111,1.521515,9.782022,81.051773,77.980103
0.5496060,1.975216,9.429564,1.534683,9.755686,80.949112,78.169273
0.5586680,1.965640,9.418790,1.514333,9.740151,81.055756,78.211937
0.5691040,1.956063,9.439140,1.497573,9.755321,81.169411,78.292374
0.5786000,1.952471,9.454702,1.483208,9.767468,81.265739,78.331985
0.5885400,1.958457,9.467871,1.448492,9.776209,81.479401,78.313026
0.5986860,1.953669,9.483433,1.425747,9.786984,81.623466,78.359428
0.6087330,1.921347,9.524135,1.426944,9.820229,81.644966,78.594543
0.6186000,1.923741,9.563639,1.424550,9.858667,81.691833,78.626640
0.6285509,1.933318,9.594764,1.413776,9.889185,81.780731,78.607605
0.6385950,1.947683,9.591172,1.428141,9.890584,81.697807,78.521011
0.6484620,1.954866,9.579201,1.448492,9.883355,81.572449,78.465797
0.6590279,1.969231,9.570822,1.486799,9.883779,81.348259,78.373444
0.6687460,1.960851,9.558850,1.515530,9.874887,81.171745,78.407471
0.6786140,1.978808,9.563639,1.523909,9.884390,81.131142,78.309921
0.6884960,1.988384,9.594764,1.541866,9.919200,81.057533,78.291962
0.6986270,2.006341,9.585187,1.567005,9.917496,80.908936,78.177719
0.7084740,2.021903,9.587581,1.545457,9.919588,81.036888,78.091515
0.7185180,2.031480,9.563639,1.557428,9.900288,80.949127,78.007645
0.7286370,2.018312,9.542090,1.561020,9.877340,80.906822,78.057014
0.7385090,2.014721,9.506178,1.546654,9.839647,80.956406,78.033913
0.7484990,2.025495,9.496601,1.567005,9.835831,80.832802,77.960007
0.7585649,2.068590,9.509769,1.559822,9.856359,80.894348,77.728043
0.7685850,2.099715,9.515755,1.565808,9.869658,80.871529,77.556694
0.7785940,2.111686,9.512163,1.584962,9.871807,80.760925,77.483406
0.7884769,2.110489,9.502586,1.571793,9.860215,80.827484,77.478073
0.7986950,2.102109,9.504981,1.557428,9.858454,80.910393,77.529274
0.8087090,2.075773,9.514558,1.544260,9.860040,80.989349,77.692734
0.8186179,2.038663,9.540894,1.516727,9.873462,81.163437,77.938629
0.8286800,2.024297,9.557653,1.484405,9.881801,81.360550,78.041557
0.8388630,2.008735,9.576807,1.449689,9.892010,81.572868,78.153938
0.8487200,2.002750,9.566033,1.437718,9.878615,81.631538,78.175316
0.8587329,2.014721,9.552865,1.462857,9.871995,81.478386,78.090721
0.8686510,2.012326,9.539697,1.465251,9.859119,81.453102,78.088516
0.8788840,2.019509,9.539697,1.468843,9.861122,81.433746,78.047218
0.8890560,2.003947,9.520543,1.443704,9.835691,81.559509,78.113518
0.8987620,1.990779,9.494206,1.434127,9.806114,81.590431,78.157593
0.9086190,1.999158,9.470264,1.443704,9.786053,81.516380,78.079956
0.9188960,2.012326,9.459491,1.461660,9.780995,81.405594,77.990440
0.9286000,2.026692,9.466674,1.455675,9.790014,81.448997,77.916130
0.9387630,2.073379,9.469068,1.444901,9.800504,81.521904,77.649246
0.9487340,2.111686,9.478644,1.462857,9.820584,81.433441,77.440544
0.9586819,2.153584,9.491813,1.485602,9.845783,81.321655,77.216660
0.9686549,2.140416,9.506178,1.486799,9.856945,81.324524,77.310860
0.9787450,2.103306,9.540894,1.468843,9.879780,81.450050,77.567902
0.9891740,2.061408,9.550470,1.441309,9.876146,81.608376,77.819931
0.9989110,2.042254,9.558850,1.393425,9.873402,81.886803,77.940041
1.0088030,2.047042,9.567230,1.407791,9.884541,81.811897,77.922874
1.0186840,2.069787,9.568427,1.438915,9.894913,81.638412,77.794167
1.0286620,2.085350,9.549273,1.487996,9.886933,81.344025,77.681259
1.0386270,2.068590,9.519346,1.521515,9.859616,81.122765,77.740013
1.0486870,2.025495,9.497798,1.523909,9.830214,81.081871,77.961479
1.0589139,2.009932,9.490616,1.523909,9.820077,81.072586,78.042519
1.0687480,2.006341,9.514558,1.483208,9.836266,81.327301,78.092453
1.0791039,2.021903,9.554062,1.440112,9.871277,81.611229,78.050934
1.0901610,2.039860,9.578004,1.437718,9.897788,81.647865,77.977150
1.0987650,2.044648,9.569624,1.441309,9.891191,81.621231,77.939514
1.1090109,2.025495,9.524135,1.477222,9.848551,81.373428,77.993797
1.1191399,1.980005,9.496601,1.503559,9.816646,81.189659,78.222771
1.1286089,1.968034,9.477448,1.484405,9.792785,81.281410,78.268997
1.1388140,1.956063,9.495404,1.437718,9.800812,81.564629,78.359848
1.1490510,1.959654,9.504981,1.403002,9.805780,81.773941,78.350487
1.1586639,1.956063,9.532514,1.413776,9.833299,81.733688,78.403931
1.1686009,1.952471,9.534908,1.412579,9.834734,81.741951,78.427475
1.1786499,1.947683,9.549273,1.399411,9.845834,81.828751,78.471992
1.1884930,1.936909,9.562442,1.411382,9.858190,81.768768,78.549438
1.1987740,1.948880,9.586384,1.436521,9.887390,81.646034,78.508560
1.2087110,1.958457,9.618706,1.435324,9.920444,81.681053,78.491371
1.2186929,1.957260,9.612720,1.406593,9.910285,81.840302,78.491241
1.2287689,1.939303,9.598354,1.399411,9.891797,81.866974,78.577423
1.2388740,1.930924,9.586384,1.412579,9.880415,81.780396,78.611664
1.2487650,1.929727,9.587581,1.453280,9.887242,81.547729,78.619919
1.2586859,1.935712,9.579201,1.459266,9.881170,81.507408,78.575829
1.2688259,1.920150,9.566033,1.462857,9.865897,81.473076,78.650085
1.2786410,1.910573,9.556456,1.465251,9.855105,81.449593,78.694206
1.2886890,1.927332,9.546879,1.458069,9.848019,81.485649,78.586479
1.2989209,1.941698,9.579201,1.456872,9.881991,81.522156,78.541435
1.3088430,1.954866,9.612720,1.446098,9.915497,81.613945,78.504944
1.3188000,1.959654,9.617508,1.443704,9.920735,81.632385,78.483124
1.3288989,1.965640,9.610326,1.449689,9.915831,81.593254,78.440491
1.3386450,1.970428,9.597157,1.459266,9.905426,81.528358,78.397629
1.3490180,1.960851,9.586384,1.470040,9.894681,81.456009,78.439873
1.3588489,1.968034,9.595961,1.483208,9.907347,81.389999,78.409935
1.3686299,1.966837,9.604341,1.474828,9.913976,81.444778,78.426628
1.3795929,1.962048,9.640253,1.461660,9.945882,81.549126,78.495911
1.3886080,1.962048,9.640253,1.461660,9.945882,81.549126,78.495911
1.3987339,1.970428,9.668983,1.468843,9.976439,81.533501,78.481499
1.4090500,1.968034,9.668983,1.459266,9.974560,81.587502,78.495125
1.4186730,1.960851,9.639056,1.453280,9.943257,81.595695,78.501350
1.4287490,1.946486,9.642648,1.444901,9.942696,81.644028,78.587509
1.4391921,1.915361,9.621099,1.430536,9.913657,81.703285,78.740799
1.4486240,1.891419,9.613917,1.418565,9.900364,81.762070,78.869911
1.4588089,1.887828,9.593566,1.429338,9.881468,81.683083,78.867538
1.4694059,1.929727,9.575610,1.441309,9.873880,81.606438,78.606064
1.4787850,1.927332,9.532514,1.465251,9.835160,81.432121,78.569733
1.4887660,1.934515,9.509769,1.477222,9.816325,81.344887,78.501556
1.4987160,1.926135,9.526528,1.465251,9.829125,81.426826,78.569664
1.5086269,1.924938,9.561244,1.428141,9.857097,81.669403,78.616966
1.5190020,1.921347,9.557653,1.389834,9.847434,81.886375,78.633499
1.5292259,1.926135,9.538500,1.388637,9.829613,81.878616,78.583626
1.5391979,1.924938,9.533711,1.414973,9.828489,81.722565,78.584961
1.5486690,1.916559,9.567230,1.435324,9.862314,81.631668,78.672142
1.5586859,1.911770,9.619903,1.426944,9.911284,81.722267,78.760010
1.5691509,1.928530,9.649830,1.414973,9.941860,81.817604,78.698265
1.5786630,1.948880,9.639056,1.431733,9.937777,81.716591,78.569702
1.5886599,1.969231,9.635465,1.453280,9.941432,81.594139,78.449341
1.5988559,1.996764,9.580399,1.496376,9.900012,81.306488,78.226852
1.6087040,2.018312,9.536105,1.521515,9.865389,81.127998,78.049736
1.6187890,2.017115,9.525331,1.543063,9.858080,80.994591,78.043495
1.6288340,2.000355,9.538500,1.532289,9.865714,81.064957,78.155922
1.6386240,1.963245,9.556456,1.499967,9.870667,81.259346,78.390869
1.6485990,1.934515,9.575610,1.478420,9.880302,81.394341,78.578537
1.6586300,1.948880,9.574412,1.461660,9.879472,81.491898,78.494576
1.6690699,1.976413,9.562442,1.483208,9.876558,81.362953,78.322250
1.6788349,2.007538,9.551667,1.501164,9.875123,81.256294,78.130524
1.6884930,2.024297,9.538500,1.538275,9.871527,81.035095,78.018242
1.6984960,2.018312,9.518148,1.549049,9.852324,80.954041,78.027840
1.7085439,2.025495,9.521740,1.545457,9.856703,80.979225,77.990868
1.7187829,2.030283,9.522937,1.528698,9.856231,81.077423,77.964775
1.7285830,2.027889,9.516952,1.501164,9.845719,81.229980,77.971214
1.7385678,2.017115,9.507375,1.484405,9.831703,81.316193,78.021568
1.7486290,2.013524,9.503783,1.478420,9.826591,81.346939,78.037888
1.7586639,1.994370,9.508572,1.458069,9.824276,81.464920,78.154243
1.7687119,1.981202,9.538500,1.441309,9.848123,81.584320,78.266174
1.7787019,1.981202,9.551667,1.446098,9.861577,81.567764,78.281898
1.7887150,1.976413,9.554062,1.450886,9.863640,81.541420,78.312294
1.7987399,1.991976,9.520543,1.468843,9.836982,81.412567,78.182526
1.8086560,2.006341,9.513360,1.487996,9.835831,81.298698,78.090996
1.8186630,1.996764,9.498995,1.511938,9.823642,81.146523,78.128807
1.8287399,1.966837,9.493010,1.509544,9.811442,81.149574,78.294624
1.8392919,1.944092,9.502586,1.479617,9.811621,81.326569,78.437668
1.8488029,1.938106,9.521740,1.453280,9.825060,81.493843,78.494881
1.8590519,1.929727,9.527725,1.450886,9.828859,81.511269,78.550308
1.8691239,1.932121,9.521740,1.453280,9.823881,81.492813,78.529465
1.8786860,1.938106,9.514558,1.478420,9.821853,81.342735,78.486427
1.8887960,1.950077,9.515755,1.502362,9.829012,81.207893,78.418640
1.8986229,1.980005,9.527725,1.521515,9.849517,81.113586,78.260170
1.9087220,1.990779,9.542090,1.509544,9.863743,81.196877,78.215347
1.9192249,1.997961,9.546879,1.499967,9.868366,81.257294,78.179794
1.9287690,1.989582,9.546879,1.491588,9.865402,81.303886,78.227982
1.9389300,1.966837,9.530120,1.478420,9.842629,81.361153,78.338951
1.9487729,1.940500,9.531317,1.473631,9.837842,81.385117,78.492310
1.9590260,1.940500,9.526528,1.462857,9.831594,81.443100,78.486679
1.9688519,1.928530,9.534908,1.466449,9.837894,81.427475,78.565620
1.9803669,1.929727,9.536105,1.477222,9.840901,81.366669,78.560104
1.9886580,1.944092,9.543288,1.497573,9.853760,81.258324,78.485657
1.9986959,1.965640,9.543288,1.520318,9.861513,81.131523,78.361496
2.0095160,1.995567,9.542090,1.534683,9.868588,81.053513,78.187798
2.0193729,1.993173,9.556456,1.538275,9.882554,81.045181,78.218811
2.0287149,1.971625,9.560047,1.531092,9.880589,81.085548,78.346931
2.0386648,1.944092,9.569624,1.491588,9.878362,81.315384,78.516502
2.0487399,1.917756,9.572019,1.479617,9.873733,81.381546,78.670776
2.0586648,1.895011,9.578004,1.497573,9.877851,81.279808,78.808548
2.0690548,1.909376,9.583989,1.513135,9.888788,81.198296,78.732735
2.0787449,1.936909,9.579201,1.537078,9.893195,81.061913,78.568947
2.0891299,1.960851,9.560047,1.565808,9.883885,80.884781,78.408882
2.0988140,1.982399,9.557653,1.583764,9.888729,80.783897,78.282158
2.1087079,1.996764,9.569624,1.576582,9.902040,80.838493,78.213966
2.1186631,1.988384,9.555259,1.561020,9.883999,80.913002,78.244896
2.1286230,1.996764,9.540894,1.527501,9.866558,81.093880,78.179474
2.1386230,2.003947,9.527725,1.505953,9.851966,81.207405,78.122231
2.1486001,1.983596,9.539697,1.477222,9.855083,81.379189,78.253822
2.1585028,1.938106,9.555259,1.461660,9.858787,81.473915,78.534164
2.1685879,1.885434,9.546879,1.440112,9.837260,81.582008,78.828293
2.1785150,1.875857,9.518148,1.430536,9.806142,81.611664,78.850906
2.1884711,1.880645,9.510966,1.448492,9.802726,81.502617,78.814941
2.1985631,1.911770,9.527725,1.478420,9.829453,81.349480,78.654076
2.2084668,1.938106,9.530120,1.489193,9.838553,81.294075,78.504723
2.2185199,1.930924,9.531317,1.489193,9.838301,81.293846,78.547600
2.2285891,1.904588,9.549273,1.492785,9.851116,81.284134,78.720459
2.2385547,1.884237,9.574412,1.483208,9.870138,81.357292,78.866516
2.2486541,1.866280,9.586384,1.460463,9.874953,81.495003,78.983437
2.2586081,1.886631,9.606734,1.440112,9.895587,81.631981,78.889290
2.2691200,1.922544,9.589975,1.442507,9.886588,81.610291,78.663940
2.2786188,1.953669,9.560047,1.470040,9.867743,81.432510,78.450195
2.2886200,1.965640,9.528923,1.517924,9.847243,81.132668,78.344437
2.2985799,1.953669,9.520543,1.557428,9.842923,80.895927,78.403572
2.3086689,1.940500,9.538500,1.539472,9.854872,81.012772,78.500748
2.3187630,1.939303,9.589975,1.511938,9.900227,81.215553,78.567711
2.3286998,1.942895,9.624691,1.478420,9.929514,81.437309,78.587318
2.3386080,1.962048,9.654618,1.472434,9.961392,81.499733,78.512573
2.3486450,1.966837,9.657013,1.460463,9.962895,81.570625,78.488060
2.3604720,1.938106,9.609129,1.511938,9.918547,81.231911,78.596756
2.3684731,1.938106,9.609129,1.511938,9.918547,81.231911,78.596756
2.3785388,1.909376,9.562442,1.535880,9.871420,81.049065,78.708000
2.3885219,1.885434,9.519346,1.539472,9.825619,80.985794,78.796799
2.3985028,1.890222,9.540894,1.491588,9.840041,81.281296,78.793793
2.4087601,1.969231,9.622296,1.479617,9.932558,81.432968,78.433960
2.4184918,1.977611,9.623494,1.477222,9.935027,81.449081,78.387482
2.4285178,1.952471,9.598354,1.511938,9.910929,81.225113,78.501923
2.4386077,1.946486,9.552865,1.535880,9.869395,81.047211,78.483109
2.4484799,1.946486,9.525331,1.551443,9.845188,80.933319,78.450706
2.4585519,1.945289,9.514558,1.551443,9.834528,80.923409,78.444901
2.4684978,1.935712,9.501390,1.546654,9.819140,80.937355,78.484756
2.4786639,1.939303,9.515755,1.510741,9.828165,81.157692,78.480911
2.4885828,1.909376,9.534908,1.483208,9.836671,81.327667,78.676231
2.4986060,1.880645,9.586384,1.441309,9.874865,81.607277,78.900742
2.5085249,1.860295,9.612720,1.406593,9.891591,81.824776,79.047272
2.5185320,1.885434,9.617508,1.411382,9.901683,81.805168,78.908295
2.5288398,1.912967,9.628283,1.443704,9.922074,81.633522,78.762695
2.5385430,1.930924,9.603143,1.495179,9.908803,81.321259,78.631020
2.5484731,1.933318,9.564836,1.528698,9.877282,81.096596,78.572899
2.5590069,1.935712,9.533711,1.534683,9.848548,81.035156,78.522758
2.5685349,1.933318,9.532514,1.535880,9.847104,81.026779,78.535179
2.5786328,1.915361,9.528923,1.537078,9.840304,81.013474,78.634712
2.5884669,1.914164,9.550470,1.532289,9.860193,81.059914,78.666588
2.5986938,1.926135,9.561244,1.509544,9.869453,81.202011,78.610077
2.6088560,1.945289,9.563639,1.519121,9.876997,81.152565,78.502617
2.6190341,1.964442,9.550470,1.551443,9.873069,80.959137,78.376900
2.6285269,1.978808,9.530120,1.593341,9.862941,80.703224,78.269943
2.6385388,1.996764,9.522937,1.608904,9.862148,80.610840,78.157814
2.6487579,1.984793,9.513360,1.600524,9.849117,80.647713,78.215302
2.6587000,1.995567,9.512163,1.565808,9.844556,80.848053,78.151688
2.6689689,2.000355,9.524135,1.545457,9.853882,80.976624,78.138565
2.6784828,1.965640,9.533711,1.525106,9.852986,81.095604,78.350128
2.6886399,1.934515,9.542090,1.509544,9.852541,81.186790,78.539474
2.6985180,1.908179,9.557653,1.491588,9.859753,81.298866,78.709389
2.7087929,1.873463,9.519346,1.491588,9.815938,81.259720,78.866150
2.7185779,1.853112,9.501390,1.513135,9.797959,81.116043,78.963806
2.7287569,1.868674,9.513360,1.532289,9.815492,81.018867,78.887085
2.7388988,1.899799,9.536105,1.551443,9.846498,80.934532,78.732956
2.7484920,1.920150,9.522937,1.540669,9.836003,80.988327,78.600067
2.7584860,1.936909,9.507375,1.539472,9.824040,80.984329,78.484886
2.7688770,1.935712,9.508572,1.529895,9.823466,81.040352,78.493225
2.7788069,1.904588,9.543288,1.517924,9.849157,81.134407,78.713562
2.7886400,1.890222,9.564836,1.483208,9.861994,81.350105,78.821136
2.7985258,1.865083,9.582792,1.447295,9.869302,81.567383,78.986305
2.8084688,1.855506,9.561244,1.449689,9.846923,81.533997,79.017387
2.8189769,1.878251,9.537302,1.496376,9.834993,81.248566,78.858894
2.8286290,1.909376,9.543288,1.552640,9.855494,80.935829,78.685921
2.8385978,1.954866,9.544485,1.601721,9.873409,80.663895,78.424980
2.8484888,1.971625,9.513360,1.626860,9.850787,80.494034,78.291321
2.8587179,1.970428,9.504981,1.625663,9.842257,80.492790,78.288200
2.8685019,1.958457,9.514558,1.626860,9.849317,80.492607,78.368805
2.8784890,1.941698,9.545682,1.598130,9.871386,80.683083,78.502266
2.8885648,1.939303,9.564836,1.538275,9.879942,81.042793,78.538452
2.8985078,1.953669,9.555259,1.556231,9.876317,80.934006,78.444565
2.9086649,1.990779,9.512163,1.602918,9.849558,80.634026,78.179314
2.9185038,2.006341,9.500193,1.630451,9.845681,80.467873,78.074959
2.9285948,2.015918,9.508572,1.616086,9.853354,80.560051,78.029930
2.9385018,2.027889,9.542090,1.590947,9.884075,80.737343,78.001984
2.9484680,2.013524,9.550470,1.574188,9.886548,80.838074,78.094696
2.9586039,1.994370,9.556456,1.544260,9.883729,81.011124,78.211937
2.9686131,1.962048,9.544485,1.527501,9.863067,81.090698,78.383598
2.9785531,1.920150,9.545682,1.543063,9.858400,80.994881,78.626518
2.9886467,1.908179,9.557653,1.545457,9.868046,80.989685,78.709389
2.9985168,1.920150,9.576807,1.569399,9.892685,80.871895,78.662521
3.0088129,1.928530,9.580399,1.564611,9.897033,80.904015,78.618492
3.0188000,1.926135,9.560047,1.555034,9.875355,80.940147,78.608688
3.0285571,1.903390,9.544485,1.555034,9.855872,80.922089,78.721855
3.0384891,1.880645,9.537302,1.534683,9.841352,81.028549,78.845047
3.0485580,1.853112,9.525331,1.507150,9.820258,81.171722,78.990868
3.0585239,1.847127,9.525331,1.510741,9.819682,81.149994,79.025566
3.0686059,1.850718,9.532514,1.508347,9.826957,81.170723,79.012833
3.0791368,1.892616,9.546879,1.533486,9.852739,81.046051,78.786812
3.0885680,1.927332,9.558850,1.533486,9.871059,81.062805,78.600403
3.0986140,1.945289,9.560047,1.547851,9.877980,80.984764,78.498413
3.1086011,1.940500,9.544485,1.540669,9.860851,81.011223,78.507767
3.1184387,1.933318,9.548077,1.545457,9.863667,80.985649,78.553368
3.1286037,1.928530,9.556456,1.526304,9.867861,81.102097,78.590721
3.1386559,1.916559,9.561244,1.502362,9.866492,81.241554,78.665237
3.1486549,1.941698,9.579201,1.491588,9.887169,81.323174,78.541435
3.1585557,1.958457,9.599552,1.504756,9.912177,81.268234,78.469017
3.1684899,1.941698,9.591172,1.508347,9.901307,81.237549,78.555359
3.1785810,1.906982,9.548077,1.497573,9.851146,81.255981,78.705261
3.1885989,1.879448,9.516952,1.473631,9.812047,81.362297,78.828728
3.1985099,1.867477,9.496601,1.461660,9.788225,81.411987,78.874916
3.2084808,1.862689,9.493010,1.449689,9.782047,81.477432,78.898636
3.2185531,1.854309,9.476251,1.369483,9.752604,81.927711,78.928284
3.2291698,1.816002,9.404425,1.219846,9.655521,82.742050,79.070656
3.2385640,1.715446,9.258378,0.987608,9.467613,84.012337,79.502953
3.2486870,1.473631,9.058462,0.745794,9.207797,85.354187,80.760063
3.2585089,1.127669,8.981848,0.557849,9.069532,86.473625,82.843971
3.2686219,0.800860,9.042900,0.531513,9.093841,86.649292,84.938957
3.2785709,0.610521,9.117120,0.410606,9.146759,87.427078,86.168945
3.2886930,0.639252,9.223662,0.154426,9.247078,89.043114,86.035416
3.2985620,0.739808,9.440337,-0.029928,9.469328,90.181084,85.519073
3.3088279,0.864307,9.680955,-0.112527,9.720112,90.663315,84.898209
3.3186979,1.004368,9.829395,-0.102951,9.881111,90.596970,84.165764
3.3285139,1.203086,9.934740,0.124498,10.008096,89.287231,83.095161
3.3384838,1.471237,9.970653,0.390255,10.086166,87.782555,81.606194
3.3485618,1.819593,9.943120,0.626084,10.127613,86.455742,79.629608
3.3586078,2.115277,9.911995,0.774524,10.164740,85.629990,77.953453
3.3684778,2.249352,9.770737,0.821211,10.059884,85.317604,77.035637
3.3787389,2.397793,9.696517,0.817620,10.021994,85.320465,76.110313
3.3886750,2.765303,9.746795,0.596156,10.149006,86.632484,74.160614
3.3986490,3.938462,9.862914,0.745794,10.646350,85.983047,68.232170
3.4085119,4.624401,9.849746,1.207875,10.948130,83.665833,64.850204
3.4185269,5.231331,9.662998,1.792060,11.133366,80.737206,61.569878
3.4285519,5.724536,9.300277,2.431312,11.188241,77.448936,58.386738
3.4385269,6.161478,8.884883,3.099294,11.247692,74.005249,55.259514
3.4485297,6.536170,8.522161,3.781641,11.386375,70.602509,52.513176
3.4585149,6.763620,8.244433,4.319140,11.505312,67.950714,50.635017
3.4685559,7.005434,8.244433,4.709395,11.799373,66.476669,49.644882
3.4786658,7.250840,8.315063,4.885368,12.065727,66.115372,48.911160
3.4884598,7.273585,8.413225,4.922479,12.162162,66.125343,49.155212
3.4984770,7.202956,8.564059,5.013458,12.262155,65.866997,49.933884
3.5085900,7.213730,8.763975,5.145139,12.462648,65.616333,50.541805
3.5187628,7.340622,9.005790,5.230134,12.741400,65.764793,50.816509
3.5288730,7.485472,9.278728,5.069722,12.954890,66.962311,51.105679
3.5387897,7.718906,9.700109,4.272453,13.112111,70.983513,51.488819
3.5487108,7.635109,10.052056,2.494758,12.867111,78.820320,52.781258
3.5585158,6.789956,10.119094,-0.272939,12.189096,91.283081,56.138218
3.5686209,5.544971,10.234015,-1.824382,11.781772,98.907974,61.550381
3.5787268,4.407725,10.104729,-1.205481,11.089940,96.240402,66.432968
3.5888929,3.623624,9.249998,0.405817,9.942726,87.660797,68.607574
3.5986700,3.623624,7.827842,0.788889,8.661877,84.774483,65.159882
3.6085150,4.462792,6.404490,0.099359,7.806655,89.270744,55.130352
3.6186259,5.415684,5.281609,-1.112107,7.646032,98.363274,44.281918
3.6288359,6.121974,4.359841,-1.976413,7.771293,104.733437,35.457054
3.6389680,6.532579,3.720589,-2.002750,7.779999,104.917198,29.663404
3.6485789,6.307524,3.298013,-2.233790,7.459998,107.423714,27.603699
3.6586568,5.151125,3.177106,-2.906561,6.713880,115.652901,31.665413
3.6684639,3.976769,3.530250,-2.488773,5.871231,115.080605,41.596046
3.6788669,3.560178,4.237737,-2.234987,5.968957,111.989403,49.965946
3.6889269,3.707421,5.262455,-2.529474,6.916404,111.451958,54.835148
3.6984909,3.809175,6.524199,-2.941277,8.107163,111.272240,59.721340
3.7086079,3.501520,7.912837,-3.003526,9.159410,109.142395,66.130066
3.7184858,2.424129,9.124303,-2.553416,9.780043,105.134415,75.121468
3.7286019,1.192312,9.824607,-1.863886,10.070679,100.665825,83.080437
3.7398489,0.703895,10.471041,-0.954089,10.537952,95.194580,86.154190
3.7488770,0.495600,10.607511,-0.355539,10.625032,91.917610,87.324997
3.7587268,0.244209,10.242394,-0.039504,10.245382,90.220924,88.634163
3.7684779,0.094571,10.269928,0.968455,10.315923,84.613167,89.472404
3.7788439,0.244209,11.450270,2.785654,11.786779,76.329544,88.778198
3.7890408,0.839168,14.293385,5.367800,15.291120,69.449036,86.640007
3.7988710,1.096544,17.153257,7.350199,18.693905,66.847054,86.342270
3.8086257,0.106542,18.203115,7.260417,19.597919,68.255470,89.664658
3.8186429,-1.594538,16.678009,5.577293,17.657993,71.587814,95.461288
3.8286698,-2.849100,13.860034,4.369418,14.809110,72.839500,101.616035
3.8391309,-3.227384,11.378444,3.659537,12.380517,72.807175,105.835464
3.8488040,-2.709039,9.868899,3.185485,10.718273,72.710411,105.349754
3.8586628,-1.769315,9.293094,2.795230,9.864349,73.538742,100.779549
3.8685689,-0.775721,9.427169,2.677915,9.830792,74.192825,94.704025
3.8785520,0.202310,10.097546,2.552219,10.417062,75.817947,88.852203
3.8886728,1.227028,11.034876,2.284068,11.335390,78.375374,83.655029
3.8984768,2.229002,11.847707,1.850718,12.196793,81.272339,79.345047
3.9087610,3.374627,11.920731,1.003170,12.429733,85.370773,74.193764
3.9186049,3.197456,11.207258,0.810437,11.682602,86.022125,74.076431
3.9286211,2.624045,10.323798,0.869095,10.687457,85.335602,75.738876
3.9385138,1.985990,9.513360,0.975637,9.767295,84.267273,78.208389
3.9487679,1.493982,8.916007,1.104924,9.107580,83.031761,80.487785
3.9584749,1.328782,8.622718,1.332373,8.825652,81.317085,81.239494
3.9685748,1.443704,8.514978,1.707066,8.803591,78.819199,80.377090
3.9787209,1.877054,8.550891,2.158373,9.016631,76.150238,77.619057
3.9888098,2.395399,8.547300,2.631228,9.258383,73.488998,74.344360
3.9985809,2.834735,8.397662,2.870648,9.316495,72.053711,71.347252
4.0086880,3.082535,8.106767,2.972401,9.168253,71.082527,69.181084
4.0185599,3.236961,7.966706,3.016694,9.113000,70.668579,67.887550
4.0287690,3.375824,8.037335,3.010709,9.222761,70.946960,67.216721
4.0385261,3.590106,8.313866,2.829947,9.487772,72.646095,66.644279
4.0487080,3.872621,8.720880,2.573767,9.883077,74.904922,66.055756
4.0586071,4.094085,9.151836,2.245761,10.274292,77.374321,65.898590
4.0685606,4.261679,9.512163,1.996764,10.612739,79.155281,65.866463
4.0785012,4.223372,9.655815,1.784877,10.689126,80.387688,66.375839
4.0885658,4.260482,9.568427,1.525106,10.584538,81.715523,65.998283
4.0991611,4.294001,9.281123,1.337162,10.313375,82.550446,65.171928
4.1086168,4.350265,8.920795,1.295263,10.009151,82.564621,64.003624
4.1186848,4.338294,8.503007,1.404199,9.648507,81.631714,62.969009
4.1284909,4.365827,8.188169,1.617283,9.419245,80.113335,61.934036
4.1388016,4.344279,7.981071,1.853112,9.273849,78.473495,61.439541
4.1490288,4.325125,7.926005,1.993173,9.246675,77.551872,61.379234
4.1584988,4.297592,7.966706,2.164358,9.307103,76.552803,61.655624
4.1686120,4.265270,8.018182,2.561796,9.436449,74.247719,61.989265
4.1784906,4.516662,8.409634,3.181894,10.062138,71.565254,61.760563
4.1884990,4.803966,8.638280,3.497929,10.484917,70.511642,60.920460
4.1989579,4.965574,8.888474,3.739743,10.846546,69.831238,60.809952
4.2085528,4.696227,8.330625,2.920926,9.999283,73.015465,60.588722
4.2185397,4.316746,7.665037,2.155979,9.057336,76.229301,60.612942
4.2290392,3.829526,7.444770,1.392228,8.486941,80.558319,62.779102
4.2386551,3.491943,7.558495,0.715866,8.356852,85.085892,65.203575
4.2489128,3.350685,8.012196,0.313640,8.690267,87.931686,67.305412
4.2589378,3.394978,8.361750,0.410606,9.034010,87.394943,67.902214
4.2685881,3.872621,8.522161,0.990002,9.412997,83.962807,65.562111
4.2787948,4.472369,8.271967,1.545457,9.529740,80.667007,61.601433
4.2885828,5.117606,7.754819,1.963245,9.496391,78.068863,56.578144
4.2985692,5.617994,7.161057,2.226608,9.370186,76.253487,51.885098
4.3085198,5.890934,6.840234,2.424129,9.347101,74.968765,49.264374
4.3184881,6.112397,6.866570,2.943671,9.652792,72.244522,48.325565
4.3286428,6.500257,7.253234,3.636792,10.396586,69.524529,48.133701
4.3387280,7.575254,8.090008,4.110844,11.820819,69.649445,46.882038
4.3492770,8.951921,8.913613,4.789600,13.510354,69.236382,44.877148
4.3586769,10.289082,9.160215,5.216966,14.730631,69.258171,41.678192
4.3684816,10.873267,8.432379,3.939659,14.312716,74.022736,37.794106
4.3788881,9.849746,7.390901,0.952892,12.351151,85.575226,36.883266
4.3888764,7.386112,6.660669,0.199916,9.947821,88.848480,42.043598
4.3985815,4.912902,5.796362,0.084994,7.598793,89.359123,49.715935
4.4084687,2.225410,4.448427,-0.415394,4.991343,94.773842,63.422615
4.4184971,2.019509,4.043807,-1.003170,4.630026,102.513306,63.462093
4.4287863,2.539051,3.763685,-2.051831,4.982180,114.320091,55.995678
4.4389191,3.520674,3.775656,-2.007538,5.539037,111.249786,47.001480
4.4486270,4.711789,3.961207,-1.404199,6.313786,102.850159,40.053806
4.4584799,5.665878,4.325125,-1.602918,7.306041,102.673576,37.356796
4.4686508,6.060922,4.729745,-1.655591,7.864238,102.152908,37.967316
4.4785762,6.469133,5.445612,-1.617283,8.609296,100.827522,40.090134
4.4886189,6.435614,6.578069,-1.027112,9.259756,96.368477,45.627167
4.4984856,6.094440,8.060080,-0.225055,10.107311,91.275887,52.906105
4.5085640,5.076905,9.970653,0.020351,11.188802,89.895790,63.015495
4.5186286,3.125630,11.414356,-0.462081,11.843589,92.235977,74.685913
4.5289288,0.402226,13.765463,-0.930147,13.802714,93.864021,88.326294
4.5385251,-2.375048,16.493656,-0.831985,16.684536,92.858276,98.194130
4.5487251,-3.764882,17.739838,0.126893,18.135387,89.599098,101.981964
4.5589361,-2.615665,18.393456,2.645593,18.765928,81.895523,98.093552
4.5686679,-1.309628,18.641254,5.530606,19.488434,73.513519,94.018669
4.5787005,-2.118869,17.938557,6.910863,19.340151,69.063538,96.736458
4.5889311,-4.375403,15.849615,6.044162,17.518171,69.816833,105.432564
4.5989046,-6.315904,13.419500,5.030218,15.661313,71.265244,115.204079
4.6089411,-6.945579,11.625047,4.369418,14.229357,72.117218,120.856911
4.6186867,-6.326678,10.581175,3.749320,12.885865,73.084335,120.875977
4.6285763,-4.764462,10.284293,3.397372,11.832537,73.314316,114.857132
4.6387701,-3.033453,10.529699,3.361459,11.461928,72.946068,106.070923
4.6494417,-1.424550,11.069592,3.460819,11.685139,72.772133,97.333115
4.6587625,0.058658,11.694478,3.485958,12.203120,73.401627,89.712616
4.6685038,1.308431,12.230780,3.300407,12.735644,74.980530,83.893806
4.6784849,2.291251,12.543222,2.906561,13.077857,77.158745,79.648003
4.6885591,2.940080,12.478580,2.408567,13.044547,79.359756,76.742325
4.6985650,3.302801,12.135012,2.142811,12.757689,80.330635,74.774536
4.7084789,3.271677,11.494562,2.094927,12.133324,80.057549,74.112152
4.7187328,2.821567,10.711658,2.142811,11.282398,79.051590,75.242882
4.7288857,2.126051,9.949105,2.261323,10.422014,77.468536,77.937729
4.7387657,1.448492,9.355343,2.373851,9.759905,75.923050,81.198753
4.7495399,1.046266,8.985439,2.412158,9.362227,75.069458,83.358376
4.7592878,0.975637,8.856153,2.448071,9.239932,74.636330,83.713364
4.7687993,1.186327,8.949526,2.606089,9.396440,73.897980,82.449036
4.7795701,1.588553,9.209297,2.642002,9.711582,74.213921,80.213104
4.7889667,2.056619,9.508572,2.619257,10.074876,74.931183,77.795433
4.7992749,2.353500,9.773131,2.552219,10.371446,75.754257,76.460213
4.8093481,2.418144,9.928755,2.498349,10.519950,76.261742,76.312126
4.8186607,2.382231,10.067618,2.422932,10.625562,76.818962,76.687355
4.8287611,2.249352,10.116699,2.340332,10.624704,77.274948,77.464729
4.8389058,2.047042,10.140641,2.256535,10.588434,77.695145,78.587349
4.8491611,1.875857,10.225636,2.149993,10.616258,78.315704,79.604866
4.8586206,1.716643,10.188525,2.116474,10.546676,78.423454,80.436180
4.8687201,1.577779,9.938332,1.978808,10.255510,78.874969,80.979179
4.8794985,1.440112,9.477448,1.842338,9.761667,79.121208,81.359917
4.8887258,1.249773,8.991425,1.842338,9.262930,78.527725,82.086807
4.8986788,0.791284,8.232463,1.714248,8.446196,78.289833,84.509743
4.9087276,0.913388,8.374918,2.127248,8.688999,75.828751,83.775787
4.9188328,1.146823,8.795100,2.246958,9.149744,75.784119,82.570923
4.9286084,1.552640,8.633492,1.768118,8.948414,78.603928,79.804955
4.9386911,2.151190,8.353370,1.295263,8.722620,81.460297,75.558762
4.9488358,2.548628,8.080431,1.119289,8.546442,82.474609,72.494339
4.9589076,2.912546,7.936779,1.297657,8.553321,81.273743,69.848465
4.9690409,3.116054,7.958326,1.698686,8.713799,78.758659,68.617355
4.9795966,3.080141,7.818265,1.859098,8.606322,77.524895,68.497185
4.9897161,3.301604,7.624335,1.679533,8.476551,78.571869,66.585701
4.9995217,4.024653,7.606379,1.424550,8.722625,80.600540,62.115990
5.0089421,5.079299,7.389704,1.437718,9.081521,80.891037,55.497387
5.0189300,6.295553,6.909666,1.689109,9.498977,79.757187,47.662640
5.0286980,7.161057,6.238092,2.164358,9.740584,77.161713,41.059555
5.0387158,7.453150,5.513846,2.826355,9.692277,73.045692,36.494064
5.0487247,7.401675,4.911705,3.485958,9.542617,68.573700,33.568001
5.0586605,7.388506,4.753687,4.174291,9.726884,64.586380,32.756802
5.0687819,7.937976,5.052963,4.945224,10.630105,62.276230,32.479019
5.0788898,9.461885,5.868188,6.041768,12.667512,61.513618,31.806870
5.0889068,11.257536,6.278794,7.085640,14.709237,61.202618,29.150217
5.0986819,11.963826,5.926847,5.650316,14.497818,67.061951,26.353687
5.1091328,10.363302,6.038177,1.549049,12.093682,82.640915,30.227209
5.1186948,6.666655,6.647501,-1.194707,9.490041,97.232185,44.917576
5.1292663,3.159149,6.831854,-0.702698,7.559646,95.333565,65.183487
5.1388607,1.067814,6.125565,-0.226252,6.222055,92.083900,80.111511
5.1485605,0.305261,5.212177,-0.948104,5.306494,100.292221,86.648193
5.1585593,0.517148,4.580108,-0.848745,4.686704,100.433617,83.557922
5.1689086,1.386243,4.246117,-0.090980,4.467600,91.166870,71.919533
5.1786079,2.809596,4.387374,0.780510,5.268024,81.479698,57.365231
5.1886196,4.486734,4.820725,0.593762,6.612316,84.848106,47.055134
5.1984859,5.693412,5.410896,0.260968,7.858806,88.097023,43.542595
5.2086377,6.296751,6.163872,-0.347159,8.818328,92.256195,44.389030
5.2191305,6.673837,7.262811,-0.316035,9.868556,91.835175,47.419926
5.2286782,6.552930,8.564059,-0.332794,10.788640,91.767670,52.577999
5.2387357,5.919664,9.995792,-0.591368,11.632196,92.914108,59.365322
5.2487249,4.886566,11.807006,-1.108515,12.826251,94.958000,67.516800
5.2602649,3.238158,13.218388,-1.789666,13.726410,97.491623,76.235123
5.2693410,1.380257,13.692439,-1.887828,13.890713,97.810997,84.243782
5.2792888,0.039504,13.607446,-1.522712,13.692435,96.384972,89.833664
5.2888718,-0.598550,12.957419,-0.916979,13.003608,94.043701,92.644821
5.3004198,-0.501585,12.089521,-0.167594,12.101083,90.793541,92.375793
5.3092408,0.095768,12.115858,1.058237,12.162363,85.008430,89.547127
5.3206596,1.238999,13.676877,5.167884,14.673075,69.377953,84.823662
5.3292150,1.238999,16.112978,5.167884,16.966738,72.266548,85.602921
5.3389797,0.487220,17.882292,6.303933,18.967165,70.587898,88.439308
5.3487949,-1.681927,17.739838,5.634754,18.689066,72.452278,95.416061
5.3592410,-4.448427,15.773001,4.473566,16.987904,74.731758,105.749931
5.3687677,-6.609194,13.441049,4.248511,15.568978,74.164101,116.184135
5.3788128,-7.381324,11.775881,4.048595,14.475718,73.758789,122.080193
5.3885541,-6.707356,10.856507,3.586514,13.255772,74.302261,121.708557
5.3985476,-5.098453,10.587160,3.134010,12.161588,75.066521,115.714043
5.4090438,-1.648408,11.320983,2.602497,11.732643,77.184235,98.284416
5.4185977,-0.153229,11.738770,2.452860,11.993279,78.198624,90.747856
5.4287047,1.109712,11.896789,2.342726,12.175936,78.906754,84.670967
5.4391279,2.063802,11.724405,2.165555,12.100025,79.690163,80.016716
5.4487090,2.597709,11.409568,1.957260,11.864114,80.504326,77.173653
5.4590278,2.811990,11.055226,1.813608,11.550519,80.966309,75.728973
5.4688921,2.795230,10.726024,1.856703,11.238694,80.490776,75.393448
5.4787641,2.767697,10.371682,1.827973,10.889143,80.335938,75.058708
5.4890289,2.758120,9.992201,1.916559,10.541561,79.524811,74.569038
5.4987707,2.864662,9.666590,2.053028,10.289031,78.490196,73.492981
5.5087938,3.104083,9.362526,2.072181,10.078996,78.135727,71.657410
5.5186696,3.324349,9.090784,2.026692,9.889445,78.174316,69.913368
5.5287838,3.533842,8.930372,1.909376,9.792104,78.755775,68.410774
5.5386972,3.864242,8.911219,1.847127,9.887065,79.232590,66.556618
5.5486927,4.197036,8.888474,1.814805,9.995679,79.539421,64.723854
5.5595107,4.578911,8.865729,1.825579,10.143980,79.632179,62.684864
5.5687742,4.939238,8.858546,1.771709,10.296061,80.091431,60.857380
5.5788178,5.233725,8.892065,1.778892,10.470203,80.217972,59.519627
5.5887880,5.278018,8.869320,1.739388,10.466507,80.433861,59.243671
5.5990086,5.074511,8.713697,1.640028,10.216108,80.762131,59.785183
5.6094089,4.697424,8.416816,1.480814,9.751994,81.266006,60.834118
5.6186709,4.296395,8.118738,1.292869,9.276013,81.988167,62.112434
5.6286960,4.042610,7.931990,1.066617,8.966428,83.168106,62.993927
5.6387177,3.965995,7.894880,0.884658,8.879238,84.282013,63.327324
5.6501746,3.985149,7.900866,0.870292,8.891709,84.383080,63.233898
5.6587100,3.979163,7.904457,0.900220,8.895200,84.191559,63.278973
5.6692376,3.897760,7.914034,1.119289,8.892541,82.769096,63.779179
5.6789770,3.800795,7.874529,1.401805,8.855468,80.891869,64.234810
5.6886735,3.712210,7.916428,1.817199,8.930429,78.259232,64.876953
5.6987538,3.821146,8.111555,2.225410,9.238557,76.061340,64.776077
5.7088318,4.182671,8.427590,2.525883,9.741616,74.972191,63.604481
5.7187996,4.720169,8.777143,2.755726,10.339839,74.542984,61.729546
5.7292538,5.294777,8.979453,3.063381,10.865061,73.623505,59.474072
5.7387190,5.649119,8.899248,3.447650,11.090331,71.888336,57.593189
5.7489729,5.777209,8.643068,3.730166,11.045040,70.261780,56.240398
5.7586880,5.713762,8.312668,3.934870,10.827314,68.689575,55.497082
5.7693949,5.661090,8.423999,4.592079,11.139968,65.655853,56.098137
5.7795148,5.576096,8.158242,4.364630,10.802766,66.169708,55.647694
5.7888103,5.832275,7.947553,3.660734,10.515703,69.627586,53.727085
5.7986450,5.495890,7.460332,2.726996,9.659082,73.601013,53.621609
5.8100939,4.917690,6.999449,2.099715,8.808222,76.208977,54.908794
5.8194299,3.870227,6.792350,0.896629,7.868839,83.457123,60.325855
5.8288145,2.426523,6.754043,-1.356315,7.303746,100.702026,70.238174
5.8386488,1.100136,6.890512,-2.373851,7.370524,108.788368,80.928749
5.8486538,0.585382,7.066486,-1.266533,7.202917,100.127319,85.264473
5.8590097,1.285686,7.134721,0.706290,7.283960,84.435570,79.784851
5.8692980,2.809596,7.067683,1.709460,7.795398,77.332611,68.320839
5.8787599,4.152743,6.783970,0.663194,7.981689,85.233833,58.527512
5.8886857,4.831499,6.467936,-0.560243,8.092679,93.969673,53.240547
5.8987436,5.021838,6.060922,-0.506374,7.887334,93.680969,50.356209
5.9092259,5.963956,4.865018,0.994791,7.760592,82.635284,39.205387
5.9193258,7.128736,4.327519,1.302446,8.440536,81.123314,31.259964
5.9286261,8.465898,4.046201,0.812831,9.418273,85.049004,25.545055
5.9389272,9.941922,4.380192,-0.695516,10.886305,93.663071,23.777231
5.9487896,10.939108,5.201403,-0.907402,12.146689,94.284195,25.430479
5.9595928,10.795456,5.898116,-0.994791,12.341769,94.623260,28.650063
5.9697218,10.277111,6.168661,-1.344344,12.061453,96.399361,30.973570
5.9789109,10.244789,6.162675,-2.681506,12.252541,102.641678,31.028692
5.9888010,10.006566,6.008249,-2.568978,11.951154,102.412979,30.981897
5.9987912,9.258378,5.912481,-2.170344,11.197562,101.175972,32.562656
6.0088139,8.696938,7.268796,-1.408988,11.421794,97.086037,39.888474
6.0190687,6.829460,10.661380,0.575805,12.674309,87.396103,57.357212
6.0292377,2.355895,15.771804,2.243367,16.103811,81.992279,81.504326
6.0387545,-3.716998,21.159954,2.643199,21.645929,82.986069,99.963043
6.0494628,-8.798691,24.694994,2.059013,26.296373,85.509125,109.610703
6.0590076,-12.892776,24.805126,0.648829,27.963171,88.670448,117.463722
6.0698562,-16.770185,21.632809,0.118513,27.372095,89.751923,127.783554
6.0787249,-17.984047,17.159243,0.452504,24.861019,88.957085,136.344467
6.0888128,-16.563087,13.570335,0.912191,21.431797,87.560608,140.671829
6.0987897,-13.739126,11.482592,1.602918,17.977287,84.884514,140.112518
6.1093640,-10.310630,10.716447,2.093729,15.017823,81.985931,133.894348
6.1200867,-6.944382,10.899603,2.229002,13.114657,80.214355,122.502129
6.1289210,-3.898957,11.731588,2.140416,12.546451,80.177330,108.384071
6.1391516,-1.086968,12.818556,1.845930,12.996320,81.834389,94.846878
6.1485510,1.364695,13.658920,1.617283,13.821870,83.280487,84.294380
6.1585321,3.122039,13.849259,1.698686,14.298064,83.176842,77.296165
6.1692629,4.135983,13.443442,1.873463,14.189515,82.413002,72.899063
6.1790056,4.677073,12.962208,1.751359,13.891044,82.756973,70.159348
6.1885657,4.844667,12.617443,1.077391,13.558445,85.442314,68.994919
6.1986065,4.527435,12.550406,0.225055,13.343949,89.033623,70.163589
6.2091589,3.703830,12.539632,-0.514753,13.085323,92.254494,73.544441
6.2186089,2.481590,12.304999,-0.645237,12.569313,92.942535,78.597908
6.2287107,1.163582,11.694478,-0.177171,11.753558,90.863701,84.317863
6.2392049,0.266953,10.843340,0.597353,10.863062,86.847748,88.589714
6.2487102,-0.027533,10.010158,1.333570,10.098635,82.411667,90.157593
6.2587843,0.110133,9.248801,1.793257,9.421689,79.027786,89.317764
6.2686858,0.720655,8.777143,1.987187,9.028095,77.284416,85.306213
6.2787280,1.460463,8.754398,1.993173,9.096437,77.342896,80.528786
6.2898698,1.957260,9.075222,1.877054,9.471740,78.569794,77.829391
6.2986469,2.063802,9.624691,1.763330,10.000164,79.843933,77.897453
6.3097038,1.982399,10.360908,1.532289,10.659560,81.735222,79.168251
6.3190169,1.904588,11.032481,1.203086,11.260130,83.866539,80.205307
6.3294187,1.883040,11.362882,0.829591,11.547689,85.880295,80.590546
6.3394098,1.924938,11.314998,0.474052,11.487353,87.634888,80.345123
6.3488498,1.964442,10.997766,0.341174,11.177042,88.250801,79.872520
6.3599253,2.103306,10.520123,0.383072,10.735158,87.955032,78.693832
6.3687091,2.103306,9.888053,0.383072,10.116532,87.829918,77.991486
6.3787270,2.375048,9.261970,0.591368,9.579908,86.460884,75.617538
6.3886447,2.780865,8.677784,0.829591,9.150157,84.798187,72.231529
6.3989167,3.688268,7.943961,1.217452,8.842626,82.086388,65.095230
6.4096818,3.994725,7.729680,1.408988,8.814252,80.801613,62.669922
6.4190936,4.305972,7.508216,1.567005,8.796034,79.738037,60.165676
6.4296412,4.532224,7.192182,1.805228,8.690649,78.011185,57.782520
6.4392896,4.875792,7.146692,2.340332,8.962461,74.863113,55.696453
6.4497247,5.193024,6.483498,1.959654,8.534840,76.726097,51.306664
6.4593678,5.491102,6.034585,1.866280,8.369673,77.115799,47.699730
6.4687829,5.291186,5.838261,2.002750,8.129757,75.738487,47.814144
6.4786797,4.738125,5.895722,2.503138,7.967124,71.688477,51.212730
6.4888225,4.017470,6.131551,2.664747,7.799799,70.022995,56.766670
6.4989257,3.506308,6.392519,2.310405,7.648298,72.417374,61.255150
6.5091858,3.240552,6.599617,1.762132,7.560505,76.522072,63.847984
6.5190649,3.313575,6.655881,1.270124,7.542795,80.305832,63.533962
6.5288348,3.694253,6.591237,1.200692,7.650724,80.970764,60.730263
6.5384855,4.309563,6.549339,1.723825,8.027313,77.599434,56.654484
6.5484648,5.570110,6.573281,2.489970,8.968506,73.880905,49.722504
6.5588279,7.048530,6.420052,3.043030,10.007940,72.298286,42.328373
6.5686378,7.899669,5.925649,3.635595,10.523100,69.788467,36.874062
6.5786037,7.899669,5.221754,3.940856,10.256794,67.404732,33.465073
6.5889268,7.748834,4.982334,4.493917,10.250042,63.996307,32.740147
6.5990596,8.016984,5.206192,4.262876,10.466545,65.965546,32.999504
6.6094885,8.574833,5.652710,4.554969,11.235151,66.082474,33.393711
6.6188240,9.212888,6.058527,4.452018,11.891321,68.013245,33.329494
6.6288953,9.549273,6.208165,3.156755,11.819265,74.509087,33.028664
6.6386518,8.821436,6.220136,0.950498,10.835649,84.967575,35.188278
6.6490879,7.177817,6.549339,-2.009932,9.922435,101.686958,42.378624
6.6586347,4.985925,6.906075,-2.906561,9.000079,108.841324,54.172138
6.6686258,3.244143,7.298724,-1.691504,8.164374,101.957207,66.035767
6.6797099,2.759317,7.605182,-1.098939,8.164575,97.735397,70.058182
6.6887980,2.888604,7.764396,-0.562637,8.303399,93.885330,69.593185
6.6986718,3.245340,7.823054,-0.559046,8.487929,93.776443,67.469215
6.7091918,3.280056,8.173804,-0.683545,8.833859,94.437859,68.134964
6.7193789,2.659958,9.199720,-1.241394,9.656672,97.385979,73.873589
6.7297959,1.529895,10.375273,-1.960851,10.669199,100.590370,81.611847
6.7409110,0.633266,11.010934,-2.427721,11.293162,102.413918,86.708405
6.7540789,0.846350,11.657368,-1.746570,11.817827,98.498940,85.847488
6.7687860,1.821988,12.026075,-1.036689,12.207410,94.871597,81.385025
6.7787428,2.831144,13.304579,0.452504,13.609995,88.094681,77.986946
6.7887745,3.439271,15.610195,2.724602,16.215124,80.326790,77.574982
6.7988019,3.305195,18.016367,5.000290,18.987278,74.731094,79.604393
6.8093519,1.769315,19.047071,5.406107,19.878315,74.219063,84.692924
6.8196645,-1.538275,17.843985,4.175488,18.390453,76.876755,94.927109
6.8286319,-5.331887,15.043966,2.600103,16.171286,80.747528,109.515358
6.8387856,-8.014590,12.303802,2.327164,14.867176,80.994438,123.079872
6.8487787,-8.517372,10.706870,2.844312,13.974005,78.255775,128.502441
6.8590198,-7.814674,10.143036,3.390190,13.245517,75.170120,127.612358
6.8697252,-6.789956,10.296265,3.982754,12.960668,72.103683,123.403183
6.8790851,-5.541380,10.887632,4.519056,13.025716,69.700134,116.974319
6.8887868,-4.023456,11.688493,4.631583,13.200782,69.460274,108.994675
6.8986688,-2.439692,12.328941,4.080917,13.213962,72.011040,101.193275
6.9109597,0.061052,12.848483,2.750938,13.139821,77.915222,89.727753
6.9194942,0.937330,12.870031,2.328361,13.112496,79.771858,85.834480
6.9286609,1.491588,12.723985,2.136825,12.988096,80.530540,83.313934
6.9385376,1.665167,12.409147,2.122460,12.698998,80.378654,82.357208
6.9484892,1.602918,12.039244,2.324770,12.365973,79.164070,82.416176
6.9589100,1.522712,11.675324,2.693477,12.078356,77.114685,82.569344
6.9686766,1.526304,11.201273,3.026271,11.702839,75.013412,82.240570
6.9787812,1.762132,10.814610,3.314772,11.447646,73.168427,80.745552
6.9884777,2.126051,10.485406,3.488352,11.253108,71.941368,78.537933
6.9992309,2.345121,10.153810,3.550601,11.009369,71.185379,76.995026
7.0087028,2.389413,9.876082,3.377022,10.707500,71.615738,76.399246
7.0187836,2.414552,9.837775,3.053804,10.580057,73.223579,76.210091
7.0290809,2.485181,9.956287,2.681506,10.606331,75.355476,75.984833
7.0399160,2.588132,10.176555,2.181118,10.724643,78.265648,75.730873
7.0487709,2.634819,10.315418,1.662773,10.775664,81.123322,75.671570
7.0589919,2.645593,10.338163,1.204283,10.739045,83.561272,75.645744
7.0694680,2.603694,10.132261,0.973243,10.506624,84.684998,75.588478
7.0789652,2.613271,9.824607,0.796072,10.197344,85.522560,75.104652
7.0889797,2.693477,9.417592,0.717063,9.821407,85.813095,74.039215
7.0986342,2.912546,8.936357,0.676362,9.423315,85.884033,71.948128
7.1108804,3.354277,8.516175,0.660800,9.176767,85.870674,68.501945
7.1239176,4.210204,7.665037,0.623690,8.767417,85.920692,61.221161
7.1386456,4.408922,7.216124,0.654814,8.481734,85.572197,58.575821
7.1485929,4.429273,6.841431,0.773327,8.186677,84.579666,57.080208
7.1585689,4.289212,6.545747,1.004368,7.890051,82.686668,56.764500
7.1689491,4.240131,6.537368,1.325191,7.903924,80.348068,57.032593
7.1786866,4.137180,6.501455,1.537078,7.857975,78.719795,57.529491
7.1890488,4.066552,6.513426,1.673547,7.858901,77.704758,58.022076
7.1984754,3.943250,6.684611,1.994370,8.013162,75.588356,59.463657
7.2084656,3.763685,6.830657,2.160767,8.092720,74.514091,61.145283
7.2187457,3.706224,6.635530,2.201468,7.912826,73.846291,60.814793
7.2294083,3.726575,6.458359,2.239776,7.785522,73.280609,60.014378
7.2395821,3.459621,6.373365,2.452860,7.655409,71.312355,61.505787
7.2486744,3.219004,6.593631,2.990358,7.923396,67.826744,63.978416
7.2586479,2.920926,7.105990,3.502717,8.443692,65.491241,67.654823
7.2691092,2.653973,7.812280,3.834314,9.098201,65.074684,71.236450
7.2787375,2.931700,8.593987,3.780444,9.835814,67.396301,71.163757
7.2886209,3.681085,9.089587,3.321955,10.354051,71.286491,67.953125
7.2988420,4.423288,9.233239,2.983175,10.663842,73.754906,64.402725
7.3088880,5.012261,9.068039,3.071761,10.806841,73.486443,61.068848
7.3186851,5.184644,8.264784,1.895011,9.938725,79.008148,57.899231
7.3290110,4.660314,7.638700,1.235408,9.032968,82.139214,58.612949
7.3388977,3.758897,7.493851,1.016339,8.445120,83.087914,63.361774
7.3493652,3.112462,7.471107,0.448913,8.105947,86.825294,67.383392
7.3596439,2.529474,7.402872,0.256180,7.827284,88.124428,71.135307
7.3688426,1.956063,7.165846,-0.396240,7.438584,93.053490,74.731926
7.3787580,1.485602,7.019799,-1.048660,7.251502,98.314857,78.050789
7.3887496,1.592144,6.862979,-1.145625,7.137777,99.236015,76.938980
7.3991141,2.410961,6.315904,-0.342371,6.769091,92.899178,69.106712
7.4090118,2.902970,6.111200,1.126472,6.858785,80.547043,64.591133
7.4186196,3.667917,6.200983,2.169147,7.524028,73.244034,59.395439
7.4287820,4.523844,6.713342,2.195483,8.387745,74.826141,56.025593
7.4396029,4.985925,7.699753,0.994791,9.226876,83.810654,57.075184
7.4498987,4.915296,9.084799,-0.318429,10.334171,91.765747,61.584564
7.4619193,4.463989,10.546458,-0.992397,11.495209,94.952583,67.058563
7.4793029,4.163517,11.693281,-1.329979,12.483450,96.115868,70.401192
7.4893646,4.467580,11.707646,-1.974019,12.685622,98.952217,69.113388
7.4986949,4.516662,13.160927,-1.440112,13.988715,95.908966,71.058434
7.5102401,3.345897,15.783774,0.697910,16.149603,87.523178,78.031425
7.5193648,0.800860,18.564640,3.677494,18.942312,78.805405,87.529846
7.5296021,-3.047819,20.392612,4.472369,21.098576,77.761887,98.500336
7.5388737,-7.681796,19.806034,3.315969,21.500805,81.128128,111.198845
7.5487347,-11.757924,16.953342,2.676718,20.804554,82.607826,124.743088
7.5592098,-13.370420,13.851654,2.565387,19.422091,82.409843,133.987228
7.5688128,-12.303802,11.822568,3.051410,17.334005,79.861046,136.142700
7.5794387,-10.073604,10.850522,3.456030,15.203797,76.861038,132.873566
7.5888534,-7.617153,10.681731,3.861847,13.676046,73.597672,125.492706
7.5988865,-5.294777,11.048044,3.590106,12.766472,73.667351,115.606079
7.6091237,-3.326743,11.727997,2.978387,12.549259,76.270660,105.836426
7.6186786,-1.697489,12.380417,2.302025,12.706514,79.562149,97.807190
7.6287746,-0.270545,12.747927,1.620875,12.853406,82.755447,91.215782
7.6396117,0.931344,12.768278,1.070208,12.846854,85.221436,85.828117
7.6503558,1.757344,12.540829,0.780510,12.687388,86.473022,82.023094
7.6587620,2.051831,12.170924,0.660800,12.360342,86.935432,80.430794
7.6690831,1.830367,11.755530,0.611719,11.912889,87.056610,81.149956
7.6786547,1.345541,11.348516,0.548272,11.441150,87.253273,83.238274
7.6888199,0.785298,10.981006,0.433351,11.017575,87.745827,85.909500
7.6988869,0.361524,10.708067,0.447716,10.723518,87.607155,88.066322
7.7092476,0.134075,10.466252,0.397437,10.474653,87.825516,89.266068
7.7187376,0.183156,10.170568,0.434548,10.181495,87.553864,88.968300
7.7288327,0.518345,9.889250,0.565032,9.918932,86.734383,86.999588
7.7387109,0.946907,9.587581,0.861913,9.672706,84.887726,84.359535
7.7498655,1.225831,9.390059,1.125275,9.536358,83.223404,82.562347
7.7589560,1.333570,9.308656,1.198298,9.479736,82.738029,81.847206
7.7693753,1.340753,9.333796,1.048660,9.487731,83.654243,81.825668
7.7787991,1.292869,9.467871,0.830788,9.591783,85.031128,82.224167
7.7888207,1.231817,9.715671,0.669179,9.816284,86.091095,82.774216
7.7986298,1.233014,9.871294,0.490811,9.960104,87.175453,82.880112
7.8097601,1.174356,9.818622,0.270545,9.892303,88.432823,83.179543
7.8187499,1.150414,9.660604,0.034716,9.728922,89.795547,83.209023
7.8287039,1.200692,9.419987,-0.160412,9.497555,90.967758,82.736122
7.8387747,1.367089,9.208099,-0.251391,9.312423,91.546906,81.555214
7.8495378,1.801637,9.065644,-0.319626,9.248457,91.980530,78.759918
7.8608155,2.999935,8.898050,-0.244209,9.393325,91.489746,71.368713
7.8691988,2.999935,8.734048,-0.244209,9.238119,91.514786,71.043640
7.8786478,3.549404,8.534132,0.138864,9.243860,89.139252,67.417236
7.8886528,3.933673,8.406042,0.724246,9.309128,85.537903,64.922386
7.8986907,4.058172,7.931990,1.430536,9.023949,80.878616,62.904766
7.9087029,4.295198,7.597999,1.722628,8.896390,78.835167,60.520245
7.9194827,4.305972,6.877345,1.726219,8.295728,77.989830,57.948921
7.9289765,4.266468,6.803124,1.798046,8.229108,77.379158,57.906796
7.9399009,4.237737,6.971915,1.900996,8.377338,76.884117,58.707523
7.9497285,4.502296,7.234080,1.855506,8.720407,77.714828,58.102982
7.9586430,4.944026,7.025785,1.258153,8.682627,81.668243,54.866051
7.9694161,5.646725,6.732495,0.930147,8.836128,83.957489,50.012535
7.9790487,6.539762,6.636727,1.231817,9.398511,82.468857,45.421631
7.9890389,7.654263,6.886921,1.889025,10.468326,79.603943,41.979290
7.9990001,8.877700,7.310695,2.354697,11.739013,78.428696,39.471104
8.0086336,8.865729,7.168240,3.053804,11.802989,75.005196,38.956703
8.0187721,7.739257,6.587646,3.166332,10.645132,72.695847,40.404388
8.0289278,6.337452,5.962759,1.869871,8.900237,77.872238,43.255180
8.0389538,5.331887,5.707777,0.044293,7.810871,89.675095,46.950111
8.0491095,5.064934,5.664681,-0.652420,7.626783,94.907265,48.199303
8.0588827,5.442020,5.495890,0.641646,7.760934,85.257576,45.282185
8.0688000,6.013038,4.906917,1.212663,7.855253,81.119385,39.216034
8.0806589,6.584054,4.284424,0.155623,7.856862,88.865051,33.053150
8.0889788,6.867768,3.948039,-1.187524,8.010209,98.525604,29.893084
8.0988264,6.943185,3.858256,-1.950077,8.179044,103.793518,29.060476
8.1086369,6.889316,4.143166,-1.437718,8.166733,100.139519,31.022284
8.1193895,6.694188,5.086482,-0.332794,8.413988,92.266785,37.228859
8.1287947,6.402095,6.448782,0.339977,9.093361,87.857361,45.208157
8.1402607,6.345831,8.694544,-0.266953,10.767355,91.420670,53.875652
8.1489305,5.752069,12.060791,-1.470040,13.442842,96.278130,64.502449
8.1587133,4.147954,15.369577,-2.398990,16.099211,98.569725,74.896790
8.1684971,2.466028,16.062698,-3.436877,16.610350,101.941437,81.271805
8.1785269,1.587356,14.462175,-3.396175,14.940155,103.139259,83.736336
8.1885500,1.082179,12.446258,-2.815581,12.806559,102.700493,85.030731
8.1986141,0.910994,10.820595,-2.770091,11.206632,104.310890,85.187576
8.2086487,0.922965,11.155783,-2.421735,11.452867,102.207474,85.270454
8.2186003,0.515950,13.588292,0.926556,13.629615,86.101967,87.825508
8.2293177,-0.641646,17.032351,5.432444,17.889217,72.321747,92.157440
8.2388315,-2.217031,19.555840,7.085640,20.917753,70.199989,96.467964
8.2491016,-4.363432,19.160797,6.585252,20.725376,71.473778,102.829018
8.2586555,-6.738481,16.077065,5.853823,18.388758,71.437614,112.740326
8.2692776,-7.903260,13.163321,6.058527,16.505766,68.465881,120.980614
8.2791433,-6.915652,11.581951,6.199785,14.846049,65.316521,120.841675
8.2887859,-4.273650,10.892421,5.906496,13.107082,63.215641,111.422600
8.2989206,-1.205481,10.678140,5.486313,12.065467,62.953590,96.440987
8.3094425,1.404199,10.735600,4.842273,11.860544,65.903961,82.548111
8.3187952,3.114856,10.868479,3.883395,11.954369,71.043419,74.007942
8.3288622,3.812766,11.049241,2.838326,12.028259,76.351105,70.961960
8.3389101,3.805584,11.119870,2.030283,11.927114,80.199150,71.107376
8.3490181,3.563769,11.280281,1.490391,11.923358,82.819389,72.467155
8.3587627,3.348291,11.577163,1.248576,12.116134,84.085129,73.869331
8.3686008,3.321955,11.741165,1.291672,12.270239,83.957352,74.202080
8.3785620,3.326743,11.587936,1.483208,12.146909,82.986351,73.981926
8.3886604,3.296816,11.168951,1.622072,11.757788,82.070343,73.554619
8.3985634,3.009511,10.675745,1.668759,11.216660,81.444054,74.256760
8.4085789,2.359486,10.163386,1.447295,10.533578,82.102676,76.929993
8.4186888,0.997185,9.525331,1.144428,9.645519,83.185875,84.023605
8.4285774,0.788889,9.398438,0.894234,9.473787,84.583763,85.201935
8.4389687,0.854730,9.273940,0.723049,9.341269,85.560654,84.734230
8.4489183,1.254562,9.148245,0.502782,9.247546,86.883331,82.191345
8.4593391,1.770512,9.244013,0.442927,9.422456,87.305672,79.157410
8.4686899,2.268506,9.578004,0.462081,9.853821,87.312210,76.675293
8.4786901,2.516306,9.876082,0.575805,10.207857,86.766342,75.705864
8.4887733,2.331953,9.865308,0.888249,10.176015,84.992363,76.700592
8.4987602,2.339135,9.635465,1.124078,9.978842,83.532127,76.354668
8.5099649,2.776077,9.349358,1.125275,9.817501,83.418335,73.462425
8.5188599,3.532645,9.088389,1.079785,9.810420,83.680931,68.758965
8.5288429,4.396951,8.961497,1.181539,10.051748,83.249527,63.865162
8.5393877,5.135562,8.857349,1.423353,10.336951,82.085480,59.894497
8.5488358,5.603629,8.699332,1.614889,10.473151,81.129990,57.212605
8.5586185,5.685032,8.500613,1.678335,10.363244,80.679855,56.226223
8.5687428,5.509058,8.414422,1.604115,10.184567,80.937920,56.786583
8.5786772,5.112818,8.286332,1.546654,9.858821,80.974136,58.324657
8.5891399,4.693832,8.148665,1.581370,9.535909,80.454361,60.056995
8.5986776,4.383783,8.116343,1.683124,9.376860,79.659500,61.625717
8.6092510,4.217386,8.122330,1.884237,9.343925,78.366325,62.560146
8.6194592,4.198233,8.031349,2.138022,9.311223,76.725433,62.402550
8.6298628,4.276044,7.806294,2.445677,9.230608,74.635841,61.287449
8.6395283,4.491522,7.657854,2.868254,9.329704,72.095436,59.607315
8.6493244,4.717774,7.527370,3.207033,9.444774,70.150154,57.922596
8.6590471,4.821922,7.179014,2.819172,9.095983,71.944626,56.111958
8.6687679,4.668694,6.582858,2.391808,8.417331,73.491791,54.654976
8.6798716,4.153940,6.370971,2.073379,7.883107,74.750938,56.895229
8.6892214,3.390190,6.564901,1.808819,7.606782,76.243835,62.687653
8.6988773,2.729390,6.703765,1.168370,7.331789,80.830437,67.846657
8.7086639,2.206257,6.958747,0.385466,7.310288,86.977432,72.408890
8.7186337,1.769315,7.517793,-0.216675,7.726231,91.607018,76.756432
8.7287598,1.557428,8.149862,-0.397437,8.306852,92.742340,79.181290
8.7395830,1.617283,8.608353,-0.156820,8.760362,91.025711,79.359657
8.7497892,2.087744,8.823831,0.116119,9.068193,89.266304,76.688446
8.7593279,3.213019,8.641871,0.472855,9.231956,87.064064,69.605034
8.7686138,4.871003,8.177396,1.164779,9.589222,83.023193,59.219147
8.7788010,6.962338,7.939173,2.267309,10.800246,77.881676,48.750526
8.7886801,8.602366,7.161057,3.320758,11.675139,73.475227,39.775761
8.7986002,7.973889,5.574899,2.074576,9.948179,77.963295,34.959099
8.8086472,6.209362,4.865018,0.253785,7.892337,88.157280,38.078602
8.8186436,5.027823,4.754885,-0.296881,6.926476,92.456551,43.401855
8.8286209,4.240131,4.173094,-1.824382,6.222684,107.048584,44.543468
8.8388968,3.815161,3.890578,-2.925714,6.184808,118.232368,45.560745
8.8490086,3.552995,4.502296,-0.615310,5.768280,96.123466,51.721203
8.8596230,3.436877,4.912902,1.533486,6.188724,75.653397,55.024849
8.8688297,4.114436,5.214571,1.602918,6.832985,76.432816,51.725620
8.8795319,5.759252,7.266402,-1.118092,9.339149,96.875999,51.600132
8.8887625,5.759252,7.266402,-1.118092,9.339149,96.875999,51.600132
8.8987427,5.425261,9.539697,-1.611298,11.092139,98.352615,60.372948
8.9100494,4.717774,14.122199,-3.263297,15.242803,102.362015,71.527176
8.9186840,4.388572,15.228320,-2.613271,16.062082,99.363541,73.923820
8.9288120,4.012682,15.112201,-0.339977,15.639559,91.245605,75.129616
8.9387827,3.333926,14.322115,0.573411,14.716210,87.766930,76.895958
8.9487877,2.178724,14.003686,0.577003,14.183899,87.668556,81.156700
8.9587488,0.422577,14.700398,0.569820,14.717505,87.781113,88.353432
8.9687366,-2.201468,16.765398,0.566229,16.918797,88.082100,97.480721
8.9789896,-5.366603,19.675550,1.310825,20.436388,86.322426,105.256592
8.9893484,-8.827422,20.101717,3.791218,22.279491,80.202515,113.708092
8.9987307,-12.303802,16.807297,5.212177,21.471739,75.951332,126.206039
9.0099115,-14.235924,13.365631,4.592079,20.059631,76.766426,136.805969
9.0187950,-14.319720,11.025299,5.512650,18.894468,73.036652,142.405960
9.0290775,-12.346898,10.129868,7.350199,17.580830,65.286552,140.633240
9.0393972,-8.638280,10.098742,8.538920,15.796127,57.277515,130.543076
9.0488300,-4.077325,10.509348,8.530540,14.136517,52.883327,111.204826
9.0594454,0.022745,11.116279,7.678205,13.510256,55.366554,89.882767
9.0695219,2.713828,11.257536,6.487090,13.273256,60.742603,76.446442
9.0795460,3.931279,11.194090,4.701015,12.761745,68.385017,70.649117
9.0892544,4.332308,11.469423,1.504756,12.352362,83.002892,69.307106
9.0987406,4.133589,12.236765,-1.550246,13.008776,96.844162,71.334991
9.1087837,3.372233,12.834118,-3.784036,13.798749,105.916153,75.278008
9.1187553,2.363077,12.741941,-4.808754,13.822639,110.358292,79.493484
9.1288280,1.164779,11.708843,-4.455609,12.581979,110.739906,84.318985
9.1392946,0.220267,10.475829,-3.518279,11.053045,108.560669,88.795464
9.1488142,-0.186748,9.361329,-2.620454,9.722969,105.635216,91.142830
9.1590681,-0.196325,8.439561,-1.957260,8.665771,103.053513,91.332596
9.1689596,0.059855,7.728483,-1.313220,7.839489,99.643272,89.556267
9.1790457,0.562637,7.224504,-0.950498,7.308451,97.472748,85.546844
9.1896181,1.121683,6.950367,-0.903811,7.098074,97.315437,80.832382
9.1986647,1.720234,6.934805,-0.837971,7.193951,96.689148,76.068527
9.2090693,2.322376,7.180211,-0.673968,7.576483,95.103508,72.076660
9.2186728,2.936488,7.800309,-0.454898,8.347138,93.124023,69.370758
9.2287188,3.362656,8.576031,-0.149638,9.212934,90.930649,68.589882
9.2388287,3.399766,9.209297,0.161609,9.818130,89.056854,69.737534
9.2486620,3.017891,9.578004,0.441730,10.051912,87.481331,72.511108
9.2585468,2.322376,9.708488,0.726640,10.008804,85.836655,76.547028
9.2699747,1.595735,9.734824,0.897826,9.905517,84.799637,80.690849
9.2786264,1.004368,9.746795,0.882263,9.838046,84.854874,84.116669
9.2889547,0.623690,9.751583,0.834379,9.807067,85.119408,86.340477
9.2987280,0.446519,9.756371,1.061828,9.824136,83.795143,87.379578
9.3086166,0.353145,9.761160,1.431733,9.871921,81.660934,87.928024
9.3196611,0.380678,9.728839,1.895011,9.918986,78.986000,87.759224
9.3295841,0.478840,9.708488,2.355895,10.001713,76.376007,87.176353
9.3388252,0.688333,9.730036,2.554613,10.083325,75.324150,85.953461
9.3488970,1.012747,9.700109,2.512715,10.071321,75.552544,84.039581
9.3587761,1.428141,9.749189,2.416947,10.145339,76.217773,81.666115
9.3692760,1.944092,9.958682,2.410961,10.429170,76.633751,78.953880
9.3793669,2.527080,10.268731,2.372654,10.838010,77.354408,76.174545
9.3887091,2.960430,10.444705,2.340332,11.105547,77.834549,74.175232
9.3987980,3.288436,10.468647,2.330755,11.217790,78.008118,72.561333
9.4088030,3.518279,9.967062,2.214637,10.799316,78.166290,70.557449
9.4189978,3.362656,9.776723,2.197877,10.569883,77.998474,71.019592
9.4288416,3.015497,9.621099,2.144008,10.308033,77.995186,72.597687
9.4391479,2.642002,9.554062,2.018312,10.116019,78.491318,74.542191
9.4496040,2.193089,9.294291,1.841141,9.725393,79.087318,76.723289
9.4588728,1.939303,9.120711,1.722628,9.482389,79.533180,77.996178
9.4687996,1.804031,9.045294,1.594538,9.360257,80.191719,78.720695
9.4803228,1.784877,9.108741,1.412579,9.388841,81.346825,78.913246
9.4888411,1.865083,9.379285,1.371878,9.660827,81.836166,78.753365
9.4987192,2.005144,9.884461,1.434127,10.187242,81.907204,78.532692
9.5094128,1.970428,10.372879,1.558625,10.672793,81.602654,79.244263
9.5190153,2.038663,10.621876,1.771709,10.959897,80.697098,79.135315
9.5291939,2.214637,10.591949,1.807622,10.970939,80.516441,78.190346
9.5393324,2.488773,10.249578,1.793257,10.698767,80.350914,76.351746
9.5488653,2.741361,9.884461,1.879448,10.428325,79.617119,74.499153
9.5594997,3.004723,9.636662,2.160767,10.322912,77.917633,72.682457
9.5695467,3.309984,9.781511,2.274492,10.573895,77.578346,71.304596
9.5792150,3.604471,9.510966,1.458069,10.275050,81.841972,69.244270
9.5888844,5.152322,10.240001,2.710236,11.779195,76.697823,63.290451
9.5986490,5.931635,10.091560,3.669114,12.267285,72.596596,59.553764
9.6091709,5.962759,9.651027,5.185841,12.473563,65.433662,58.290703
9.6186399,5.549759,8.640674,5.165490,11.495362,63.297737,57.288048
9.6300850,4.689044,7.505822,4.550180,9.951314,62.790577,58.006119
9.6395473,3.551798,7.102399,3.860650,8.829720,64.072495,63.431087
9.6488037,2.590526,7.881712,3.344700,8.945347,68.043419,71.805565
9.6587706,2.510320,9.380483,3.080141,10.187366,72.401253,75.018082
9.6689205,3.264494,10.639832,2.655170,11.441716,76.581589,72.943039
9.6795521,4.374207,10.612299,1.872266,11.630131,80.735977,67.599388
9.6888876,5.440824,9.731233,1.186327,11.211905,83.926186,60.790035
9.6987648,5.901707,8.741230,0.882263,10.583838,85.218307,55.974449
9.7086086,5.363012,7.926005,0.879869,9.610288,84.746933,55.916344
9.7186279,3.906140,7.338228,1.055843,8.379877,82.761642,61.973621
9.7286062,2.144008,7.006631,1.221043,7.428364,80.539032,72.986053
9.7394552,0.808043,6.980295,0.994791,7.096976,81.942253,83.396797
9.7495899,0.304064,7.280767,0.458490,7.301523,86.399818,87.608574
9.7592440,0.484826,7.799112,-0.211887,7.817039,91.553238,86.442825
9.7687340,0.894234,8.327033,-0.852336,8.418171,95.811127,83.870537
9.7786884,0.910994,8.579621,-1.134852,8.702167,97.493301,83.938980
9.7887259,0.478840,8.675390,-1.076194,8.754992,97.060852,86.840752
9.7987556,-0.161609,8.718486,-0.829591,8.759356,95.434578,91.061928
9.8087215,-0.723049,8.678981,-0.499191,8.723342,93.280525,94.762337
9.8198986,-0.993594,8.613141,-0.033519,8.670325,90.221504,96.580429
9.8289576,-0.852336,8.562862,0.460884,8.617512,86.934227,95.684418
9.8387814,-0.499191,8.469488,1.010353,8.544134,83.208824,93.373108
9.8490038,-0.009577,8.336611,1.551443,8.479749,79.457863,90.065819
9.8586235,0.475249,8.183381,2.015918,8.441417,76.183525,86.676285
9.8695221,0.920571,8.064868,2.315193,8.440951,74.080826,83.488113
9.8806324,1.667562,8.232463,2.543839,8.776407,73.151039,78.549141
9.8894529,1.865083,8.822633,2.511518,9.360828,74.436821,78.063553
9.8986340,1.865083,9.539697,2.511518,10.039525,75.512840,78.937775
9.9087582,2.167950,10.400413,2.476802,10.908855,76.876839,78.225388
9.9187870,2.327164,10.353725,2.584541,10.922234,76.312202,77.332382
9.9294081,2.288857,10.135853,2.756923,10.750582,75.140831,77.275024
9.9388494,2.059013,9.965864,2.929306,10.589561,73.941299,78.326561
9.9487896,1.820790,9.935937,3.015497,10.541885,73.378433,79.615593
9.9589882,1.653196,9.981427,2.955642,10.540293,73.715103,80.595634
9.9686518,1.565808,10.127473,2.896984,10.649412,74.214767,81.211090
9.9787750,1.562217,10.383653,2.795230,10.866190,75.093582,81.444038
9.9890308,1.625663,10.649409,2.584541,11.078472,76.508919,81.320641
9.9995117,1.727417,10.830172,2.474407,11.242743,77.285721,80.937637
10.0086823,1.853112,10.854114,2.409764,11.271769,77.655594,80.311363
10.0187931,1.874660,10.722432,2.335544,11.132819,77.890007,80.082909
10.0291510,1.686715,10.432734,2.331953,10.822428,77.556656,80.816154
10.0391340,1.393425,10.157401,2.364274,10.521607,77.014374,82.188736
10.0484934,1.158794,9.969456,2.308010,10.298532,77.049416,83.370010
10.0586004,1.074997,9.908403,2.187103,10.203700,77.622948,83.808006
10.0692873,1.051055,9.931149,2.061408,10.197148,78.336975,83.958641
10.0799446,1.041478,10.020931,1.984793,10.268551,78.855240,84.066536
10.0885906,1.070208,10.162189,1.958457,10.404374,79.150261,83.988182
10.0988960,1.181539,10.329783,1.908179,10.570790,79.600281,83.474770
10.1085529,1.276109,10.396821,1.910573,10.647658,79.663094,83.002495
10.1188765,1.395820,10.382456,1.970428,10.659563,79.347572,82.343056
10.1287298,1.534683,10.305841,2.066196,10.622372,78.783691,81.530106
10.1386642,1.635240,10.181343,2.106898,10.524864,78.452347,80.875572
10.1488342,1.684321,10.023325,2.092532,10.377027,78.366508,80.461128
10.1585636,1.689109,9.921572,2.076970,10.276403,78.339592,80.338249
10.1685591,1.636437,9.818622,2.031480,10.159241,78.465157,80.537682
10.1789875,1.547851,9.731233,1.993173,10.053133,78.564545,80.962234
10.1885195,1.483208,9.672575,1.954866,9.978984,78.702797,81.282082
10.1985197,1.471237,9.658210,1.905785,9.953772,78.961792,81.338707
10.2087088,1.531092,9.617508,1.831564,9.909356,79.348671,80.954514
10.2187328,1.611298,9.580399,1.758541,9.872830,79.739769,80.452950
10.2291937,1.653196,9.573215,1.715446,9.865205,79.986015,80.202240
10.2386532,1.674744,9.572019,1.655591,9.857449,80.331161,80.075836
10.2487879,1.611298,9.551667,1.529895,9.806692,81.024902,80.424759
10.2594051,1.450886,9.500193,1.408988,9.713083,81.659203,81.316780
10.2692623,1.243788,9.487024,1.363498,9.664872,81.889786,82.530891
10.2799101,1.104924,9.521740,1.380257,9.684498,81.806168,83.380875
10.2885294,1.080982,9.539697,1.387440,9.700480,81.776901,83.535156
10.2986259,1.136049,9.518148,1.399411,9.687317,81.694099,83.193604
10.3084860,1.242591,9.465476,1.478420,9.660486,81.196983,82.521202
10.3188295,1.371878,9.457097,1.596933,9.688598,80.512878,81.746063
10.3287382,1.486799,9.491813,1.678335,9.753045,80.091034,81.097519
10.3389931,1.575385,9.520543,1.742979,9.806149,79.761650,80.604279
10.3486242,1.680730,9.564836,1.768118,9.871027,79.681381,80.033752
10.3590784,1.762132,9.555259,1.753753,9.873384,79.768593,79.551201
10.3686562,1.807622,9.473856,1.732205,9.799081,79.818199,79.197739
10.3785305,1.786075,9.356541,1.799243,9.693926,79.303581,79.192795
10.3884964,1.745373,9.248801,1.892616,9.600450,78.630333,79.313194
10.3987513,1.719037,9.185355,1.942895,9.544667,78.254890,79.399734
10.4087143,1.811214,9.105149,1.935712,9.483207,78.222008,78.749474
10.4185677,1.859098,9.084799,1.965640,9.479112,78.031998,78.434761
10.4286280,1.818396,9.080010,2.006341,9.475155,77.775215,78.675545
10.4388742,1.702277,9.091981,1.975216,9.458507,77.946228,79.395378
10.4495630,1.529895,9.129091,1.880645,9.445513,78.515396,80.486511
10.4589081,1.350330,9.210494,1.715446,9.465693,79.558723,81.659416
10.4698610,1.221043,9.299079,1.584962,9.511883,80.408081,82.519409
10.4791403,1.194707,9.388862,1.604115,9.599544,80.380562,82.748245
10.4892445,1.258153,9.483433,1.702277,9.716800,79.910339,82.442787
10.4987049,1.364695,9.540894,1.802834,9.805164,79.404991,81.859833
10.5092230,1.478420,9.557653,1.924938,9.861027,78.743202,81.206924
10.5187244,1.588553,9.531317,2.020706,9.871816,78.188385,80.537682
10.5292692,1.668759,9.485827,2.141613,9.866721,77.463928,80.022545
10.5387011,1.678335,9.429564,2.252944,9.839169,76.763145,79.907806
10.5487843,1.702277,9.392453,2.342726,9.828749,76.210556,79.727287
10.5588198,1.754950,9.417592,2.401384,9.876109,75.927422,79.444122
10.5686588,1.845930,9.542090,2.432509,10.018785,75.948448,79.051300
10.5787659,1.934515,9.619903,2.397793,10.101202,76.268219,78.629753
10.5887871,1.972822,9.633071,2.333150,10.106022,76.651863,78.426048
10.5992098,1.959654,9.595961,2.347515,10.071422,76.521133,78.457954
10.6095200,1.929727,9.540894,2.373851,10.019364,76.294800,78.565697
10.6187506,1.879448,9.496601,2.370260,9.966740,76.242271,78.805397
10.6288633,1.865083,9.481039,2.351106,9.944664,76.324722,78.871040
10.6390600,1.869871,9.495404,2.333150,9.955034,76.445580,78.859642
10.6493483,1.851915,9.550470,2.263718,9.988268,76.900803,79.026062
10.6588955,1.824382,9.628283,2.209848,10.045677,77.292137,79.270706
10.6702709,1.780089,9.652225,2.167950,10.051575,77.544426,79.550766
10.6789780,1.750161,9.630676,2.142811,10.020211,77.652000,79.700165
10.6887245,1.781286,9.581595,2.166753,9.983726,77.465439,79.468536
10.6988306,1.813608,9.510966,2.190695,9.927074,77.251099,79.204102
10.7086582,1.821988,9.448717,2.165555,9.863443,77.317177,79.085670
10.7186193,1.814805,9.424775,2.128445,9.831082,77.496361,79.100708
10.7291374,1.786075,9.431957,2.103306,9.827297,77.641556,79.277199
10.7391634,1.771709,9.436746,2.039860,9.815913,78.005867,79.366737
10.7497959,1.741782,9.461885,1.965640,9.819614,78.452820,79.569534
10.7587461,1.720234,9.441534,1.930924,9.789292,78.623894,79.674057
10.7687683,1.738190,9.415198,1.957260,9.772314,78.446304,79.540092
10.7790213,1.810017,9.379285,1.991976,9.757823,78.220757,79.077316
10.7887640,1.900996,9.363723,2.061408,9.774584,77.825211,78.523941
10.7987309,1.952471,9.368511,2.121263,9.802087,77.501778,78.227615
10.8090858,1.939303,9.367314,2.130840,9.800406,77.442245,78.303368
10.8187876,1.851915,9.363723,2.070984,9.767183,77.758369,78.812668
10.8287535,1.720234,9.351752,2.007538,9.718266,78.078362,79.577087
10.8390360,1.598130,9.376891,1.929727,9.705872,78.532005,80.327858
10.8493414,1.587356,9.448717,1.891419,9.766034,78.832771,80.463531
10.8590527,1.622072,9.526528,1.908179,9.850229,78.830086,80.336983
10.8692045,1.663970,9.568427,1.915361,9.899101,78.843567,80.134796
10.8786345,1.695095,9.568427,1.962048,9.913514,78.584854,79.953995
10.8892975,1.726219,9.564836,2.075773,9.938548,77.944405,79.769638
10.8987122,1.726219,9.537302,2.061408,9.909055,77.992912,79.740723
10.9091806,2.191892,9.665392,2.515109,10.224968,75.760414,77.222725
10.9187984,2.568978,10.054450,2.275689,10.624046,77.631302,75.667198
10.9296379,2.406173,9.920375,2.087744,10.419317,78.441261,76.366280
10.9399834,1.984793,9.612720,2.075773,10.032578,78.059067,78.333755
10.9493237,1.612495,9.415198,2.145205,9.790199,77.342789,80.281525
10.9592838,1.490391,9.385271,2.226608,9.760243,76.812981,80.976715
10.9689379,1.575385,9.520543,2.188300,9.895010,77.223297,80.604279
10.9787521,1.681927,9.637859,2.069787,10.000062,78.054718,80.100861
10.9886751,1.686715,9.641450,1.996764,9.989476,78.469666,80.076859
10.9986420,1.667562,9.574412,2.074576,9.937505,77.950172,80.119987
11.0087509,1.720234,9.469068,2.225410,9.878000,76.980095,79.703438
11.0198565,1.879448,9.414001,2.358289,9.885204,76.197990,78.709686
11.0296001,2.017115,9.398438,2.401384,9.907878,75.973465,77.886803
11.0394859,2.012326,9.392453,2.371457,9.894011,76.131989,77.907242
11.0489082,1.908179,9.386468,2.286463,9.847580,76.574242,78.508911
11.0587702,1.740585,9.380483,2.187103,9.788079,77.088509,79.488106
11.0692177,1.618480,9.398438,2.116474,9.768806,77.487274,80.229080
11.0799065,1.592144,9.436746,2.075773,9.792646,77.762024,80.423386
11.0899019,1.618480,9.436746,2.072181,9.796203,77.788025,80.267982
11.0986147,1.716643,9.433155,2.139219,9.823825,77.422600,79.686195
11.1092911,1.860295,9.484630,2.189497,9.910236,77.236168,78.903000
11.1192675,1.897405,9.534908,2.181118,9.963529,77.354973,78.745415
11.1365070,1.690306,9.464279,2.108095,9.842448,77.632339,79.873825
11.1485415,1.636437,9.418790,2.100912,9.788021,77.605522,80.143723
11.1585464,1.606509,9.416395,2.102109,9.781013,77.589325,80.318115
11.1685686,1.638831,9.449914,2.103306,9.818887,77.630798,80.161453
11.1785641,1.679533,9.512163,2.078167,9.880327,77.858086,79.986671
11.1887712,1.675941,9.525331,2.030283,9.882447,78.144547,80.021187
11.1992493,1.681927,9.562442,2.030283,9.919235,78.189148,80.024345
11.2086668,1.680730,9.544485,2.076970,9.911400,77.903809,80.012932
11.2188711,1.736993,9.530120,2.108095,9.913849,77.722809,79.670456
11.2285938,1.794454,9.512163,2.115277,9.908365,77.673401,79.316795
11.2386103,1.833959,9.507375,2.141613,9.916657,77.528076,79.081833
11.2486763,1.786075,9.485827,2.129642,9.884653,77.558105,79.336693
11.2585421,1.698686,9.429564,2.106898,9.810262,77.598282,79.787994
11.2685471,1.623269,9.373300,2.118869,9.745940,77.443024,80.174965
11.2784710,1.668759,9.378088,2.151190,9.765290,77.273964,79.910263
11.2887592,1.825579,9.442732,2.169147,9.859164,77.290192,79.057907
11.2985258,1.974019,9.488221,2.152387,9.927531,77.478264,78.247299
11.3084965,1.995567,9.466674,2.158373,9.912557,77.423599,78.096375
11.3189507,1.914164,9.451111,2.178724,9.886068,77.268456,78.550575
11.3285170,1.775301,9.423578,2.144008,9.826102,77.396957,79.331131
11.3392944,1.625663,9.398438,2.115277,9.769740,77.495682,80.186562
11.3504429,1.568202,9.376891,2.111686,9.738817,77.476974,80.505653
11.3593311,1.657985,9.362526,2.141613,9.746400,77.306602,79.957756
11.3693752,1.812411,9.390059,2.207454,9.814831,77.002411,79.075470
11.3798885,2.007538,9.455899,2.269703,9.929542,76.786461,78.013771
11.3893690,2.007538,9.502586,2.225410,9.964026,77.094452,78.070969
11.3987246,1.715446,9.360131,2.181118,9.762791,77.090523,79.614571
11.4087553,1.570596,9.263166,2.144008,9.636898,77.145317,80.376854
11.4205265,1.570596,9.248801,2.175132,9.630073,76.946030,80.362190
11.4298086,1.772906,9.350554,2.178724,9.763345,77.105682,79.263908
11.4391518,2.027889,9.477448,2.200271,9.938588,77.209503,77.922546
