Keuwl Accelerometer Data File
2019-06-26 17-06-55

Time (s), X (m/s2), Y (m/s2), Z (m/s2), R (m/s2), Theta (deg), Phi (deg)
0.0000000,1.865083,9.044097,2.370260,9.533749,75.604263,78.347748
0.0099800,2.098518,9.060856,2.481590,9.626067,75.060501,76.960052
0.0200470,2.078167,9.173384,2.406173,9.708729,75.650505,77.235489
0.0299170,1.879448,9.269152,2.267309,9.725749,76.518913,78.537888
0.0398840,1.721431,9.419987,2.164358,9.817532,77.264038,79.643906
0.0501100,1.681927,9.428367,2.203863,9.827512,77.040962,79.885399
0.0601020,1.872266,9.531317,2.360683,9.996209,76.340118,78.886711
0.0700910,2.055422,9.662998,2.495955,10.189607,75.821060,77.991554
0.0800100,2.293645,10.141838,2.494758,10.693059,76.508194,77.256546
0.0900330,2.240973,10.177752,2.507926,10.719062,76.469154,77.582558
0.1000080,2.015918,9.982624,2.470816,10.479583,76.362732,78.583084
0.1099730,1.890222,9.946711,2.395399,10.404226,76.689194,79.240105
0.1199370,1.775301,9.813833,2.394202,10.256473,76.500717,79.746208
0.1300640,1.489193,9.147048,2.643199,9.637048,74.081200,80.753036
0.1399730,1.455675,8.889671,2.859874,9.451144,72.386436,80.700409
0.1500810,1.521515,8.995016,2.595315,9.484776,74.119644,80.399246
0.1599780,1.663970,9.205706,2.370260,9.650490,75.782097,79.754173
0.1700330,1.646014,9.184157,2.327164,9.616330,75.995316,79.839142
0.1800620,2.133234,9.805453,2.181118,10.269123,77.737213,77.726227
0.1900150,1.971625,9.501390,2.155979,9.940420,77.473564,78.276978
0.2000290,2.187103,9.470264,2.395399,10.010358,76.155243,76.995865
0.2101400,2.148796,9.188946,2.373851,9.730839,75.880127,76.838135
0.2199140,1.996764,9.127894,2.276886,9.617159,76.305054,77.660690
0.2300200,1.732205,9.203311,2.149993,9.608535,77.070107,79.340752
0.2399600,1.914164,9.897630,1.793257,10.239281,79.913483,79.054344
0.2500440,1.379060,9.731233,1.482011,9.939570,81.425102,81.934044
0.2600170,0.723049,9.267955,1.605312,9.433706,80.202431,85.539047
0.2700140,0.512359,8.953117,1.942895,9.175819,77.775620,86.724716
0.2801940,0.869095,8.905233,2.207454,9.215821,76.141273,84.425941
0.2904470,1.532289,9.047688,2.359486,9.475006,75.580345,80.387764
0.3001860,2.085350,9.300277,2.466028,9.845056,75.493851,77.361916
0.3108090,2.270900,9.507375,2.492364,10.087568,75.695633,76.566223
0.3206350,2.140416,9.605537,2.482787,10.149481,75.840500,77.437927
0.3303820,1.863886,9.624691,2.436100,10.101649,76.045067,79.039955
0.3401070,1.661576,9.586384,2.404976,10.022150,76.115463,80.166809
0.3501280,1.605312,9.540894,2.416947,9.972327,75.973808,80.449104
0.3602320,1.605312,9.494206,2.433706,9.931763,75.815643,80.403008
0.3700890,1.624466,9.452309,2.455254,9.900167,75.640732,80.248459
0.3800880,1.602918,9.421184,2.460042,9.868123,75.564392,80.344170
0.3901820,1.599327,9.427169,2.463634,9.874150,75.551872,80.371399
0.4000980,1.613692,9.441534,2.450465,9.886929,75.649734,80.301056
0.4101980,1.673547,9.477448,2.428918,9.925846,75.835518,79.985825
0.4199810,1.748964,9.476251,2.402581,9.931294,76.000099,79.542999
0.4299760,1.814805,9.460688,2.407370,9.929429,75.968933,79.141098
0.4403230,1.836353,9.419987,2.406173,9.894342,75.925301,78.968987
0.4500100,1.811214,9.362526,2.413355,9.836751,75.798027,79.051178
0.4600930,1.772906,9.329007,2.397793,9.794028,75.828690,79.239693
0.4703570,1.734599,9.332599,2.357092,9.780701,76.054779,79.470894
0.4801070,1.710657,9.370906,2.294842,9.798292,76.455032,79.654579
0.4903170,1.701080,9.411607,2.234987,9.821771,76.846870,79.754807
0.5001220,1.692701,9.400833,2.211045,9.804571,76.967033,79.792778
0.5100080,1.699883,9.391256,2.211045,9.796633,76.956284,79.740150
0.5200050,1.683124,9.373300,2.229002,9.780598,76.826515,79.820129
0.5304070,1.679533,9.388862,2.238579,9.797081,76.791550,79.857880
0.5402020,1.693898,9.430760,2.255338,9.843530,76.754799,79.817444
0.5506490,1.713051,9.467871,2.252944,9.881845,76.821342,79.744247
0.5606770,1.788469,9.498995,2.274492,9.929896,76.758560,79.337189
0.5700730,1.788469,9.498995,2.274492,9.929896,76.758560,79.337189
0.5801030,1.845930,9.465476,2.303222,9.915015,76.567696,78.964851
0.5900780,1.823185,9.443929,2.316390,9.893304,76.459236,79.073265
0.6006020,1.777695,9.412804,2.346318,9.862367,76.237007,79.305130
0.6101710,1.746570,9.406818,2.357092,9.853661,76.160095,79.481636
0.6199960,1.738190,9.409213,2.367866,9.857047,76.100441,79.533585
0.6301159,1.769315,9.415198,2.370260,9.868869,76.103104,79.357033
0.6402450,1.806425,9.452309,2.381034,9.913558,76.102867,79.180695
0.6501620,1.835156,9.504981,2.378639,9.968470,76.195114,79.072189
0.6599480,1.855506,9.550470,2.354697,10.009945,76.394478,79.005302
0.6706210,1.850718,9.546879,2.358289,10.006476,76.368515,79.028961
0.6804550,1.820790,9.526528,2.349909,9.979584,76.380577,79.179642
0.6902010,1.782483,9.484630,2.329558,9.927855,76.429085,79.356331
0.6999710,1.764527,9.460688,2.331953,9.902331,76.379181,79.435074
0.7100620,1.760935,9.436746,2.334347,9.879384,76.332642,79.429939
0.7201110,1.772906,9.431957,2.339135,9.878085,76.302223,79.354439
0.7300630,1.776498,9.425972,2.327164,9.870187,76.362564,79.326752
0.7401280,1.805228,9.433155,2.331953,9.883384,76.352562,79.166260
0.7503120,1.802834,9.435549,2.327164,9.884103,76.382133,79.182968
0.7605070,1.804031,9.410410,2.305616,9.855263,76.470398,79.147728
0.7701450,1.810017,9.404425,2.298434,9.848968,76.504562,79.105820
0.7802010,1.817199,9.400833,2.281674,9.842963,76.596481,79.059547
0.7900750,1.816002,9.411607,2.281674,9.853032,76.610435,79.078796
0.8001020,1.831564,9.421184,2.272097,9.862847,76.681183,78.998405
0.8100880,1.830367,9.412804,2.280477,9.856556,76.622459,78.995872
0.8209100,1.825579,9.410410,2.279280,9.853105,76.624847,79.021240
0.8301030,1.819593,9.398438,2.293645,9.843901,76.526146,79.042763
0.8401240,1.794454,9.391256,2.288857,9.831308,76.537254,79.182480
0.8501030,1.784877,9.386468,2.286463,9.824433,76.542015,79.233498
0.8600750,1.766921,9.403227,2.286463,9.837205,76.559814,79.357887
0.8699989,1.770512,9.405622,2.272097,9.836811,76.645279,79.339401
0.8800670,1.787272,9.398438,2.266112,9.831594,76.673912,79.232803
0.8909330,1.798046,9.412804,2.300828,9.855336,76.499130,79.185570
0.9000040,1.823185,9.398438,2.329558,9.852994,76.323982,79.021660
0.9100149,1.859098,9.400833,2.347515,9.866242,76.235359,78.813591
0.9200030,1.885434,9.405622,2.365471,9.880082,76.147797,78.664825
0.9300340,1.898602,9.400833,2.363077,9.877474,76.158371,78.582069
0.9400440,1.881842,9.416395,2.352303,9.886514,76.235573,78.698471
0.9499360,1.863886,9.440337,2.351106,9.905642,76.269798,78.831253
0.9599879,1.853112,9.481039,2.351106,9.942426,76.321587,78.940704
0.9700530,1.847127,9.508572,2.341529,9.965319,76.410271,79.006691
0.9800659,1.849521,9.525331,2.334347,9.980072,76.473160,79.011688
0.9900610,1.859098,9.537302,2.330755,9.992436,76.511398,78.969704
1.0000640,1.880645,9.531317,2.349909,9.995244,76.402321,78.838219
1.0101140,1.889025,9.487024,2.358289,9.956584,76.298874,78.738739
1.0199900,1.860295,9.436746,2.387019,9.910132,76.062309,78.848099
1.0304199,1.837550,9.403227,2.377442,9.871651,76.064156,78.942780
1.0398760,1.821988,9.376891,2.347515,9.836491,76.192909,79.004097
1.0499860,1.807622,9.397242,2.312799,9.845034,76.413071,79.111763
1.0600580,1.802834,9.404425,2.285265,9.844585,76.577240,79.148018
1.0700250,1.842338,9.364920,2.257732,9.807817,76.691315,78.870461
1.0799129,1.854309,9.360131,2.261323,9.806330,76.667702,78.794388
1.0900470,1.863886,9.367314,2.291251,9.821939,76.509811,78.746407
1.1000021,1.851915,9.370906,2.304419,9.826180,76.436768,78.821030
1.1100580,1.826776,9.386468,2.273294,9.829078,76.627403,78.986877
1.1202530,1.807622,9.379285,2.260126,9.815633,76.687744,79.091423
1.1299790,1.782483,9.362526,2.285265,9.800845,76.516212,79.220749
1.1400939,1.799243,9.349358,2.284068,9.791053,76.509674,79.106857
1.1499310,1.826776,9.351752,2.288857,9.799554,76.492805,78.946999
1.1601239,1.835156,9.367314,2.275689,9.812906,76.590584,78.915543
1.1700480,1.849521,9.396045,2.275689,9.843025,76.632385,78.864243
1.1801009,1.853112,9.410410,2.268506,9.855758,76.692879,78.859772
1.1901629,1.851915,9.398438,2.263718,9.843000,76.703957,78.852959
1.1999990,1.867477,9.392453,2.270900,9.841882,76.659454,78.754684
1.2099789,1.879448,9.366117,2.282871,9.821812,76.559898,78.653458
1.2199910,1.872266,9.344569,2.293645,9.802406,76.468025,78.670311
1.2299579,1.868674,9.330204,2.300828,9.789712,76.406898,78.674515
1.2402350,1.854309,9.314642,2.297236,9.771300,76.402458,78.741058
1.2499399,1.850718,9.321824,2.294842,9.776904,76.424835,78.770744
1.2601130,1.859098,9.336189,2.312799,9.796413,76.344337,78.738113
1.2700189,1.869871,9.348161,2.297236,9.806213,76.451797,78.688660
1.2800450,1.880645,9.348161,2.304419,9.809958,76.413910,78.625175
1.2904840,1.879448,9.352949,2.304419,9.814292,76.420029,78.637901
1.3000320,1.873463,9.354146,2.296039,9.812325,76.467583,78.674561
1.3099920,1.872266,9.360131,2.303222,9.819485,76.434532,78.688660
1.3203700,1.868674,9.373300,2.287660,9.827720,76.539421,78.725250
1.3300989,1.856703,9.396045,2.255338,9.839693,76.749542,78.822083
1.3399669,1.855506,9.409213,2.240973,9.848763,76.847801,78.844353
1.3500490,1.856703,9.422380,2.254141,9.864571,76.790710,78.852547
1.3599540,1.849521,9.419987,2.264915,9.863403,76.724823,78.891846
1.3702509,1.844732,9.428367,2.272097,9.872161,76.693977,78.929497
1.3799559,1.841141,9.403227,2.287660,9.851085,76.571945,78.921700
1.3900189,1.830367,9.391256,2.303222,9.841279,76.465141,78.971245
1.3999580,1.835156,9.382876,2.311602,9.836141,76.407730,78.933472
1.4100029,1.845930,9.397242,2.319981,9.853827,76.382462,78.886711
1.4200718,1.849521,9.402030,2.319981,9.859068,76.389839,78.871155
1.4301479,1.868674,9.410410,2.305616,9.867301,76.487221,78.768585
1.4405720,1.872266,9.421184,2.318784,9.881338,76.428246,78.760086
1.4500729,1.868674,9.414001,2.333150,9.877193,76.336693,78.772758
1.4602140,1.863886,9.422380,2.336741,9.885124,76.326447,78.810509
1.4702699,1.880645,9.461885,2.325967,9.923418,76.444229,78.758392
1.4799509,1.891419,9.485827,2.306813,9.943831,76.586075,78.723442
1.4900980,1.892616,9.501390,2.296039,9.956415,76.667068,78.734497
1.5000939,1.874660,9.512163,2.313996,9.967456,76.576012,78.851013
1.5099980,1.854309,9.502586,2.336741,9.959818,76.430962,78.958214
1.5199920,1.833959,9.494206,2.300828,9.939676,76.615829,79.067055
1.5301369,1.821988,9.487024,2.276886,9.925094,76.737839,79.128685
1.5399989,1.805228,9.457097,2.255338,9.888482,76.816101,79.193039
1.5500640,1.793257,9.441534,2.246958,9.869507,76.840256,79.245750
1.5599869,1.796848,9.430760,2.240973,9.858492,76.861015,79.212692
1.5699260,1.788469,9.476251,2.212242,9.894037,77.079819,79.312187
1.5800650,1.774103,9.496601,2.163161,9.900108,77.379128,79.418289
1.5905880,1.742979,9.478644,2.177526,9.880501,77.268280,79.580574
1.6001201,1.715446,9.441534,2.191892,9.843257,77.133537,79.702187
1.6099598,1.690306,9.411607,2.209848,9.814219,76.987244,79.818336
1.6199629,1.671153,9.411607,2.208651,9.810670,76.989624,79.931335
1.6299750,1.669956,9.409213,2.179921,9.801739,77.149879,79.935890
1.6400409,1.654393,9.412804,2.158373,9.797779,77.273811,80.031517
1.6500080,1.640028,9.414001,2.160767,9.797042,77.258484,80.117592
1.6599209,1.634043,9.421184,2.182315,9.807716,77.143501,80.160309
1.6704949,1.653196,9.410410,2.207454,9.806209,76.990784,80.036102
1.6803249,1.662773,9.399636,2.215834,9.799382,76.931267,79.968292
1.6907129,1.690306,9.399636,2.224213,9.805989,76.889961,79.805641
1.7003709,1.735796,9.410410,2.236184,9.826969,76.846779,79.548981
1.7106439,1.780089,9.442732,2.254141,9.869906,76.797981,79.324219
1.7201209,1.810017,9.501390,2.257732,9.932266,76.861076,79.214378
1.7303790,1.859098,9.526528,2.257732,9.965357,76.905487,78.957535
1.7401060,1.872266,9.503783,2.288857,9.953197,76.705170,78.855324
1.7508559,1.879448,9.457097,2.328361,9.919188,76.424110,78.759819
1.7602810,1.867477,9.435549,2.361880,9.904319,76.203758,78.804741
1.7700669,1.850718,9.418790,2.381034,9.889796,76.068802,78.883453
1.7802908,1.857901,9.440337,2.414552,9.919769,75.912224,78.866226
1.7912630,1.903390,9.498995,2.455254,9.994102,75.778549,78.669243
1.8004080,1.968034,9.575610,2.462436,10.081123,75.861771,78.385971
1.8110549,2.014721,9.657013,2.491167,10.174621,75.827545,78.215546
1.8201439,2.073379,9.727641,2.507926,10.257465,75.847855,77.967857
1.8302549,2.124854,9.775525,2.539051,10.320982,75.758553,77.736679
1.8400729,2.165555,9.777920,2.558204,10.336429,75.670731,77.512047
1.8503549,2.178724,9.747993,2.567781,10.313277,75.582947,77.401184
1.8602329,2.208651,9.701305,2.574964,10.277349,75.490089,77.174347
1.8702909,2.219425,9.628283,2.594118,10.215631,75.289444,77.019432
1.8806700,2.239776,9.528923,2.566584,10.119502,75.307724,76.772720
1.8910819,2.261323,9.400833,2.539051,9.996800,75.286469,76.474747
1.9001379,2.282871,9.279925,2.497152,9.877463,75.355957,76.179604
1.9104379,2.303222,9.203311,2.464831,9.802100,75.436111,75.949730
1.9201699,2.309207,9.141062,2.398990,9.728649,75.724167,75.822601
1.9302269,2.312799,9.068039,2.309207,9.639025,76.138924,75.691788
1.9401300,2.300828,8.993818,2.255338,9.553488,76.345009,75.650169
1.9499569,2.272097,8.971074,2.244564,9.522640,76.366631,75.787598
1.9600079,2.252944,8.935161,2.232593,9.481420,76.380653,75.848221
1.9699099,2.220622,8.911219,2.176329,9.438082,76.668175,76.007233
1.9799269,2.179921,8.925584,2.153584,9.436950,76.808426,76.275169
1.9900988,2.122460,8.939949,2.111686,9.427977,77.057045,76.644501
2.0000989,2.057816,8.980651,2.056619,9.440147,77.416702,77.094101
2.0102758,1.976413,9.047688,2.047042,9.484580,77.535866,77.677643
2.0200410,1.906982,9.123106,2.027889,9.538342,77.725006,78.193588
2.0303481,1.868674,9.166202,2.008735,9.567979,77.880959,78.477257
2.0400810,1.814805,9.191340,2.023100,9.584737,77.814629,78.830772
2.0501959,1.799243,9.194932,2.148796,9.612563,77.082939,78.928391
2.0600240,1.801637,9.204509,2.178724,9.628900,76.922478,78.925270
2.0702150,1.863886,9.366117,2.206257,9.801316,76.991356,78.745003
2.0801649,1.886631,9.568427,2.244564,10.007609,77.039116,78.845924
2.0901759,1.885434,9.846154,2.201468,10.263922,77.614624,79.159698
2.1001301,1.885434,10.123882,2.109292,10.511754,78.424423,79.450310
2.1102409,1.883040,10.265140,1.989582,10.624376,79.206741,79.605217
2.1200569,1.883040,10.205285,1.944092,10.558085,79.389412,79.545593
2.1302040,1.854309,9.995792,2.038663,10.368726,78.660828,79.490585
2.1401191,1.798046,9.753978,2.164358,10.151724,77.689987,79.555367
2.1502960,1.690306,9.591172,2.240973,9.993482,77.041603,80.005074
2.1603508,1.553837,9.560047,2.193089,9.930687,77.241646,80.768188
2.1701429,1.480814,9.652225,2.100912,9.988598,77.858246,81.277870
2.1800530,1.452083,9.771935,1.974019,10.074522,78.700256,81.547852
2.1902871,1.438915,9.818622,1.832761,10.091325,79.536011,81.662674
2.2001500,1.447295,9.737218,1.751359,9.998767,79.912178,81.545715
2.2100060,1.441309,9.574412,1.794454,9.847173,79.500298,81.439110
2.2200508,1.430536,9.372103,1.810017,9.651886,79.191338,81.321495
2.2300479,1.398214,9.193734,1.795651,9.471226,79.071129,81.352531
2.2399709,1.359907,9.087193,1.881842,9.379111,78.425507,81.488800
2.2500129,1.321599,9.077616,1.806425,9.349486,78.859756,81.716576
2.2601898,1.368286,9.065644,1.650802,9.315754,79.792976,81.417076
2.2700989,1.454478,9.123106,1.646014,9.383812,79.897484,80.941689
2.2804439,1.574188,9.199720,1.685518,9.484403,79.763321,80.290009
2.2902820,1.726219,9.239224,1.654393,9.543591,80.017273,79.417107
2.3003678,1.845930,9.253590,1.590947,9.569090,80.429619,78.718582
2.3102667,1.905785,9.291897,1.584962,9.616832,80.513733,78.409279
2.3207538,1.944092,9.391256,1.629254,9.727777,80.358391,78.304352
2.3307319,1.950077,9.519346,1.663970,9.858477,80.282776,78.422897
2.3402848,1.946486,9.648633,1.702277,9.989128,80.188164,78.594406
2.3505599,2.007538,9.751583,1.771709,10.112494,79.909698,78.367157
2.3600781,2.136825,9.864111,1.865083,10.263783,79.530334,77.777092
2.3703640,2.299631,9.947908,1.935712,10.392120,79.264977,76.983734
2.3802779,2.397793,9.998186,2.020706,10.478377,78.881119,76.513870
2.3907030,2.461239,10.024523,2.151190,10.544021,78.227867,76.205498
2.4000390,2.493561,10.036493,2.257732,10.585197,77.684692,76.047401
2.4104497,2.525883,10.028113,2.316390,10.597585,77.374527,75.862411
2.4202540,2.546233,9.934740,2.321178,10.515239,77.247253,75.624756
2.4301109,2.553416,9.799467,2.369063,10.400094,76.832863,75.395370
2.4400890,2.525883,9.653421,2.414552,10.266386,76.397171,75.336906
2.4502761,2.463634,9.510966,2.367866,10.106174,76.449699,75.477806
2.4608078,2.365471,9.400833,2.296039,9.962073,76.674782,75.876236
2.4700301,2.255338,9.352949,2.209848,9.871557,77.064140,76.442711
2.4802089,2.155979,9.348161,2.070984,9.814547,77.818352,77.012886
2.4901750,2.117671,9.387665,1.881842,9.805820,78.935684,77.287979
2.5001898,2.118869,9.415198,1.747767,9.807663,79.734818,77.317017
2.5102398,2.121263,9.414001,1.677138,9.794691,80.140701,77.301590
2.5201569,2.134431,9.362526,1.665167,9.746049,80.162430,77.157425
2.5300720,2.132037,9.282320,1.695095,9.673696,79.908119,77.064217
2.5401750,2.134431,9.251195,1.733402,9.651171,79.653229,77.008087
2.5505910,2.142811,9.301474,1.719037,9.698667,79.790688,77.026924
2.5601819,2.139219,9.363723,1.723825,9.758439,79.825325,77.131165
2.5700741,2.127248,9.398438,1.760935,9.795750,79.643913,77.246529
2.5801227,2.104503,9.402030,1.784877,9.798617,79.504631,77.383163
2.5905459,2.055422,9.333796,1.805228,9.726425,79.303864,77.580948
2.6002619,1.977611,9.270349,1.844732,9.656777,78.987114,77.957802
2.6104720,1.927332,9.251195,1.866280,9.632353,78.828217,78.231712
2.6203980,1.911770,9.257181,1.849521,9.631770,78.929138,78.331459
2.6301560,1.945289,9.253590,1.869871,9.638957,78.814209,78.128151
2.6402009,2.012326,9.269152,1.900996,9.673697,78.666946,77.751205
2.6500368,2.087744,9.285912,1.909376,9.707345,78.656303,77.328934
2.6604500,2.124854,9.314642,1.942895,9.749482,78.505035,77.149590
2.6702368,2.157176,9.348161,1.950077,9.790011,78.510376,77.005920
2.6803379,2.193089,9.398438,1.914164,9.838918,78.781548,76.865288
2.6900930,2.223016,9.458294,1.879448,9.896133,79.052032,76.773628
2.7002380,2.268506,9.482236,1.842338,9.922355,79.299484,76.545586
2.7102280,2.296039,9.489418,1.824382,9.932232,79.415642,76.398247
2.7201331,2.303222,9.518148,1.856703,9.967313,79.264275,76.396935
2.7301879,2.334347,9.570822,1.908179,10.034488,79.037758,76.293037
2.7401347,2.359486,9.593566,1.886631,10.057985,79.188675,76.182655
2.7502320,2.363077,9.558850,1.836353,10.016384,79.435928,76.114113
2.7601299,2.375048,9.522937,1.847127,9.986944,79.341545,75.995956
2.7702019,2.389413,9.493010,1.881842,9.968343,79.118294,75.871994
2.7802250,2.425326,9.431957,1.887828,9.920076,79.029488,75.579422
2.7905657,2.472013,9.394848,1.909376,9.900492,78.880455,75.258232
2.8003640,2.513912,9.367314,1.923741,9.887726,78.781067,74.977478
2.8102541,2.527080,9.409213,1.934515,9.932863,78.769348,74.966545
2.8203840,2.517503,9.476251,1.940500,9.995133,78.805244,75.122208
2.8304069,2.547431,9.514558,1.890222,10.029414,79.136620,75.011169
2.8410649,2.561796,9.522937,1.872266,10.037654,79.249992,74.943138
2.8503301,2.604892,9.521740,1.878251,10.048722,79.227234,74.699783
2.8601520,2.659958,9.520543,1.915361,10.068998,79.034164,74.390091
2.8701849,2.700660,9.504981,1.905785,10.063312,79.083427,74.138512
2.8801229,2.706645,9.489418,1.897405,10.048638,79.115952,74.080383
2.8908210,2.700660,9.466674,1.933318,10.032407,78.889183,74.077576
2.9006660,2.686294,9.451111,1.941698,10.015481,78.821304,74.133232
2.9100358,2.638410,9.443929,1.899799,9.987905,79.034966,74.390892
2.9200029,2.597709,9.431957,1.886631,9.963397,79.084785,74.601608
2.9300499,2.578555,9.411607,1.905785,9.942801,78.949463,74.678307
2.9402239,2.570175,9.378088,1.900996,9.907983,78.938347,74.673737
2.9502079,2.564190,9.332599,1.936909,9.870364,78.683136,74.636734
2.9599349,2.573767,9.299079,1.976413,9.849029,78.423805,74.529160
2.9700270,2.584541,9.303867,1.978808,9.856850,78.418915,74.475128
2.9801159,2.600103,9.306262,1.974019,9.862241,78.453728,74.390015
2.9903710,2.577358,9.313444,1.953669,9.858997,78.570564,74.531357
3.0001829,2.534262,9.272743,1.930924,9.804832,78.642159,74.714218
3.0102739,2.440889,9.212888,1.906982,9.719662,78.685265,75.160835
3.0200660,2.360683,9.205706,1.902193,9.692068,78.681496,75.617172
3.0310588,2.212242,9.293094,1.802834,9.721410,79.312637,76.609833
3.0400691,2.212242,9.293094,1.802834,9.721410,79.312637,76.609833
3.0501518,2.196680,9.301474,1.816002,9.728344,79.241417,76.712227
3.0602727,2.213439,9.241618,1.867477,9.684746,78.882210,76.530937
3.0701480,2.239776,9.212888,1.946486,9.678983,78.398453,76.335724
3.0800970,2.293645,9.203311,1.995567,9.692472,78.118492,76.005852
3.0908988,2.373851,9.187749,2.011129,9.700233,78.034195,75.513222
3.1000609,2.439692,9.161413,2.009932,9.691409,78.030373,75.088158
3.1100810,2.452860,9.115923,1.997961,9.649270,78.049988,74.939880
3.1201739,2.355895,9.105149,2.074576,9.631087,77.560768,75.493263
3.1302907,2.217031,9.117120,2.039860,9.601985,77.734535,76.332535
3.1401348,2.173935,9.150639,1.996764,9.614949,78.013985,76.635880
3.1500969,2.237381,9.155427,1.994370,9.633547,78.052025,76.267342
3.1600819,2.451663,9.174581,1.975216,9.699745,78.250343,75.038803
3.1708679,2.685097,9.174581,1.962048,9.758704,78.401268,73.686989
3.1799967,2.833538,9.151836,1.997961,9.786568,78.220055,72.796738
3.1900599,2.857480,9.071630,2.039860,9.727317,77.894981,72.516052
3.2004189,2.820370,8.967483,2.110489,9.634542,77.346497,72.541077
3.2113879,2.811990,8.931569,2.138022,9.604756,77.138191,72.524063
3.2200398,2.974796,8.977059,2.055422,9.677901,77.737961,71.665962
3.2302561,3.179500,8.963891,2.019509,9.723116,78.012291,70.470360
3.2402728,3.367445,8.916007,2.151190,9.770491,77.280853,69.309189
3.2501419,3.543418,8.810662,2.351106,9.783215,76.094551,68.091293
3.2602820,3.722984,8.700529,2.504335,9.789357,75.177689,66.833763
3.2705410,3.921702,8.682572,2.448071,9.836659,75.589211,65.692490
3.2807739,4.037821,8.762778,2.324770,9.924457,76.452789,65.260109
3.2901628,4.054581,8.868123,2.182315,9.992284,77.384926,65.429718
3.3005958,4.040215,8.965088,2.020706,10.038894,78.387726,65.740768
3.3103158,3.976769,9.014170,1.853112,10.025167,79.347847,66.194435
3.3211730,4.015076,9.034520,1.774103,10.044443,79.826744,66.038925
3.3307209,4.050989,8.916007,1.890222,9.973897,79.075409,65.565323
3.3420191,4.059369,8.737639,2.023100,9.844682,78.141121,65.081161
3.3504729,4.018668,8.677784,2.074576,9.785575,77.760216,65.151222
3.3602679,3.883395,8.613141,1.878251,9.633004,78.756393,65.730881
3.3701508,3.761291,8.627506,1.666364,9.558135,79.959755,66.444481
3.3806159,3.714604,8.762778,1.367089,9.615274,81.826050,67.027565
3.3921530,3.701436,8.925584,1.114501,9.726705,83.420509,67.476234
3.4010811,3.779247,9.002198,0.878672,9.802773,84.857391,67.226662
3.4106591,3.897760,9.001001,0.845153,9.845042,85.075348,66.585640
3.4201930,4.116830,8.904037,0.967257,9.857268,84.368713,65.186279
3.4304440,4.519056,8.784326,1.243788,9.956568,82.823784,62.776653
3.4401221,4.860229,8.588001,1.513135,9.983245,81.282227,60.493065
3.4502449,5.226542,8.352173,1.722628,10.002149,80.082741,57.962887
3.4618218,5.637148,8.170214,1.884237,10.103474,79.251755,55.395748
3.4703019,5.884948,7.991845,2.048239,10.133977,78.339272,53.633217
3.4809799,6.033388,7.893683,2.177526,10.171216,77.638023,52.608192
3.4909680,6.053739,7.839813,2.276886,10.163397,77.054268,52.325436
3.5007081,5.990293,7.736863,2.359486,10.065278,76.442657,52.251049
3.5101769,5.803545,7.595605,2.442086,9.866009,75.668884,52.617779
3.5208349,5.509058,7.606379,2.662352,9.761908,74.173294,54.085384
3.5305889,5.540183,7.606379,2.566584,9.753870,74.743835,53.931900
3.5402098,5.540183,7.836222,2.456451,9.906268,75.642616,54.739819
3.5516500,6.359000,8.805874,2.217031,11.085825,78.463753,54.165760
3.5610988,7.351396,9.452309,2.200271,12.174989,79.588264,52.126526
3.5702660,8.377312,9.987412,2.562993,13.285206,78.876709,50.010513
3.5801458,9.080010,9.870096,3.570952,13.878655,75.090195,47.387447
3.5905368,9.002198,8.963891,3.256114,13.114617,75.624168,44.877834
3.6001878,7.935582,7.878121,1.708263,11.311782,81.314178,44.791809
3.6108878,6.660669,7.101202,0.302867,9.740807,88.218239,46.833477
3.6201339,5.992687,6.635530,0.888249,8.985073,84.326569,47.914143
3.6302960,5.886145,6.211756,1.318008,8.658508,81.244331,46.541725
3.6429708,5.938818,5.704185,0.675165,8.262151,85.312691,43.845520
3.6609137,5.847837,4.333505,0.047884,7.278651,89.623062,36.540073
3.6711450,5.859808,3.772065,-0.266953,6.974030,92.193718,32.770115
3.6803157,6.111200,3.699042,-0.192733,7.146105,91.545479,31.186054
3.6907129,6.463148,4.039018,-0.493206,7.637355,93.702629,32.002522
3.7003949,6.420052,4.712986,-1.333570,8.075130,99.505684,36.282543
3.7108049,6.443994,5.517438,-2.179921,8.758951,104.411201,40.570602
3.7200649,6.481104,6.230910,-3.226187,9.551818,109.740234,43.872467
3.7302158,6.230910,7.114370,-3.750517,10.173735,111.632202,48.787468
3.7413471,5.693412,8.317456,-2.844312,10.473066,105.758514,55.607830
3.7502408,5.390545,9.515755,-1.282095,11.011418,96.686295,60.469040
3.7609038,4.326323,10.066422,0.420182,10.964783,87.803825,66.743050
3.7707200,2.584541,9.900024,0.544681,10.246317,86.952797,75.368690
3.7801909,0.536301,10.116699,0.336385,10.136487,88.098259,86.965508
3.7909338,-0.697910,10.540473,-0.325611,10.568570,91.765526,93.788162
3.8011420,-0.609324,11.912351,-0.410606,11.934989,91.971565,92.928162
3.8108578,0.746991,14.395138,1.546654,14.497245,83.875679,87.029480
3.8210528,1.563414,16.478094,4.107253,17.054073,76.064049,84.580101
3.8308568,0.901417,17.021578,5.492299,17.908434,72.140266,86.968605
3.8428719,-0.707487,15.541961,5.072116,16.363968,71.943398,92.606369
3.8602290,-3.321955,10.696096,3.881001,11.853439,70.888008,107.253563
3.8711119,-2.855086,9.469068,3.390190,10.455053,71.079056,106.778954
3.8815448,-1.341950,9.062054,2.721010,9.556440,73.457260,98.423401
3.8906739,0.562637,9.202114,2.248155,9.489450,76.295700,86.501167
3.9003730,2.482787,9.570822,1.999158,10.087690,78.569565,75.457336
3.9102027,4.090494,9.988609,1.878251,10.955924,80.128616,67.730125
3.9205768,5.171476,10.238804,1.727417,11.600053,81.435974,63.202301
3.9302130,5.681441,10.271125,1.523909,11.836261,82.602676,61.050961
3.9401219,5.764040,10.137050,1.290475,11.732402,83.685127,60.376953
3.9501920,5.495890,9.882068,1.011550,11.352678,84.888031,60.919472
3.9600928,4.958392,9.533711,0.831985,10.778195,85.572845,62.521492
3.9702168,4.308366,9.115923,0.842759,10.117920,85.222084,64.703651
3.9800057,3.770868,8.728063,0.871489,9.547670,84.762886,66.633751
3.9902520,3.469198,8.465898,0.928950,9.196179,84.202393,67.716919
4.0002179,3.317167,8.356961,1.223437,9.074095,82.251358,68.350166
4.0110188,3.374627,8.489840,1.441309,9.248938,81.034767,68.322670
4.0203252,3.507505,8.714894,1.684321,9.544051,79.835281,68.076569
4.0302138,3.665523,8.966286,1.895011,9.870228,78.930908,67.764679
4.0411119,4.056975,9.168595,2.191892,10.262874,77.668068,66.131279
4.0501671,4.131195,8.882488,2.226608,10.046051,77.194618,65.057129
4.0600905,4.147954,8.318654,2.260126,9.566279,76.334114,63.497646
4.0705619,4.246117,7.791929,2.132037,9.126294,76.490021,61.412365
4.0803699,4.490325,7.366959,1.868674,8.827630,77.778900,58.636761
4.0900707,4.994305,7.244854,1.572991,8.938976,79.864899,55.419220
4.1000485,5.665878,7.337031,1.152808,9.341475,82.911201,52.323589
4.1106229,6.379351,7.413646,0.661997,9.802882,86.127823,49.288410
4.1209388,7.080852,7.284359,0.185551,10.160451,88.953606,45.811634
4.1304178,7.672219,6.888118,-0.035913,10.310695,90.199570,41.917496
4.1410580,8.097190,6.360197,0.044293,10.296531,89.753532,38.148994
4.1502137,8.349778,5.890934,0.368707,10.225352,87.933571,35.203724
4.1603937,8.420407,5.589264,0.828394,10.140481,85.314186,33.575253
4.1711287,8.210915,5.552154,1.296460,9.996316,82.548103,34.066238
4.1807709,7.738060,5.869385,1.734599,9.865906,79.873764,37.180630
4.1902456,7.074866,6.623559,2.011129,9.897975,78.276672,43.113022
4.2002726,6.317101,7.748834,2.122460,10.220325,78.014130,50.811962
4.2103877,5.607220,9.185355,2.413355,11.028870,77.360168,58.597931
4.2200909,5.153519,11.337742,2.959233,12.800790,76.633690,65.556046
4.2302132,4.322731,12.130223,2.983175,13.218459,76.956985,70.385948
4.2401810,3.549404,11.783064,1.899799,12.451831,81.223999,73.236160
4.2508440,2.345121,10.383653,0.578200,10.660870,86.890999,77.273415
4.2603679,1.034295,8.884883,-0.120907,8.945699,90.774414,83.360046
4.2702937,0.016759,8.203732,-0.086191,8.204203,90.601944,89.882950
4.2802119,-0.110133,8.449138,0.565032,8.468725,86.174393,90.746803
4.2902555,0.918176,9.305065,0.937330,9.397120,84.275429,84.364586
4.3001566,2.408567,10.147824,1.424550,10.526580,82.222366,76.648018
4.3102207,3.495534,10.429143,2.140416,11.205675,78.988159,71.470398
4.3205433,4.162320,10.283096,2.346318,11.338967,78.057777,67.963226
4.3311229,4.490325,9.759963,2.318784,10.990754,77.820450,65.293976
4.3402281,4.479551,8.951921,2.378639,10.288887,76.633133,63.416565
4.3500791,4.334702,8.194156,2.540248,9.611799,74.675568,62.121193
4.3613768,4.371812,7.647080,2.747346,9.227053,72.677544,60.243530
4.3701987,4.735731,7.293935,2.875436,9.159518,71.703842,57.005558
4.3801126,5.453991,7.145495,3.119645,9.515057,70.860817,52.646343
4.3902297,6.743269,7.253234,3.321955,10.445883,71.457031,47.086658
4.4004860,8.003817,7.201759,2.509123,11.055410,76.881905,41.980583
4.4102778,8.370130,7.100005,0.940921,11.016101,85.100212,40.306446
4.4200888,7.635109,6.855796,-0.154426,10.262587,90.862190,41.921631
4.4301929,6.584054,6.579266,-0.231040,9.310741,91.421906,44.979156
4.4400520,5.674258,5.986701,-1.213860,8.337341,98.371635,46.534813
4.4502597,5.214571,5.479131,-1.544260,7.719934,101.539032,46.417194
4.4603591,5.522226,5.207389,-0.840365,7.636629,96.317848,43.319260
4.4705782,5.937620,5.021838,0.011971,7.776525,89.911797,40.223412
4.4805508,6.502652,5.082890,0.161609,8.255081,88.878258,38.013466
4.4903207,7.177817,5.542577,-0.251391,9.072178,91.587875,37.674652
4.5002618,7.495049,6.423643,-0.985214,9.920161,95.699684,40.598278
4.5121026,6.789956,8.465898,-1.498770,10.955420,97.863083,51.269127
4.5207481,6.127959,8.465898,-0.893037,10.489081,94.884056,54.101460
4.5310760,5.438429,10.685322,0.900220,12.023436,85.706123,63.025608
4.5401430,4.466383,11.440693,2.190695,12.475463,79.886406,68.674599
4.5507860,3.254917,11.812991,2.597709,12.525547,78.030388,74.595146
4.5602760,2.079364,12.586318,2.986767,13.101906,76.822746,80.618996
4.5704069,0.958878,14.544775,4.277241,15.190942,73.646355,86.228180
4.5803227,-0.047884,17.062279,5.896919,18.052626,70.934334,90.160797
4.5901489,-1.726219,18.654423,6.221333,19.740120,71.629417,95.286911
4.6003327,-3.877410,17.809269,4.977545,18.893923,74.725311,102.282677
4.6100836,-5.333084,15.128961,4.112041,16.560076,75.622437,109.417976
4.6199417,-5.489904,12.363658,3.422511,13.953948,75.802094,113.942924
4.6299720,-4.753687,10.335769,2.580950,11.665631,77.217896,114.698921
4.6400766,-3.657143,9.083601,1.823185,9.960447,79.452980,111.930176
4.6503530,-2.597709,8.576031,1.529895,9.090487,80.311226,106.851738
4.6601419,-1.692701,8.865729,1.430536,9.138535,80.993950,100.809181
4.6701970,-0.681150,9.728839,1.351527,9.845857,82.110176,94.004944
4.6803279,0.615310,10.742783,1.310825,10.839938,83.054482,86.721878
4.6900067,2.002750,11.462240,1.315614,11.710030,83.549240,80.088997
4.7010069,3.092112,11.611878,1.307234,12.087420,83.791412,75.088806
4.7106977,3.531447,11.214440,1.204283,11.818845,84.151688,72.520691
4.7209516,3.289633,10.581175,1.059434,11.131278,84.538528,72.729797
4.7307549,2.682703,9.969456,0.950498,10.367758,84.739838,74.938911
4.7401218,2.102109,9.512163,0.814029,9.775620,85.223373,77.538399
4.7502179,1.669956,9.185355,0.955287,9.384672,84.157616,79.695808
4.7613049,1.537078,8.886080,1.018733,9.075397,83.554840,80.186317
4.7712388,1.693898,8.576031,1.331176,8.842489,81.341599,78.827019
4.7801504,2.079364,8.352173,1.851915,8.804097,77.857315,76.019806
4.7902217,2.564190,8.212111,2.365471,8.922404,74.626160,72.659294
4.8000941,3.083732,8.321048,2.900575,9.336090,71.899536,69.665588
4.8102660,3.543418,8.628703,3.278859,9.887429,70.632927,67.674263
4.8202133,3.848679,9.071630,3.441665,10.438001,70.747940,67.010704
4.8302789,4.088099,9.616311,3.470395,11.010433,71.627625,66.968620
4.8402719,4.320337,10.139444,3.386598,11.530078,72.919281,66.921532
4.8501430,4.465186,10.480618,3.235764,11.842778,74.143631,66.923943
4.8602819,4.298789,10.533290,2.975993,11.759521,75.340691,67.798912
4.8708930,3.721786,10.304645,2.730587,11.291302,76.005363,70.141518
4.8805118,2.913743,9.824607,2.571373,10.565262,75.913887,73.480904
4.8903942,2.070984,9.327810,2.227805,9.811225,76.875549,77.482094
4.9002542,1.352724,8.979453,1.813608,9.260109,78.705521,81.433006
4.9105549,0.931344,8.672996,1.515530,8.853536,80.143692,83.870811
4.9201436,0.863110,8.404845,1.370680,8.559506,80.785240,84.136742
4.9301372,1.083376,8.097190,1.425747,8.292825,80.100212,82.379280
4.9400401,1.468843,7.819463,1.618480,8.119173,78.501602,79.361282
4.9501128,1.982399,7.615956,1.850718,8.084420,76.766266,75.409927
4.9599738,2.728193,7.542933,2.020706,8.271767,75.860146,70.115517
4.9703040,3.567361,7.571663,2.161964,8.644665,75.517029,64.772705
4.9800777,4.463989,7.645883,2.323573,9.153454,75.294754,59.721813
4.9902616,5.281609,7.684190,2.542642,9.664740,74.746841,55.497917
5.0001173,6.147113,8.104373,3.169923,10.654401,72.691147,52.819923
5.0110288,6.660669,7.666234,3.459621,10.728683,71.187958,49.014843
5.0202637,6.660669,7.666234,3.459621,10.728683,71.187958,49.014843
5.0300498,5.946000,7.066486,3.271677,9.797653,70.492851,49.921516
5.0407639,3.963601,5.859808,3.271677,7.794316,65.181091,55.925400
5.0501246,4.516662,5.445612,2.792836,7.606238,68.458374,50.327244
5.0604105,5.263652,4.784812,2.457648,7.525988,70.940201,42.271744
5.0703945,5.734113,4.137180,0.752976,7.110787,83.921432,35.810566
5.0806379,6.293159,4.356250,-0.343568,7.661514,92.570198,34.691753
5.0906248,7.150283,4.842273,0.445322,8.647107,87.047989,34.106411
5.1000648,7.629124,5.202600,1.337162,9.330519,81.760544,34.291622
5.1101127,7.661446,5.461174,1.747767,9.569580,79.476555,35.481747
5.1200657,7.395689,5.352238,2.093729,9.366236,77.082954,35.893147
5.1309376,6.801927,4.734534,0.851139,8.331054,84.136169,34.840145
5.1409078,6.069301,4.495114,0.762553,7.591044,84.234665,36.524803
5.1505656,5.855020,4.686650,0.609324,7.524442,85.355141,38.675522
5.1608949,5.962759,5.125986,0.045490,7.863352,89.668541,40.684551
5.1705699,5.963956,5.993884,-1.152808,8.533721,97.763741,45.143398
5.1806340,5.846641,7.076063,-2.063802,9.408143,102.671638,50.434574
5.1902070,5.984307,8.208521,-2.497152,10.460761,103.810776,53.906605
5.2006979,6.069301,9.144653,-2.513912,11.259701,102.900955,56.427792
5.2111068,5.623980,9.504981,-1.723825,11.177897,98.871407,59.387722
5.2213988,5.143942,9.289502,-1.097741,10.675206,95.902214,61.025074
5.2311187,4.898537,9.248801,-0.792481,10.495904,94.330170,62.092506
5.2413998,4.209007,9.327810,-0.895431,10.272564,95.000664,65.713577
5.2506318,3.648763,9.865308,-0.794875,10.548441,94.321602,69.702682
5.2605891,3.239355,11.936293,-0.284910,12.371325,91.319633,74.816383
5.2703967,3.128025,14.213179,-0.871489,14.579385,93.426926,77.588257
5.2808056,2.990358,16.080656,-1.071405,16.391390,93.747749,79.465607
5.2909970,1.977611,18.053478,0.300472,18.163956,89.052155,83.748642
5.3004107,-0.122104,20.205866,3.229778,20.462732,80.918625,90.346237
5.3101649,-3.213019,20.983980,5.418078,21.909050,75.682281,98.705383
5.3209181,-6.774394,19.598934,5.042189,21.340906,76.333580,109.067764
5.3304958,-10.259154,16.977283,3.415329,20.128160,80.230835,121.144028
5.3401589,-12.576741,14.334085,2.852691,19.281553,81.491898,131.263748
5.3509212,-12.634202,12.119449,3.162740,17.790644,79.759789,136.191299
5.3613300,-10.419566,10.499771,3.775656,15.266569,75.681297,134.780334
5.3705745,-6.879739,9.606734,4.193444,12.538147,70.460609,125.607857
5.3802938,-3.116054,9.533711,3.988740,10.794049,68.313278,108.099762
5.3901868,0.131681,10.034100,3.184288,10.528067,72.394760,89.248131
5.4002686,2.522291,10.773908,2.170344,11.276056,78.902817,76.823723
5.4107561,3.822343,11.452663,1.267730,12.140055,84.005936,71.543495
5.4201250,4.382586,11.912351,0.484826,12.702213,87.812569,69.801292
5.4302878,4.629189,12.138602,-0.044293,12.991421,90.195343,69.125099
5.4404807,4.832696,12.087128,-0.142455,13.018214,90.626984,68.207397
5.4502001,5.021838,11.735180,0.223858,12.766496,88.995277,66.832458
5.4604230,5.057751,11.149797,0.871489,12.274295,85.928505,65.600090
5.4707289,5.046977,10.541670,1.544260,11.789127,82.473183,64.416557
5.4805832,4.924873,9.980229,2.017115,11.310531,79.726944,63.735371
5.4902797,4.544195,9.442732,2.181118,10.703838,78.242516,64.301407
5.5006490,3.973178,8.966286,2.240973,10.059939,77.128685,66.100708
5.5112705,3.308787,8.632295,2.155979,9.492778,76.872559,69.028008
5.5206776,3.344700,8.426393,2.044648,9.293637,77.290665,68.350319
5.5308495,3.501520,8.297106,1.895011,9.202916,78.116982,67.119431
5.5409617,3.703830,8.233660,1.736993,9.193946,79.109772,65.779877
5.5509896,4.025850,8.262390,1.511938,9.314533,80.658394,64.022339
5.5602245,4.378995,8.534132,1.376666,9.690315,81.832573,62.836941
5.5701747,4.572925,8.914810,1.272518,10.099742,82.761772,62.844070
5.5811524,4.693832,9.191340,1.119289,10.381021,83.810295,62.947514
5.5902781,4.865018,9.087193,0.914585,10.348040,84.929443,61.836700
5.6002254,5.329493,8.698134,0.667982,10.222878,86.253517,58.503498
5.6117878,5.876568,8.052897,0.579397,9.985935,86.673759,53.880058
5.6201620,6.203377,7.309498,0.638055,9.608213,86.192345,49.679619
5.6306505,6.199785,6.587646,0.853533,9.086414,84.609970,46.737328
5.6409769,6.076484,6.054936,1.124078,8.651558,82.534584,44.898232
5.6502638,5.936423,5.729325,1.395820,8.367473,80.397316,43.982952
5.6601548,5.963956,5.702989,1.716643,8.428506,78.248283,43.718613
5.6707096,6.120777,5.963956,1.975216,8.771213,76.985771,44.256531
5.6811686,6.408081,6.387730,2.020706,9.270914,77.410645,44.908875
5.6908197,6.534974,6.777985,2.108095,9.648369,77.379501,46.045746
5.7003798,6.554127,6.951565,2.167950,9.796981,77.215332,46.685581
5.7101469,6.514623,6.991069,2.217031,9.809718,76.938103,47.020412
5.7200985,6.404490,7.049727,2.260126,9.788989,76.650848,47.745689
5.7307987,6.034585,7.077260,2.309207,9.583124,76.056435,49.546684
5.7400489,5.641936,7.346608,2.426523,9.575600,75.320793,52.477005
5.7501764,5.194221,7.971495,2.665944,9.880886,74.347153,56.911762
5.7620769,4.734534,8.242040,2.306813,9.781023,76.358513,60.125340
5.7701831,4.435259,7.480683,1.080982,8.763599,82.914574,59.336517
5.7800899,3.839103,6.800730,-0.286107,7.814761,92.098129,60.554695
5.7902727,2.673126,6.804321,-0.834379,7.358028,96.511185,68.552261
5.8003964,2.218228,7.556100,-0.616507,7.899068,94.476379,73.639458
5.8103690,2.276886,8.423999,0.560243,8.744246,86.326546,74.875175
5.8203297,2.624045,9.083601,1.726219,9.611309,79.653366,73.887199
5.8305578,3.307590,9.390059,1.806425,10.118130,79.715645,70.595505
5.8410769,4.149151,9.181764,1.362301,10.167404,82.299950,65.682243
5.8501959,5.012261,8.894460,1.108515,10.269517,83.803291,60.597599
5.8608537,5.570110,8.499416,1.261744,10.240029,82.922203,56.761086
5.8710651,5.588067,8.050503,2.097321,10.021769,77.920044,55.234463
5.8809648,5.090073,7.527370,2.827552,9.516575,72.715370,55.933102
5.8914495,4.283227,6.957550,2.336741,8.497875,74.039207,58.382595
5.9007130,3.435679,6.447585,0.964863,7.369275,82.476631,61.948498
5.9106507,2.786851,6.136339,-0.192733,6.742280,91.638069,65.574577
5.9203248,2.636016,6.115988,-1.253365,6.776785,100.658203,66.683762
5.9342780,3.409343,6.557718,-1.437718,7.529563,101.007828,62.530178
5.9501987,3.962404,6.586449,-0.784101,7.726368,95.824623,58.968906
5.9604120,4.699818,6.722919,-0.739808,8.236094,95.153549,55.043598
5.9703636,5.485116,7.036559,-0.600945,8.942080,93.853416,52.062984
5.9802628,6.135142,7.448361,-0.517148,9.663617,93.067642,50.522053
5.9906139,6.635530,7.965509,-0.258574,10.370461,91.428741,50.204594
6.0002027,6.970718,8.486248,0.053870,10.982268,89.718956,50.599857
6.0117540,6.849811,9.867702,0.836774,12.041248,86.015175,55.232983
6.0206456,6.849811,9.867702,0.836774,12.041248,86.015175,55.232983
6.0302858,4.835090,12.557588,4.499902,14.188736,71.509583,68.941628
6.0402684,2.688689,13.790602,4.262876,14.682706,73.122101,78.967705
6.0502505,0.399832,15.552734,3.406949,15.926541,77.648033,88.527359
6.0627317,-2.017115,17.861942,3.280056,18.272287,79.658783,96.443008
6.0801206,-5.786786,20.190304,3.110068,21.232235,81.577087,105.992943
6.0904169,-7.094019,17.186777,2.640805,18.779890,81.916351,112.428894
6.1003737,-8.246828,13.180080,2.239776,15.708001,81.802361,122.034378
6.1104598,-8.790312,10.437522,2.330755,13.843550,80.307289,130.103546
6.1202955,-8.469488,9.361329,2.309207,12.833517,79.633987,132.136627
6.1305470,-7.783550,9.385271,2.264915,12.401484,79.476860,129.670166
6.1411157,-6.301539,10.304645,2.284068,12.292765,79.291878,121.446793
6.1507840,-4.007894,11.382035,2.007538,12.232913,80.554489,109.398415
6.1601686,-1.555034,12.045229,1.507150,12.238349,82.926079,97.356171
6.1701832,0.383072,12.294226,0.974440,12.338730,85.470398,88.215317
6.1804681,1.543063,12.210428,0.427365,12.314960,88.011269,82.797562
6.1908579,2.115277,11.865664,-0.084994,12.053032,90.404037,79.892136
6.2000899,2.302025,11.384429,-0.396240,11.621598,91.953888,78.568466
6.2114630,2.269703,10.947487,-0.228646,11.182633,91.171585,78.287018
6.2213478,2.099715,10.512939,0.228646,10.723012,88.778191,78.705124
6.2315750,1.893813,10.011354,0.711078,10.213686,86.007835,79.288132
6.2403731,1.748964,9.500193,1.216254,9.736109,82.823746,79.568771
6.2506356,1.759738,9.042900,1.686715,9.365667,79.624672,78.987930
6.2601891,2.051831,8.645462,2.055422,9.120240,76.975403,76.648979
6.2701721,2.585738,8.431181,2.309207,9.116101,75.326485,72.949875
6.2809629,3.347094,8.537724,2.507926,9.507127,74.704674,68.593040
6.2901707,4.043807,8.894460,2.574964,10.104169,75.235794,65.551399
6.3005753,4.490325,9.427169,2.494758,10.735845,76.562973,64.530724
6.3109589,4.645948,10.005369,2.278083,11.264187,78.331947,65.092415
6.3209705,4.663905,10.496181,2.057816,11.668609,79.842484,66.042358
6.3303008,4.484340,10.741586,1.880645,11.791005,80.822220,67.340698
6.3404546,3.922899,10.566810,1.792060,11.413067,80.966133,69.632690
6.3503170,3.064578,10.081984,1.643619,10.664873,81.134514,73.092522
6.3600659,2.136825,9.493010,1.326388,9.820518,82.237740,77.314461
6.3701577,1.455675,8.936357,0.860716,9.094960,84.569603,80.748146
6.3802156,1.109712,8.498219,0.413000,8.580312,87.241089,82.560310
6.3901458,1.034295,8.234857,0.126893,8.300526,89.124069,82.841156
6.4003115,1.137246,8.192958,0.040701,8.271610,89.718071,82.097397
6.4102168,1.327585,8.288726,0.165200,8.395996,88.872574,80.900360
6.4202309,1.668759,8.429984,0.474052,8.606631,86.842560,78.802765
6.4303484,2.184709,8.491036,0.932542,8.817046,83.928711,75.570999
6.4400616,2.899378,8.337808,1.459266,8.947340,80.613419,70.825462
6.4501863,3.578135,8.073248,2.020706,9.058898,77.110992,66.096657
6.4601979,4.253299,7.830236,2.540248,9.265852,74.088539,61.489674
6.4700146,4.999093,7.621941,2.942474,9.578260,72.109222,56.739857
6.4800186,5.802348,7.455544,3.216610,9.979928,71.197441,52.107826
6.4901567,6.629545,7.484274,3.464410,10.581463,70.888733,48.465588
6.5003791,7.304709,7.697359,4.229357,11.423466,68.269943,46.499260
6.5099425,7.492654,7.904457,4.885368,11.936797,65.841042,46.532036
6.5201406,7.023391,7.358579,4.592079,11.160819,65.704269,46.335102
6.5304770,6.330269,7.113173,3.756502,10.236252,68.470497,48.332962
6.5408554,5.480328,6.945579,3.050213,9.358357,70.977791,51.725208
6.5510678,4.908113,6.884527,2.433706,8.798251,73.941872,54.514191
6.5618629,4.641160,6.807912,1.705869,8.414156,78.302887,55.716560
6.5707936,4.584896,6.631939,1.197101,8.150886,81.554558,55.342510
6.5809307,4.697424,6.160281,1.233014,7.844436,80.956558,52.673244
6.5908227,5.175067,5.606023,1.772906,7.832753,76.918007,47.289085
6.6004248,5.856217,5.208586,2.523489,8.233628,72.152435,41.650253
6.6101389,5.949591,5.003881,2.898181,8.296741,69.554543,40.065388
6.6201472,5.224148,5.267244,2.766500,7.917645,69.548805,45.235352
6.6304440,4.600459,5.960365,2.302025,7.873341,72.999367,52.337543
6.6402001,4.393360,6.629545,1.938106,8.185885,76.304497,56.467800
6.6503782,4.929661,7.143101,2.382231,9.000027,74.651375,55.389317
6.6602983,7.217321,7.757214,4.393360,11.470209,67.478905,47.064850
6.6709208,10.536881,7.161057,5.947197,14.059721,64.976158,34.200745
6.6805296,11.614272,4.323928,2.452860,12.633455,78.804581,20.420017
6.6905756,10.048465,3.354277,-4.188656,11.391561,111.573730,18.459518
6.7002988,6.963536,4.352659,-3.611653,8.971093,113.740059,32.008038
6.7126617,4.125209,5.433641,-1.763330,7.046356,104.492126,52.794304
6.7207627,2.747346,6.275203,-2.098518,7.164486,107.031990,66.355721
6.7302747,2.348712,7.520187,-0.444124,7.890939,93.226471,72.655319
6.7404346,2.090138,8.121132,-0.420182,8.396309,92.868492,75.567001
6.7502007,1.726219,7.442376,-2.901772,8.172459,110.797569,76.941460
6.7602777,2.021903,7.649475,-4.703409,9.204597,120.729446,75.194221
6.7701526,2.400187,8.164227,-4.305972,9.537133,116.839668,73.617279
6.7803268,2.552219,8.927979,-3.586514,9.954181,111.118759,74.046486
6.7901258,2.689886,9.707291,-2.680309,10.423580,104.900368,74.511971
6.8054471,3.220201,10.291476,-1.464054,10.882446,97.731651,72.625107
6.8200865,4.805163,11.607090,0.281319,12.565558,88.717148,67.511169
6.8300915,5.206192,13.104663,-0.034716,14.100986,90.141060,68.333176
6.8407102,4.412514,14.832080,-0.166397,15.475418,90.616074,73.432365
6.8506069,2.691083,15.934609,-0.653617,16.173464,92.316124,80.414177
6.8601418,0.815226,17.006014,-0.502782,17.032965,91.691513,87.255486
6.8703389,-1.224634,18.629284,1.598130,18.737768,85.107346,93.761047
6.8800797,-3.251326,20.849905,3.763685,21.434900,79.887192,98.863297
6.8902478,-5.904101,21.789629,4.820725,23.084318,77.946136,105.160789
6.9006929,-9.358934,19.528307,5.199009,22.270477,76.499817,115.606056
6.9106736,-11.753136,15.753847,4.941632,20.266712,75.887299,126.724731
6.9207697,-11.911154,12.729970,5.285200,18.217054,73.134636,133.096786
6.9303818,-10.426748,11.121067,5.790377,16.307167,69.201546,133.154434
6.9400568,-7.922413,10.448297,5.748478,14.317001,66.327133,127.171196
6.9503789,-4.845864,10.375273,4.933253,12.468587,66.693199,115.035347
6.9601927,-2.094927,10.663774,3.524265,11.424765,72.032593,101.114372
6.9701896,0.016759,11.318588,2.158373,11.522555,79.203743,89.915161
6.9799519,1.624466,12.222400,1.085770,12.377594,84.967506,82.429253
6.9899287,2.864662,12.885593,0.270545,13.202954,88.825859,77.466118
7.0002398,3.852271,12.952631,-0.180762,13.514559,90.766373,73.436882
7.0105495,4.204218,12.430696,0.142455,13.123182,89.378029,71.313812
7.0200410,3.489549,10.715250,0.444124,11.277888,87.743103,71.961540
7.0302706,2.636016,10.083180,0.653617,10.442525,86.411407,75.349220
7.0402617,1.999158,9.718064,0.679953,9.944835,86.079483,78.375526
7.0504036,1.783680,9.498995,0.588974,9.682940,86.512779,79.365089
7.0602288,1.985990,9.397242,0.565032,9.621412,86.633286,78.066841
7.0703077,2.497152,9.228451,0.624887,9.580739,86.260330,74.858772
7.0802326,3.338714,9.040505,0.699107,9.662634,85.850937,69.730499
7.0908475,4.199430,8.757990,0.960075,9.760090,84.354836,64.382423
7.1000738,4.948815,8.359355,1.254562,9.795076,82.641296,59.374077
7.1108818,5.474342,7.886500,1.552640,9.725019,80.813179,55.233906
7.1204038,5.706580,7.521385,1.748964,9.601830,79.505035,52.811901
7.1304235,5.728127,7.317877,1.783680,9.462785,79.135078,51.947651
7.1412978,5.584476,7.176620,1.622072,9.236956,79.886032,52.111786
7.1504941,5.395334,7.303512,1.382651,9.184914,81.342064,53.545555
7.1614957,5.184644,7.599196,1.061828,9.260442,83.415825,55.695763
7.1720381,4.983531,7.994239,0.630872,9.441475,86.168686,58.060989
7.1806550,4.781221,8.359355,0.161609,9.631459,89.038574,60.232147
7.1903219,4.414908,8.596381,-0.317232,9.669013,91.880157,62.815987
7.2001038,3.974375,8.585608,-0.644040,9.482779,93.894348,65.160049
7.2100968,3.495534,8.208521,-0.739808,8.952424,94.740204,66.933647
7.2202005,2.890999,7.643489,-0.590171,8.193235,94.130676,69.281868
7.2301998,2.258929,7.091625,-0.355539,7.451196,92.734947,72.331512
7.2402959,1.818396,6.629545,-0.010774,6.874412,90.089798,74.661751
7.2501402,1.728614,6.418855,0.320823,6.655278,87.236938,74.927681
7.2610769,2.047042,6.420052,0.573411,6.762858,85.136147,72.315048
7.2701998,2.667141,6.598420,0.822408,7.164436,83.408463,67.990997
7.2811437,3.357868,6.903681,1.031901,7.746025,82.344482,64.062263
7.2903142,4.181473,7.266402,1.211466,8.470713,81.777466,60.081593
7.3007631,4.994305,7.632715,1.620875,9.264376,79.923798,56.802124
7.3104839,5.432444,7.508216,1.970428,9.474563,77.996567,54.113014
7.3201237,5.920861,7.056910,2.117671,9.452043,77.053345,50.002808
7.3303595,6.572083,6.821081,2.859874,9.894357,73.199455,46.065083
7.3400679,7.694964,7.040150,4.138378,11.220622,68.357208,42.455505
7.3512850,8.579621,7.123947,5.792771,12.566492,62.550308,39.703987
7.3611498,8.935161,7.151481,5.959168,12.903195,62.494316,38.672913
7.3701630,8.894460,7.736863,3.270479,12.233826,74.494499,41.018440
7.3803487,7.770381,8.596381,-0.725443,11.610463,93.582283,47.889160
7.3909688,5.413290,9.526528,-1.975216,11.133730,100.218842,60.393322
7.4003577,3.135207,10.055647,-1.024718,10.582798,95.556580,72.683266
7.4104729,1.890222,9.992201,0.390255,10.176901,87.802330,79.287949
7.4201555,1.616086,9.145850,1.430536,9.397060,81.243690,79.979187
7.4304137,1.873463,7.838616,2.234987,8.363548,74.500526,76.558220
7.4404788,3.179500,7.067683,2.737770,8.219291,70.543526,65.778709
7.4509249,4.853047,6.956353,3.057395,9.016129,70.177773,55.098736
7.4608984,6.033388,7.374141,3.227384,10.059609,71.287117,50.710594
7.4700627,6.791153,7.746439,2.689886,10.647185,75.366318,48.759586
7.4804296,7.436390,8.397662,2.263718,11.443123,78.590294,48.474113
7.4909649,7.863756,9.136273,1.993173,12.218138,80.611244,49.280827
7.5007410,7.677008,9.415198,1.434127,12.232707,83.267326,50.806728
7.5102391,7.677008,9.080010,0.647632,11.908084,86.882378,49.785999
7.5202065,6.410475,8.670602,-0.561440,10.797626,92.980530,53.523205
7.5304537,5.226542,8.633492,-1.877054,10.265343,100.536011,58.810127
7.5404315,3.864242,8.633492,-1.780089,9.624877,100.658020,65.887314
7.5512424,2.761712,9.004593,-1.204283,9.495265,97.286446,72.949203
7.5601172,2.381034,9.467871,0.582988,9.780070,86.582581,75.883667
7.5701056,2.928109,10.230424,2.795230,11.002214,75.282066,74.028046
7.5802741,3.447650,11.753136,5.345055,13.363835,66.424065,73.651543
7.5907526,2.558204,13.443442,7.351396,15.534270,61.755356,79.225784
7.6001916,-1.483208,14.403518,6.971915,16.070745,64.289352,95.879333
7.6101828,-8.453926,13.676877,3.586514,16.473886,77.425491,121.720963
7.6214418,-13.109451,12.382812,-0.968455,18.059059,93.074081,136.632736
7.6303096,-12.921507,11.495759,-3.338714,17.614336,100.926247,138.341766
7.6403480,-9.040505,10.569203,-3.264494,14.286207,103.209167,130.542450
7.6505871,-4.237737,10.186131,-1.197101,11.097240,96.192764,112.588783
7.6604662,-0.146046,10.375273,0.799663,10.407069,85.593132,90.806465
7.6704826,2.578555,10.766725,2.099715,11.268545,79.261070,76.531738
7.6807995,3.794810,10.964247,2.847903,11.946792,76.208923,70.908875
7.6905479,3.900155,10.850522,3.270479,11.985035,74.164268,70.229332
7.7009139,3.678691,10.654198,3.693056,11.861001,71.858711,70.951187
7.7107048,3.501520,10.472239,4.104859,11.780419,69.607605,71.512016
7.7204027,3.564966,10.250774,4.284424,11.668061,68.457428,70.823586
7.7302647,3.900155,10.012551,4.122815,11.509127,69.008995,68.717766
7.7401028,4.469975,9.776723,3.493140,11.303407,71.998955,65.429848
7.7501187,5.185841,9.514558,2.580950,11.139168,76.602798,61.407726
7.7601466,6.052542,9.343372,1.903390,11.294015,80.297585,57.065243
7.7701840,6.918046,9.161413,1.531092,11.581670,82.403282,52.942497
7.7800817,7.574057,8.911219,1.551443,11.797589,82.443428,49.637249
7.7904730,7.777564,8.546103,1.928530,11.715186,80.524963,47.695568
7.8003688,7.504625,8.198944,2.445677,11.380836,77.590675,47.531631
7.8102565,6.856994,7.933187,3.009511,10.909216,73.986206,49.161739
7.8207526,5.966351,7.716512,3.090914,10.232089,72.417397,52.289070
7.8308387,4.996699,7.509414,2.667141,9.405951,73.527275,56.360550
7.8407927,4.203021,7.509414,2.061408,8.849072,76.529083,60.764248
7.8501935,3.707421,7.844602,1.462857,8.799017,80.430008,64.704208
7.8600898,3.421314,8.470686,0.937330,9.183491,84.141800,68.006195
7.8703241,3.270479,9.390059,0.605733,9.961735,86.513924,70.797195
7.8815894,2.967613,10.494983,0.612916,10.923692,86.783508,74.210960
7.8908935,2.366668,11.510124,0.654814,11.769149,86.810516,78.380997
7.9003329,1.740585,12.214020,0.508768,12.347905,87.638588,81.889549
7.9100904,1.258153,12.233173,0.325611,12.302011,88.483307,84.127907
7.9201541,0.656011,11.646594,0.372298,11.670995,88.171989,86.776138
7.9302297,0.062249,10.749966,0.773327,10.777925,85.885437,89.668221
7.9400959,-0.175974,9.756371,1.249773,9.837667,82.701447,91.033318
7.9499159,-0.049081,8.845378,1.812411,9.029284,78.420593,90.317917
7.9598799,0.342371,8.165425,2.324770,8.496819,74.121117,87.599030
7.9699988,0.939724,7.714118,2.715025,8.231771,70.741989,83.054520
7.9801927,1.557428,7.535750,3.033453,8.271333,68.485107,78.322975
7.9901447,2.292448,7.748834,3.281253,8.721603,67.900185,73.519447
7.9999566,3.287239,8.177396,3.319561,9.417814,69.361122,68.100319
8.0105486,4.540604,8.814254,4.205415,10.770036,67.016022,62.745045
8.0200176,6.339846,10.425551,3.863045,12.798784,72.432510,58.695942
8.0311728,5.918467,9.636662,2.621651,11.608899,76.948242,58.443356
8.0404491,5.075707,8.919599,1.557428,10.380156,81.370811,60.357914
8.0500021,4.408922,8.305486,1.030704,9.459495,83.744652,62.038643
8.0601940,4.424485,7.886500,1.101333,9.109659,83.056114,60.706699
8.0699310,4.927267,7.641095,1.466449,9.209494,80.837662,57.184544
8.0802727,5.875371,7.428011,2.109292,9.702806,77.444229,51.656883
8.0903749,7.307104,7.219715,2.651578,10.608908,75.526108,44.655331
8.1002474,9.078813,7.026982,2.784456,11.813404,76.366928,37.739796
8.1099548,10.354922,6.710948,3.555390,12.841418,73.926582,32.946972
8.1201487,11.637017,6.470330,3.900155,13.874312,73.673767,29.074617
8.1305285,12.752715,5.626374,3.002329,14.258394,77.844498,23.806606
8.1404572,11.935096,4.084508,0.469264,12.623389,87.869591,18.892313
8.1519861,8.802282,3.244143,-1.115698,9.447191,96.782364,20.231720
8.1607046,5.431247,2.789245,-0.322020,6.114084,93.019081,27.183001
8.1706085,3.475184,2.438494,0.172383,4.248868,87.674789,35.056877
8.1802597,3.424906,2.495955,-0.799663,4.312683,100.685699,36.083298
8.1907511,4.001908,2.800019,-2.209848,5.360858,114.344307,34.979362
8.2004490,4.923676,3.329138,-3.971981,7.148592,123.754196,34.064545
8.2101784,6.159084,4.083311,-5.149928,9.007192,124.872864,33.543335
8.2201681,7.296329,4.758476,-4.055778,9.608790,114.966629,33.111343
8.2304688,7.645883,5.278018,-2.744952,9.687712,106.459869,34.617645
8.2402782,7.821857,5.861006,-1.976413,9.971913,101.431602,36.844635
8.2505894,8.104373,6.648698,-1.511938,10.591128,98.207306,39.364906
8.2602015,8.343793,8.046912,-2.451663,11.848305,101.941971,43.962330
8.2702122,7.371747,10.916363,-3.702633,13.682804,105.700264,55.969105
8.2808132,4.035427,15.172056,-6.060922,16.828865,111.109428,75.105446
8.2903700,-1.027112,18.778921,-7.672219,20.311716,112.192764,93.130669
8.3007250,-4.340688,19.518730,-8.019379,21.543743,111.853645,102.537735
8.3107367,-5.388151,19.492393,-6.812701,21.340067,108.617249,105.452034
8.3202105,-5.541380,18.929756,-2.766500,19.917231,97.984192,106.316536
8.3316813,-5.368997,17.768568,0.991199,18.588455,86.943344,106.812851
8.3410063,-6.101623,17.050308,4.151546,18.578970,77.088013,109.690254
8.3513975,-7.815871,16.269798,5.834670,18.969385,72.086342,115.659225
8.3602114,-9.917980,14.793773,6.351817,18.909458,70.372307,123.838524
8.3701124,-10.852917,13.218388,6.295553,18.224861,69.791489,129.387604
8.3800812,-10.004171,11.914744,7.082048,17.093859,65.524529,130.018372
8.3906364,-7.594408,11.116279,7.663840,15.491323,60.348827,124.340065
8.4002495,-4.548983,10.667366,7.817069,13.985438,56.017242,113.095299
8.4106941,-1.490391,10.655395,7.164649,12.926364,56.339802,97.962410
8.4216175,1.301249,11.113884,5.452795,12.447676,64.020012,83.322029
8.4301872,3.224990,11.751939,3.543418,12.691116,73.787262,74.654549
8.4404373,4.022259,12.148179,1.742979,12.914906,82.243767,71.680305
8.4503355,3.811569,12.168530,0.174777,12.752715,89.214737,72.607788
8.4602537,3.177106,11.836933,-1.037886,12.299764,94.840523,74.975578
8.4702969,2.524686,11.143812,-1.659182,11.546059,98.262070,77.234848
8.4800568,2.062605,10.299856,-1.842338,10.664689,99.947823,78.675980
8.4902220,1.896208,9.526528,-1.820790,9.882592,100.616951,78.742691
8.5002098,1.981202,8.913613,-1.532289,9.258810,99.526009,77.468750
8.5109978,2.722207,8.177396,-0.586579,8.638535,93.893532,71.587700
8.5201035,3.343503,7.981071,-0.092177,8.653612,90.610313,67.269775
8.5302687,4.049792,7.900866,0.356736,8.885480,87.699059,62.861423
8.5415573,4.776433,7.939173,0.750582,9.295598,85.368553,58.967686
8.5519094,5.455189,8.074445,1.077391,9.803904,83.690788,55.956581
8.5602779,5.922058,8.216900,1.204283,10.199927,83.219391,54.219070
8.5702515,6.064513,8.344990,1.337162,10.402172,82.614395,53.993156
8.5806828,5.827487,8.395268,1.895011,10.393806,79.495010,55.233959
8.5901289,5.529409,8.456321,2.281674,10.358077,77.274536,56.820179
8.6004324,5.367800,8.482656,2.340332,10.307565,76.876549,57.674492
8.6102448,5.267244,8.344990,2.100912,10.089428,77.981407,57.740437
8.6202869,5.246893,8.177396,1.808819,9.882890,79.453972,57.314400
8.6311626,5.419276,8.046912,1.569399,9.827734,80.811050,56.041298
8.6417389,5.742493,7.979874,1.447295,9.937267,81.625473,54.260380
8.6502542,5.942409,7.972692,1.460463,10.050322,81.644478,53.301167
8.6601114,5.774815,7.896077,1.534683,9.902109,81.084045,53.820042
8.6701221,5.256470,7.671022,1.629254,9.440844,80.062424,55.579609
8.6804028,4.653131,7.359776,1.556231,8.845325,79.866737,57.697365
8.6901245,4.278439,7.044939,0.958878,8.297930,83.364288,58.729408
8.7000513,4.150349,6.666655,0.130484,7.854088,89.048073,58.095531
8.7101383,4.212598,6.257246,-0.727837,7.578183,95.511398,56.050175
8.7216625,4.361038,5.890934,-1.581370,7.498166,102.175156,53.487579
8.7303667,4.373009,5.596447,-2.382231,7.491224,108.542191,51.996277
8.7400551,4.064157,5.384560,-2.998738,7.382634,113.965599,52.955227
8.7499628,3.436877,5.315128,-3.278859,7.128367,117.385391,57.112419
8.7599726,2.554613,5.459977,-3.246537,6.846707,118.305649,64.926056
8.7700176,1.727417,5.894525,-3.114856,6.887069,116.889809,73.666542
8.7800665,1.282095,6.567295,-2.907758,7.295765,113.487831,78.953415
8.7904510,1.386243,7.429208,-2.580950,7.985994,108.855621,79.430519
8.8005152,2.032677,8.287529,-2.151190,8.800143,104.149300,76.219139
8.8099766,2.905364,9.032125,-1.663970,9.632717,99.947258,72.168571
8.8199778,3.556587,9.771935,-1.134852,10.460779,96.228065,70.000549
8.8299465,3.635595,10.481815,-0.571017,11.109098,92.946350,70.871002
8.8400002,3.197456,11.022904,-0.094571,11.477678,90.472099,73.823936
8.8499393,2.535460,11.358093,0.302867,11.641588,88.509232,77.416214
8.8599434,2.072181,11.542446,0.685939,11.747021,86.652451,79.822273
8.8700352,1.963245,11.575965,1.021127,11.785584,85.029549,80.374413
8.8800373,2.112883,11.488577,1.389834,11.763644,83.214851,79.579086
8.8900881,2.726996,11.371261,1.771709,11.827131,81.384636,76.514305
8.9000740,3.574543,11.437101,1.812411,12.118972,81.399063,72.643929
8.9099712,4.207809,11.609484,1.630451,12.455687,82.478386,70.077164
8.9199724,5.046977,12.178107,0.976834,13.218641,85.762077,67.489403
8.9299412,5.635951,12.389994,-0.061052,13.611745,90.256989,65.540199
8.9399719,7.038953,13.193249,1.279701,15.008208,85.108635,61.918880
8.9499130,8.354567,13.210008,2.525883,15.832977,80.820206,57.689011
8.9599524,7.204153,12.028469,4.010288,14.583083,74.038231,59.081547
8.9704819,4.769250,11.222820,4.491522,12.995046,69.779533,66.976448
8.9802341,2.850297,11.139024,4.006697,12.176028,70.788002,75.646904
8.9903669,2.190695,11.297041,2.507926,11.777604,77.705284,79.025551
9.0001211,2.190695,11.774684,1.179144,12.034647,84.377190,79.460556
9.0109749,5.451597,12.434286,0.633266,13.591630,87.329483,66.325783
9.0205536,5.966351,11.583148,0.618901,13.044144,87.280487,62.747509
9.0302029,5.479131,10.636241,0.882263,11.997036,85.782654,62.745289
9.0405922,4.554969,10.034100,1.138443,11.078219,84.101639,65.584373
9.0518808,3.695450,9.776723,1.069011,10.506352,84.160103,69.294182
9.0608358,3.284845,9.776723,0.588974,10.330606,86.731651,71.428360
9.0705786,3.307590,9.923966,0.069432,10.460883,89.619705,71.567123
9.0801268,3.463213,10.090364,-0.342371,10.673635,91.838150,71.056763
9.0900917,3.600879,10.149021,-0.634463,10.787562,93.371758,70.465279
9.1001978,3.554192,10.110714,-0.859518,10.751632,94.585297,70.632034
9.1100693,3.344700,9.993398,-1.025915,10.588084,95.560303,71.495071
9.1201105,3.060987,9.874885,-1.150414,10.402232,96.349503,72.777771
9.1300907,2.800019,9.806650,-1.125275,10.260445,96.296356,74.064766
9.1401911,2.576161,9.816227,-1.012747,10.199048,95.698761,75.294968
9.1501408,2.341529,9.830592,-0.908600,10.146372,95.137672,76.602470
9.1618834,2.136825,9.732430,-0.945710,10.009025,95.421722,77.616783
9.1703253,1.996764,9.482236,-1.040281,9.745873,96.127464,78.108429
9.1800547,1.946486,9.132683,-1.019930,9.393347,96.233467,77.968346
9.1901159,1.974019,8.896853,-0.907402,9.158282,95.686195,77.489967
9.2003641,2.076970,8.860941,-0.633266,9.123108,93.980301,76.808243
9.2099600,2.234987,9.020155,-0.300472,9.297777,91.851929,76.083694
9.2199821,2.403779,9.321824,0.028730,9.626805,89.829002,75.540390
9.2300377,2.458845,9.572019,0.338780,9.888591,88.036682,75.593437
9.2400389,2.416947,9.764751,0.543484,10.074094,86.907471,76.097702
9.2501745,2.335544,9.870096,0.608127,10.160875,86.568802,76.687073
9.2602549,2.402581,9.952697,0.669179,10.260427,86.260544,76.428444
9.2703190,2.535460,9.956287,0.745794,10.301088,85.848183,75.712784
9.2802105,2.737770,9.885659,0.830788,10.291348,85.369652,74.520271
9.2905855,2.889802,9.830592,1.013944,10.296581,84.348701,73.618767
9.3016796,2.931700,9.767146,1.118092,10.258759,83.742958,73.292381
9.3103724,2.802413,9.666590,1.132457,10.128126,83.580154,73.832748
9.3203573,2.529474,9.528923,1.078588,9.917760,83.756554,75.133560
9.3301859,2.189497,9.291897,0.973243,9.595856,84.178864,76.740967
9.3402414,1.938106,9.054871,0.896629,9.303272,84.469376,77.918694
9.3501902,1.842338,8.899248,0.835576,9.126282,84.746803,78.303749
9.3602180,1.862689,8.839393,0.809240,9.069694,84.880997,78.100395
9.3707037,1.972822,8.898050,0.858321,9.154455,84.620049,77.498947
9.3800793,2.100912,9.054871,0.883460,9.337292,84.570763,76.937355
9.3901863,2.146402,9.206903,0.890643,9.495648,84.618042,76.877045
9.4004126,2.081758,9.235633,0.830788,9.503728,84.984970,77.297531
9.4100571,1.912967,9.172187,0.839168,9.407054,84.882057,78.219170
9.4201584,1.747767,9.107543,0.920571,9.319306,84.331017,79.136818
9.4302444,1.699883,9.103952,0.912191,9.306108,84.374794,79.423569
9.4409962,1.715446,9.130288,0.791284,9.323682,85.131554,79.359032
9.4503746,1.770512,9.203311,0.654814,9.394915,86.003311,79.110603
9.4606552,1.798046,9.249998,0.543484,9.438792,86.699097,78.999832
9.4702168,1.715446,9.191340,0.472855,9.362002,87.104881,79.428108
9.4803104,1.521515,9.117120,0.448913,9.254102,87.219513,80.525482
9.4901886,1.291672,9.035717,0.468066,9.139567,87.064415,81.864586
9.5001726,0.961272,8.995016,0.587777,9.065310,86.282448,83.900116
9.5102215,0.901417,9.038112,0.719458,9.111402,85.471077,84.304436
9.5201797,0.938527,9.150639,0.854730,9.238267,84.691368,84.143990
9.5300779,1.067814,9.270349,1.003170,9.385411,83.864151,83.429291
9.5417519,1.216254,9.380483,1.089362,9.521525,83.430382,82.612358
9.5503216,1.363498,9.406818,1.156399,9.575209,83.063446,81.752541
9.5609312,1.483208,9.455899,1.215057,9.648332,82.765274,81.085487
9.5709648,1.562217,9.503783,1.298854,9.718511,82.319580,80.665291
9.5802345,1.563414,9.515755,1.361104,9.738914,81.966080,80.669807
9.5903072,1.546654,9.494206,1.403002,9.721137,81.701813,80.747505
9.6008177,1.513135,9.448717,1.471237,9.681548,81.259300,80.901794
9.6102238,1.416170,9.258378,1.516727,9.488075,80.801453,81.303391
9.6201115,1.459266,9.267955,1.649605,9.526051,80.027946,81.052078
9.6300573,1.449689,9.354146,1.610101,9.601774,80.346588,81.190483
9.6399899,1.323994,9.308656,1.546654,9.528703,80.658691,81.904976
9.6499329,1.085770,9.287108,1.461660,9.463917,81.115356,83.331734
9.6601973,0.841562,9.308656,1.406593,9.451868,81.441658,84.834137
9.6702986,0.691924,9.411607,1.367089,9.535514,81.757202,85.795280
9.6800070,0.689530,9.563639,1.301249,9.676357,82.271614,85.876160
9.6905613,0.786495,9.791088,1.199495,9.895594,83.037766,85.407425
9.7000866,0.882263,10.008960,1.110910,10.108995,83.690842,84.962547
9.7102423,0.944513,10.127473,1.061828,10.226695,84.040291,84.671867
9.7201548,0.969652,10.128671,1.036689,10.227654,84.182426,84.531548
9.7301912,0.968455,9.985018,1.089362,10.090847,83.802528,84.460167
9.7402525,0.926556,9.769540,1.197101,9.886125,83.045044,84.582199
9.7503996,0.888249,9.526528,1.327585,9.659514,82.100372,84.673172
9.7607975,0.815226,9.311050,1.458069,9.459716,81.133392,84.996246
9.7700634,0.786495,9.144653,1.563414,9.310614,80.333244,85.084312
9.7802057,0.766145,9.053674,1.622072,9.229686,79.877983,85.163010
9.7907972,0.774524,9.032125,1.738190,9.230412,79.145752,85.098755
9.8001919,0.804452,9.133880,1.830367,9.350142,78.710976,84.966751
9.8117514,0.899023,9.258378,1.878251,9.489659,78.584290,84.453758
9.8206902,1.029507,9.416395,1.900996,9.661375,78.652298,83.760559
9.8301430,1.170765,9.586384,1.891419,9.841084,78.919014,83.037071
9.8402424,1.270124,9.770737,1.857901,10.026580,79.321518,82.593506
9.8513336,1.362301,9.932345,1.845930,10.193861,79.567184,82.190155
9.8611431,1.420959,10.080787,1.841141,10.345588,79.748817,81.976608
9.8700724,1.458069,10.224439,1.813608,10.485909,80.040230,81.883987
9.8808451,1.399411,10.174160,1.799243,10.426369,80.062920,82.168358
9.8904438,1.386243,10.097546,1.884237,10.364963,79.526016,82.183006
9.9000921,1.446098,10.046070,1.977611,10.340487,78.974297,81.808731
9.9101372,1.934515,10.578780,2.171541,10.971259,78.584068,79.636971
9.9202509,2.099715,10.611102,1.936909,10.988899,79.847977,78.806961
9.9304705,2.090138,10.510546,1.884237,10.880744,80.027718,78.752831
9.9400063,1.873463,10.304645,1.956063,10.654658,79.421204,79.695740
9.9500580,1.523909,9.962274,2.003947,10.275455,78.753952,81.302994
9.9603167,1.297657,9.721656,1.990779,10.007882,78.526123,82.397041
9.9700365,1.092953,9.503783,1.883040,9.749990,78.864349,83.439697
9.9801455,0.999579,9.391256,1.855506,9.624851,78.884766,83.924469
9.9903946,1.155202,9.425972,1.742979,9.655124,79.599731,83.012947
10.0017948,1.253365,9.542090,1.728614,9.778063,79.817459,82.516975
10.0100670,1.204283,9.550470,1.699883,9.775040,79.985329,82.813118
10.0200377,1.091756,9.543288,1.625663,9.742128,80.394150,83.473709
10.0301905,0.882263,9.463082,1.553837,9.630302,80.714813,84.673592
10.0406637,0.609324,9.311050,1.431733,9.440169,81.276634,86.255844
10.0510120,0.421380,9.185355,1.353921,9.294160,81.623665,87.373390
10.0600500,0.380678,9.167398,1.362301,9.275881,81.554718,87.622147
10.0704584,0.514753,9.295488,1.345541,9.406464,81.775955,86.830383
10.0802145,0.555455,9.345766,1.408988,9.467689,81.441414,86.598694
10.0901318,0.582988,9.337387,1.466449,9.469802,81.091599,86.427322
10.1004181,0.615310,9.300277,1.547851,9.448259,80.571075,86.214806
10.1109247,0.746991,9.360131,1.653196,9.534312,80.014763,85.437149
10.1201448,0.954089,9.531317,1.716643,9.731554,79.839882,84.283707
10.1303558,1.073799,9.649830,1.759738,9.867570,79.727173,83.650444
10.1402874,1.071405,9.658210,1.768118,9.877002,79.687691,83.669945
10.1502409,1.058237,9.619903,1.860295,9.855104,79.119301,83.722420
10.1606703,1.149217,9.706094,1.954866,9.967470,78.689575,83.247528
10.1704693,1.171962,9.635465,2.031480,9.916783,78.179123,83.065178
10.1801939,1.143231,9.482236,2.166753,9.793599,77.218025,83.125282
10.1901569,1.145625,9.392453,2.267309,9.729919,76.524803,83.045815
10.2006369,1.193510,9.457097,2.302025,9.806144,76.422920,82.807152
10.2106953,1.237802,9.568427,2.272097,9.912083,76.748550,82.628967
10.2201347,1.240196,9.658210,2.203863,9.983792,77.247261,82.682777
10.2303991,1.154005,9.579201,2.148796,9.884844,77.444633,83.130692
10.2410774,1.013944,9.439140,2.118869,9.727027,77.418205,83.868843
10.2505808,0.948104,9.370906,2.108095,9.651779,77.384033,84.222740
10.2603636,0.969652,9.434352,2.079364,9.709324,77.633659,84.131813
10.2702999,1.046266,9.588778,2.075773,9.866517,77.855049,83.772888
10.2802668,1.013944,9.640253,2.026692,9.903031,78.190773,83.995811
10.2904463,0.930147,9.599552,1.991976,9.848073,78.330231,84.465607
10.3002224,0.869095,9.582792,1.938106,9.815371,78.611755,84.817833
10.3101244,0.873884,9.611523,1.869871,9.830639,79.035042,84.804932
10.3203545,0.955287,9.684546,1.843535,9.904626,79.273056,84.366554
10.3307848,1.071405,9.753978,1.875857,9.990337,79.177498,83.731598
10.3400707,1.125275,9.703699,1.977611,9.966893,78.555542,83.385330
10.3502665,1.142034,9.586384,2.076970,9.875060,77.858612,83.206322
10.3603477,1.163582,9.516952,2.171541,9.830660,77.238411,83.029373
10.3704309,1.128866,9.466674,2.171541,9.777926,77.168411,83.199799
10.3800602,1.061828,9.451111,2.091335,9.737795,77.598274,83.589722
10.3902941,1.043872,9.514558,2.017115,9.781882,78.099701,83.738945
10.4001474,1.053449,9.643845,1.970428,9.899297,78.518745,83.765991
10.4102173,1.090559,9.683349,1.879448,9.924156,79.083328,83.574303
10.4201946,1.133654,9.670180,1.933318,9.926494,78.769096,83.313622
10.4303074,1.168370,9.583989,1.999158,9.859745,78.301620,83.049454
10.4402084,1.188721,9.549273,2.038663,9.836555,78.038536,82.904160
10.4505768,1.180341,9.539697,2.044648,9.827493,77.991669,82.946671
10.4600554,1.115698,9.562442,2.057816,9.844779,77.934708,83.345100
10.4701958,1.036689,9.501390,2.073379,9.780083,77.760414,83.773132
