Keuwl Accelerometer Data File
2019-06-26 17-06-01

Time (s), X (m/s2), Y (m/s2), Z (m/s2), R (m/s2), Theta (deg), Phi (deg)
0.0000000,2.408567,9.160215,2.091335,9.699713,77.548805,75.268234
0.0102760,2.480393,9.381680,1.922544,9.892646,78.793785,75.190605
0.0200680,2.408567,9.312247,1.859098,9.796703,79.060776,75.498520
0.0299970,2.384625,9.289502,1.892616,9.775648,78.836746,75.602974
0.0400090,2.408567,9.193734,1.976413,9.707325,78.252434,75.319618
0.0499390,2.558204,9.190144,2.103306,9.768677,77.566208,74.444717
0.0599840,2.791639,9.285912,2.257732,9.955840,76.892746,73.267555
0.0701040,2.996343,9.373300,2.440889,10.138775,76.069313,72.272591
0.0801050,3.118448,9.498995,2.546233,10.316924,75.711670,71.825386
0.0900300,3.095703,9.509769,2.616863,10.337652,75.336662,71.968445
0.1000240,3.063381,9.611523,2.529474,10.400188,75.923676,72.321899
0.1101490,3.055001,9.746795,2.553416,10.528674,75.964668,72.597107
0.1199830,3.055001,9.786300,2.582147,10.572236,75.863167,72.663139
0.1302030,2.876633,9.476251,2.586935,10.235555,75.360283,73.113686
0.1402330,2.608483,9.165004,2.565387,9.868266,74.932114,74.112938
0.1499320,2.410961,9.117120,2.547431,9.768521,74.883675,75.187584
0.1602070,2.308010,9.151836,2.497152,9.763134,75.180565,75.845673
0.1700090,2.238579,9.154230,2.383428,9.720694,75.806870,76.258545
0.1802540,2.281674,9.217676,2.322376,9.775736,76.257111,76.096893
0.1907300,2.325967,9.314642,2.311602,9.875029,76.462273,75.979355
0.2001480,2.359486,9.379285,2.272097,9.934817,76.779427,75.879471
0.2100890,2.345121,9.431957,2.237381,9.973329,77.036133,76.037354
0.2207530,2.333150,9.472659,2.203863,10.001594,77.270340,76.163261
0.2300780,2.316390,9.479841,2.172738,9.997692,77.448097,76.268890
0.2399970,2.325967,9.434352,2.153584,9.952640,77.503311,76.150368
0.2500440,2.317587,9.368511,2.159570,9.889588,77.386803,76.105103
0.2599960,2.276886,9.275137,2.177526,9.795611,77.156067,76.207611
0.2700660,2.236184,9.218874,2.178724,9.733191,77.065048,76.365341
0.2801260,2.226608,9.209297,2.148796,9.715260,77.221802,76.407967
0.2900860,2.214637,9.238028,2.130840,9.735823,77.357567,76.518867
0.3001060,2.214637,9.249998,2.098518,9.740168,77.558075,76.535683
0.3100470,2.226608,9.232041,2.054225,9.716389,77.794502,76.440216
0.3201070,2.224213,9.167398,2.027889,9.648868,77.867767,76.362297
0.3303840,2.237381,9.118318,2.018312,9.603290,77.867752,76.213585
0.3401900,2.227805,9.106346,2.029086,9.591968,77.787376,76.252991
0.3500500,2.231396,9.112331,2.031480,9.598990,77.781830,76.240372
0.3602110,2.203863,9.153033,2.039860,9.633071,77.774727,76.462044
0.3701560,2.157176,9.193734,2.013524,9.655694,77.963646,76.795242
0.3800760,2.130840,9.273940,1.974019,9.718188,78.280167,77.059952
0.3906500,2.111686,9.352949,1.938106,9.782287,78.572723,77.277222
0.3999230,2.111686,9.388862,1.905785,9.810299,78.798286,77.324310
0.4102550,2.127248,9.399636,1.918953,9.826532,78.738754,77.248100
0.4198960,2.139219,9.396045,1.947683,9.831347,78.573570,77.173965
0.4300530,2.158373,9.363723,1.980005,9.811131,78.357056,77.019829
0.4400030,2.155979,9.305065,2.018312,9.762483,78.068527,76.954788
0.4502520,2.127248,9.228451,2.086547,9.697586,77.574997,77.019501
0.4611260,2.112883,9.200917,2.108095,9.672911,77.412048,77.066917
0.4702140,2.102109,9.226056,2.102109,9.693185,77.475052,77.164566
0.4800810,2.093729,9.337387,2.050634,9.786501,77.904785,77.361572
0.4902110,2.116474,9.461885,1.958457,9.891526,78.580353,77.391396
0.5001040,2.120066,9.536105,1.917756,9.955389,78.893402,77.465858
0.5100210,2.123657,9.548077,1.921347,9.968312,78.886948,77.460541
0.5210010,2.116474,9.392453,2.019509,9.837482,78.153687,77.301201
0.5300680,2.122460,9.312247,2.070984,9.773012,77.765778,77.160400
0.5399550,2.139219,9.259575,2.104503,9.733700,77.513596,76.991318
0.5500210,2.166753,9.238028,2.132037,9.725305,77.336441,76.800041
0.5603350,2.203863,9.233239,2.145205,9.731990,77.265816,76.575371
0.5699260,2.238579,9.233239,2.132037,9.737018,77.351929,76.371727
0.5800530,2.268506,9.241618,2.145205,9.754769,77.296051,76.208496
0.5902140,2.287660,9.251195,2.170344,9.773863,77.170189,76.110382
0.6002110,2.296039,9.265560,2.166753,9.788627,77.211418,76.082260
0.6100309,2.313996,9.281123,2.134431,9.800490,77.420845,76.000282
0.6201000,2.315193,9.305065,2.117671,9.819821,77.546173,76.027946
0.6302700,2.308010,9.357738,2.091335,9.862446,77.757462,76.144989
0.6401230,2.279280,9.392453,2.064999,9.883193,77.939735,76.359627
0.6499200,2.251747,9.399636,2.030283,9.876516,78.137321,76.528282
0.6599040,2.218228,9.374496,2.005144,9.839833,78.242012,76.687317
0.6699630,2.219425,9.285912,2.008735,9.756486,78.118561,76.557915
0.6801840,2.230199,9.170990,2.035071,9.655172,77.832214,76.332130
0.6900960,2.220622,9.058462,2.067393,9.553062,77.501648,76.225952
0.7004330,2.181118,8.975863,2.100912,9.472973,77.186424,76.341957
0.7102150,2.147599,8.927979,2.060210,9.410922,77.354568,76.474632
0.7201940,2.116474,8.904037,2.015918,9.371513,77.577950,76.629028
0.7305670,2.074576,8.894460,1.954866,9.340063,77.918724,76.870857
0.7402030,2.036268,8.876503,1.891419,9.301407,78.267212,77.079895
0.7503510,1.995567,8.878897,1.857901,9.288105,78.461281,77.333038
0.7601930,1.954866,8.901642,1.818396,9.293401,78.716408,77.614044
0.7706570,1.904588,8.917204,1.770512,9.288632,79.011581,77.943596
0.7802090,1.863886,8.968679,1.699883,9.316699,79.487183,78.259811
0.7907190,1.839944,9.048885,1.649605,9.380240,79.871315,78.506523
0.8000930,1.811214,9.185355,1.636437,9.504166,80.085350,78.845238
0.8104100,1.790863,9.312247,1.589750,9.615219,80.483200,79.114197
0.8207810,1.757344,9.440337,1.521515,9.722306,80.996353,79.454941
0.8304980,1.683124,9.548077,1.418565,9.798520,81.675842,80.002678
0.8400810,1.584962,9.709685,1.301249,9.923877,82.465508,80.729080
0.8501280,1.503559,9.885659,1.179144,10.068631,83.274620,81.351883
0.8599020,1.441309,10.113108,1.035492,10.267646,84.211884,81.888885
0.8701410,1.423353,10.375273,0.900220,10.511071,85.086891,82.188522
0.8799719,1.453280,10.636241,0.720655,10.759228,86.159447,82.219582
0.8903370,1.477222,10.850522,0.587777,10.966380,86.927589,82.247246
0.9003200,1.523909,11.003751,0.512359,11.120582,87.359276,82.115265
0.9101220,1.616086,11.115082,0.480037,11.242207,87.552750,81.727402
0.9206260,1.703475,11.128249,0.495600,11.268779,87.479324,81.296913
0.9311790,1.776498,11.067198,0.581791,11.223961,87.028755,80.880722
0.9402780,1.806425,10.952275,0.604536,11.116697,86.882668,80.634178
0.9500160,1.789666,10.730812,0.652420,10.898573,86.568054,80.531456
0.9602759,1.766921,10.487801,0.782904,10.664376,85.789955,80.436958
0.9717310,1.738190,10.262746,0.890643,10.446938,85.109367,80.387100
0.9813960,1.704672,10.049662,1.072602,10.249492,83.993034,80.372849
0.9908430,1.748964,9.812635,1.124078,10.030465,83.565552,79.893959
1.0004580,1.748964,9.812635,1.114501,10.029397,83.619919,79.893959
1.0117099,1.856703,9.518148,1.143231,9.764706,83.276512,78.961937
1.0202889,1.856703,9.518148,1.280898,9.781779,82.475662,78.961937
1.0301790,1.825579,9.120711,1.394622,9.405588,81.472969,78.681389
1.0401039,1.832761,8.990228,1.446098,9.288403,81.043266,78.477486
1.0501310,1.802834,8.929175,1.473631,9.227782,80.810806,78.585228
1.0604349,1.774103,8.984241,1.385046,9.261879,81.399582,78.829613
1.0702059,1.648408,9.078813,1.306037,9.319218,81.943794,79.709114
1.0803869,1.538275,9.211691,1.242591,9.421548,82.421288,80.519569
1.0907339,1.450886,9.321824,1.170765,9.506428,82.925774,81.153236
1.1002489,1.440112,9.375694,1.088165,9.547862,83.455811,81.267578
1.1100190,1.431733,9.385271,1.051055,9.551852,83.682564,81.326340
1.1202699,1.435324,9.418790,1.035492,9.583632,83.797195,81.335388
1.1301650,1.407791,9.478644,1.052252,9.640218,83.733551,81.552055
1.1404209,1.375469,9.563639,1.035492,9.717374,83.882896,81.815689
1.1501499,1.334767,9.624691,0.995988,9.767715,84.147530,82.104492
1.1600980,1.310825,9.676167,0.979228,9.813529,84.273293,82.285133
1.1700619,1.284489,9.764751,0.993594,9.898864,84.239265,82.506142
1.1804650,1.266533,9.867702,0.937330,9.992709,84.617661,82.685997
1.1899920,1.237802,9.970653,0.860716,10.083992,85.103584,82.923248
1.2001380,1.213860,10.086772,0.816423,10.192300,85.405579,83.137924
1.2105410,1.221043,10.231621,0.778116,10.333560,85.681549,83.194504
1.2202549,1.273715,10.370484,0.702698,10.472014,86.152420,82.997932
1.2310479,1.292869,10.454282,0.673968,10.555461,86.339165,82.950089
1.2402900,1.323994,10.421960,0.666785,10.526861,86.368378,82.759995
1.2502090,1.395820,10.250774,0.700304,10.369046,86.127411,82.245880
1.2602350,1.416170,9.961076,0.773327,10.090917,85.604774,81.908463
1.2700859,1.386243,9.642648,0.873884,9.780899,84.874016,81.819115
1.2804750,1.363498,9.362526,0.986411,9.512571,84.047981,81.714066
1.2902749,1.350330,9.159019,1.054646,9.317902,83.501053,81.613205
1.3001590,1.375469,9.046491,1.094150,9.215643,83.181335,81.354706
1.3118200,1.454478,9.009381,1.073799,9.188988,83.289246,80.829277
1.3201100,1.571793,9.011775,0.999579,9.202271,83.764053,80.106247
1.3301510,1.665167,8.962694,0.991199,9.169795,83.794548,79.475098
1.3404690,1.693898,8.910022,1.017536,9.126509,83.598648,79.235870
1.3503540,1.728614,8.917204,1.058237,9.144643,83.354721,79.029198
1.3602691,1.771709,9.002198,1.091756,9.239614,83.214058,78.865997
1.3712159,1.819593,9.156625,1.079785,9.397906,83.402351,78.760674
1.3803400,1.886631,9.376891,1.089362,9.626638,83.502426,78.623970
1.3900660,1.941698,9.597157,1.110910,9.854427,83.527168,78.562309
1.4000030,2.015918,9.799467,1.134852,10.068831,83.528481,78.375450
1.4100500,2.097321,9.994595,1.176750,10.279855,83.426857,78.148697
1.4200029,2.191892,10.234015,1.207875,10.535579,83.416725,77.911194
1.4300369,2.263718,10.487801,1.217452,10.798175,83.526360,77.819962
1.4399520,2.266112,10.716447,1.231817,11.022470,83.583504,78.060066
1.4500200,2.315193,10.900801,1.261744,11.215149,83.540344,78.009270
1.4606670,2.430115,11.042058,1.278504,11.378360,83.548462,77.588318
1.4699140,2.504335,11.139024,1.328782,11.494138,83.361465,77.329140
1.4800980,2.515109,11.147403,1.403002,11.513417,83.000656,77.285652
1.4917400,2.494758,11.088745,1.428141,11.455290,82.838249,77.320648
1.5001359,2.394202,10.949882,1.430536,11.299493,82.726738,77.666328
1.5101789,2.300828,10.728417,1.422156,11.064144,82.614922,77.895638
1.5203420,2.066196,10.131064,1.350330,10.427417,82.559418,78.472809
1.5300909,2.002750,9.847352,1.313220,10.134392,82.554649,78.504005
1.5400600,1.981202,9.591172,1.314417,9.881470,82.355957,78.328842
1.5510510,1.972822,9.364920,1.313220,9.660140,82.186897,78.103958
1.5601419,1.997961,9.209297,1.280898,9.510190,82.259483,77.759346
1.5721550,2.011129,9.124303,1.217452,9.422299,82.576080,77.569923
1.5802749,2.018312,9.075222,1.121683,9.364369,83.120476,77.461594
1.5909100,2.002750,9.088389,1.010353,9.361124,83.803955,77.572716
1.6003239,1.988384,9.126697,0.931344,9.387101,84.306015,77.709335
1.6100370,1.959654,9.126697,0.845153,9.372892,84.826614,77.881638
1.6200930,1.920150,9.101558,0.798466,9.336106,85.093811,78.087036
1.6309500,1.868674,9.097966,0.785298,9.321032,85.167091,78.393173
1.6406440,1.804031,9.109938,0.784101,9.319888,85.173882,78.798698
1.6504880,1.709460,9.112331,0.772130,9.303388,85.239288,79.374893
1.6602310,1.623269,9.139865,0.715866,9.310456,85.590263,79.929100
1.6700870,1.541866,9.197326,0.700304,9.351929,85.705482,80.483269
1.6826109,1.497573,9.270349,0.712275,9.417506,85.662399,80.823463
1.7004660,1.498770,9.334992,0.778116,9.486509,85.295120,80.878777
1.7107680,1.508347,9.362526,0.881066,9.524089,84.692024,80.848015
1.7203380,1.525106,9.342175,0.976834,9.516113,84.108177,80.728271
1.7303540,1.503559,9.329007,1.074997,9.510345,83.509735,80.844360
1.7402250,1.465251,9.336189,1.151611,9.520378,83.052330,81.080574
1.7501469,1.448492,9.396045,1.165976,9.578272,83.007965,81.236282
1.7601650,1.426944,9.448717,1.157596,9.625718,83.092850,81.412094
1.7700490,1.419762,9.484630,1.131260,9.656794,83.272545,81.486565
1.7803860,1.399411,9.498995,1.146823,9.669770,83.188759,81.619354
1.7901639,1.363498,9.494206,1.195904,9.665881,82.892914,81.827423
1.8003579,1.312023,9.485827,1.273715,9.660470,82.423599,82.125153
1.8105140,1.249773,9.455899,1.318008,9.628765,82.132523,82.470932
1.8201209,1.219846,9.422380,1.346738,9.595987,81.932251,82.623367
1.8301439,1.228225,9.394848,1.353921,9.571040,81.867653,82.551743
1.8405930,1.264138,9.384073,1.344344,9.563793,81.919403,82.327812
1.8501620,1.323994,9.394848,1.357512,9.584309,81.857300,81.978271
1.8603868,1.391031,9.402030,1.392228,9.605803,81.666420,81.584137
1.8700180,1.449689,9.404425,1.441309,9.624042,81.386902,81.236847
1.8803639,1.492785,9.372103,1.479617,9.604894,81.138397,80.949974
1.8904469,1.492785,9.352949,1.484405,9.586946,81.092712,80.931747
1.9002769,1.474828,9.320627,1.479617,9.551883,81.088821,81.008476
1.9101259,1.450886,9.340978,1.438915,9.561872,81.344986,81.171089
1.9201699,1.426944,9.375694,1.362301,9.581006,81.825546,81.346214
1.9301540,1.389834,9.433155,1.292869,9.622243,82.278236,81.618622
1.9402748,1.333570,9.498995,1.218649,9.669251,82.759560,82.008438
1.9500440,1.291672,9.566033,1.161188,9.722437,83.140572,82.310036
1.9613069,1.254562,9.615114,1.091756,9.757883,83.576042,82.566154
1.9701350,1.252167,9.655815,1.043872,9.792464,83.880669,82.611107
1.9811249,1.267730,9.682152,1.018733,9.817791,84.044044,82.540428
1.9906600,1.262941,9.721656,1.004368,9.854662,84.150368,82.598152
2.0003819,1.303643,9.798270,0.990002,9.934067,84.280563,82.421402
2.0102139,1.341950,9.849746,0.990002,9.989916,84.312645,82.241669
2.0201039,1.376666,9.885659,0.982820,10.029327,84.376297,82.072037
2.0303910,1.422156,9.920375,1.012747,10.072836,84.229591,81.841827
2.0403540,1.434127,9.916783,1.030704,10.072818,84.126915,81.771156
2.0500739,1.425747,9.911995,1.030704,10.066914,84.123459,81.814682
2.0600109,1.432930,9.923966,1.005565,10.077180,84.273132,81.783798
2.0701208,1.449689,9.946711,0.994791,10.100904,84.348045,81.707779
2.0806739,1.482011,9.935937,0.964863,10.092084,84.513802,81.516502
2.0901639,1.498770,9.903615,0.982820,10.064484,84.396004,81.394402
2.1005411,1.532289,9.850943,1.011550,10.020589,84.206284,81.158638
2.1100280,1.553837,9.819818,1.051055,9.997397,83.965179,81.008362
2.1208129,1.598130,9.806650,1.069011,9.993357,83.859200,80.744225
2.1300900,1.641225,9.803059,1.079785,9.997975,83.799942,80.495705
2.1401501,1.697489,9.824607,1.046266,10.024921,84.009331,80.197258
2.1503859,1.738190,9.818622,1.027112,10.024052,84.118881,79.960938
2.1609240,1.754950,9.791088,0.969652,9.994272,84.432365,79.838234
2.1701620,1.764527,9.788693,0.920571,9.988970,84.712189,79.781502
2.1808739,1.736993,9.803059,0.900220,9.996374,84.833252,79.952110
2.1905439,1.713051,9.843760,0.889446,10.031216,84.913025,80.128021
2.2001438,1.671153,9.877279,0.866701,10.055077,85.055237,80.396980
2.2101328,1.642422,9.876082,0.827197,10.045835,85.276787,80.557953
2.2210491,1.637634,9.895236,0.823605,10.063591,85.305656,80.602882
2.2302771,1.671153,9.897630,0.831985,10.072142,85.261818,80.416359
2.2403319,1.684321,9.894038,0.854730,10.072710,85.132256,80.338814
2.2500429,1.711854,9.876082,0.864307,10.060540,85.071609,80.166435
2.2604108,1.735796,9.871294,0.865504,10.060046,85.064522,80.026909
2.2704010,1.759738,9.861717,0.857124,10.054094,85.109528,79.882553
2.2802260,1.765724,9.834184,0.858321,10.028243,85.090027,79.821022
2.2900290,1.753753,9.792285,0.846350,9.984027,85.137177,79.846237
2.3013067,1.720234,9.736021,0.831985,9.921770,85.189842,79.979965
2.3101699,1.679533,9.696517,0.774524,9.871330,85.499832,80.173302
2.3200839,1.650802,9.676167,0.741005,9.843904,85.682945,80.318268
2.3299787,1.656788,9.709685,0.711078,9.875655,85.870949,80.316734
2.3401480,1.696292,9.751583,0.694318,9.922341,85.987434,80.132118
2.3502409,1.757344,9.753978,0.707487,9.936240,85.916931,79.786766
2.3601961,1.818396,9.712079,0.733823,9.908054,85.752602,79.395271
2.3702860,1.863886,9.652225,0.786495,9.861951,85.425774,79.070465
2.3800759,1.873463,9.619903,0.804452,9.833592,85.307587,78.979668
2.3903019,1.878251,9.606734,0.796072,9.820942,85.350578,78.937424
2.4001439,1.865083,9.610326,0.745794,9.817999,85.643509,79.017090
2.4101830,1.819593,9.625888,0.667982,9.819105,86.099220,79.295616
2.4201720,1.778892,9.655815,0.617704,9.837723,86.400070,79.561440
2.4303842,1.757344,9.678560,0.590171,9.854496,86.566589,79.708870
2.4400151,1.744176,9.682152,0.594959,9.855972,86.539215,79.788071
2.4502027,1.750161,9.666590,0.629675,9.843907,86.332520,79.737617
2.4606531,1.805228,9.647436,0.684742,9.838737,86.009186,79.401382
2.4700511,1.874660,9.659407,0.774524,9.870075,85.499260,79.016800
2.4828501,2.023100,9.659407,0.890643,9.909102,84.843224,78.170761
2.4914298,2.023100,9.649830,0.890643,9.899767,84.838348,78.159355
2.5007920,2.064999,9.662998,0.930147,9.924864,84.622414,77.937241
2.5109539,2.064999,9.662998,0.918176,9.923750,84.691223,77.937241
2.5201719,2.044648,9.670180,0.918176,9.926532,84.692719,78.061310
2.5301709,1.981202,9.695320,0.818817,9.929494,85.269844,78.450829
2.5401018,1.787272,9.661801,0.717063,9.851849,85.826057,79.519707
2.5501199,1.631648,9.539697,0.627281,9.698534,86.291641,80.294174
2.5600371,1.473631,9.409213,0.585382,9.541883,86.482765,81.098885
2.5706050,1.331176,9.339781,0.514753,9.448201,86.876884,81.888405
2.5800900,1.204283,9.289502,0.397437,9.375666,87.570488,82.613419
2.5899599,1.113304,9.239224,0.301669,9.310946,88.143326,83.129128
2.5999269,1.183933,9.232041,0.158017,9.308988,89.027374,82.692177
2.6099379,1.382651,9.333796,-0.004788,9.435650,90.029076,81.573830
2.6198452,1.601721,9.539697,-0.061052,9.673420,90.361618,80.468903
2.6300499,1.705869,9.731233,-0.094571,9.880072,90.548439,80.057167
2.6401720,1.758541,9.834184,-0.029928,9.990222,90.171638,79.861572
2.6500747,1.897405,9.933543,0.125696,10.113913,89.287910,79.186195
2.6607559,2.092532,9.883265,0.134075,10.103247,89.239632,78.045601
2.6702430,2.365471,9.818622,0.219069,10.101919,88.757393,76.454605
2.6804688,2.609680,9.835381,0.385466,10.183012,87.830612,75.139786
2.6902499,2.785654,9.822212,0.555455,10.224689,86.885880,74.166260
2.6999731,2.989161,9.792285,0.733823,10.264620,85.900398,73.024841
2.7099249,3.280056,9.779117,0.974440,10.360474,84.603149,71.457809
2.7200158,3.586514,9.725247,1.206678,10.435496,83.359917,69.756836
2.7299881,3.897760,9.653421,1.492785,10.517104,81.839951,68.012627
2.7405438,4.082114,9.543288,1.634043,10.507525,81.053528,66.841324
2.7504098,4.262876,9.521740,1.719037,10.573113,80.642990,65.881973
2.7599621,4.453215,9.625888,1.672350,10.737113,81.039459,65.173370
2.7699220,4.478354,9.714474,1.725022,10.835237,80.839256,65.250389
2.7802639,4.738125,9.743204,1.745373,10.973886,80.848366,64.066322
2.7901170,4.854244,9.573215,1.764527,10.877669,80.664482,63.112022
2.8000140,4.967968,9.357738,1.871069,10.758664,79.984612,62.036427
2.8100410,4.990714,9.074024,1.976413,10.542833,79.195114,61.189205
2.8206429,4.972757,8.731653,2.088941,10.263224,78.256157,60.338089
2.8300140,4.898537,8.429984,2.282871,10.013580,76.821968,59.839775
2.8401389,4.683059,8.265982,2.580950,9.844734,74.801407,60.466450
2.8499990,4.675876,8.368932,2.940080,10.027308,72.949928,60.807106
2.8608239,4.923676,8.659827,3.274071,10.485929,71.806046,60.378948
2.8701041,5.556942,9.028535,3.335123,11.113824,72.537125,58.388260
2.8800738,6.290765,9.230844,3.219004,11.625154,73.924728,55.725807
2.8903830,6.663064,9.118318,3.043030,11.696160,74.919647,53.843136
2.9007988,6.815095,8.840590,2.889802,11.530503,75.485657,52.371841
2.9103470,6.783970,8.477868,2.634819,11.173127,76.360184,51.333286
2.9205089,6.617573,8.248025,2.072181,10.775720,78.912903,51.259155
2.9311049,6.336255,8.142680,1.513135,10.427893,81.656662,52.111607
2.9400918,6.194997,8.224083,0.912191,10.336616,84.937149,53.010197
2.9505689,6.239290,8.416816,0.318429,10.482029,88.259171,53.450882
2.9600561,6.505046,8.664616,-0.073023,10.834968,90.386154,53.102249
2.9703269,6.793547,8.652645,-0.192733,11.002623,91.003700,51.863087
2.9802239,6.807912,8.145074,-0.311246,10.620111,91.679420,50.110046
2.9901910,6.283582,7.240066,-0.865504,9.625543,95.158859,49.045609
3.0000670,5.580884,6.324284,-1.487996,8.564868,100.004906,48.573105
3.0101199,5.096058,5.498284,-1.487996,7.642976,101.226501,47.174252
3.0200980,4.850653,4.718972,-1.709460,6.979955,104.176506,44.211643
3.0302539,4.456807,4.113238,-2.048239,6.401339,108.661140,42.704273
3.0403330,3.800795,3.790021,-2.632425,5.978292,116.124977,44.918678
3.0509818,3.563769,4.150349,-2.967613,6.223550,118.478966,49.348389
3.0602758,3.877410,4.748899,-3.819949,7.223459,121.926132,50.768841
3.0705111,4.213795,5.379771,-4.042610,7.939817,120.607666,51.929585
3.0803430,4.671088,5.913678,-3.981557,8.523112,117.849342,51.695549
3.0901020,4.940435,6.403293,-3.276465,8.726127,112.053833,52.348160
3.1002691,5.415684,6.800730,-2.558204,9.062227,106.397110,51.468334
3.1101110,5.975927,7.009026,-1.296460,9.301557,98.012032,49.548939
3.1199710,6.149507,7.309498,-0.398635,9.560550,92.389687,49.925976
3.1300979,5.561730,8.571242,0.877475,10.255194,85.091545,57.021160
3.1409929,3.740940,10.487801,0.357933,11.140768,88.158875,70.368965
3.1507938,0.484826,13.504495,-0.427365,13.519952,91.811417,87.943901
3.1601558,-2.501941,17.245436,0.094571,17.426235,89.689056,98.254791
3.1700029,-3.539827,19.935320,1.404199,20.295792,86.032722,100.068810
3.1803660,-2.734178,19.882648,3.409343,20.357285,80.358940,97.829964
3.1901481,-2.397793,17.648857,5.137957,18.537264,73.908684,97.736893
3.2001760,-3.450045,14.687230,5.765238,16.151022,69.086502,103.219177
3.2100799,-4.535815,12.398374,5.881356,14.452807,65.987549,110.094513
3.2202480,-4.771644,11.341333,5.444415,13.454965,66.131439,112.817970
3.2301219,-4.337096,11.253945,4.651934,12.926801,68.907951,111.075890
3.2399738,-3.440468,11.560403,3.752911,12.631867,72.716576,106.573425
3.2502019,-2.181118,11.896789,2.970007,12.454389,76.203697,100.389046
3.2600250,-0.696713,12.145785,2.329558,12.386782,79.159935,93.283035
3.2701209,0.758962,12.269087,1.884237,12.436111,81.285362,86.460213
3.2803769,1.923741,12.267890,1.677138,12.530550,82.308220,81.087959
3.2899308,2.661155,12.191275,1.660379,12.588319,82.420692,77.686417
3.3001080,2.954445,11.939884,1.807622,12.432099,81.639580,76.101707
3.3112938,2.852691,11.476605,2.021903,11.997434,80.297760,76.041122
3.3200428,2.515109,10.912771,2.068590,11.388302,79.534599,77.021454
3.3300600,2.021903,10.438720,1.887828,10.799021,79.932121,79.037971
3.3402319,1.394622,10.236409,1.741782,10.476776,80.430046,82.241714
3.3500979,0.837971,10.271125,1.213860,10.376495,83.282059,85.335846
3.3602538,0.458490,10.518925,0.845153,10.562778,85.410721,87.504219
3.3707259,0.241814,10.687716,0.835576,10.723057,85.530792,88.703880
3.3803678,0.257377,10.708067,1.004368,10.758145,84.643135,88.623116
3.3910718,0.295684,10.498574,1.395820,10.595083,82.429718,88.386734
3.4000950,0.192733,10.134656,1.699883,10.278035,80.480118,88.910522
3.4106429,-0.002394,9.903615,1.984793,10.100545,78.667427,90.013855
3.4204338,0.053870,10.007763,2.214637,10.250016,77.522171,89.691589
3.4306381,0.430956,10.346542,2.268506,10.601074,77.643822,87.614883
3.4399517,0.954089,10.734404,2.242170,11.007500,78.246895,84.920815
3.4502950,1.371878,11.093534,2.020706,11.359216,79.753036,82.950333
3.4599428,1.576582,11.346122,1.762132,11.589875,81.254791,82.089211
3.4699597,1.600524,11.421539,1.470040,11.626446,82.736115,82.022972
3.4803808,1.455675,11.286267,1.298854,11.453639,83.488594,82.650703
3.4906938,1.314417,11.045650,1.071405,11.175060,84.498337,83.213799
3.5003839,1.283292,10.668563,0.955287,10.787848,84.919685,83.141006
3.5100908,1.256956,10.241198,0.794875,10.348618,85.594788,83.002785
3.5205889,1.267730,9.787497,0.855927,9.906303,85.043335,82.619827
3.5301061,1.267730,9.320627,0.855927,9.445308,84.800766,82.254539
3.5402429,1.741782,8.423999,0.944513,8.653881,83.734070,78.317902
3.5507131,2.294842,8.068460,1.012747,8.449379,83.115944,74.123116
3.5602019,2.970007,7.821857,1.097741,8.438449,82.525322,69.207924
3.5702620,3.835511,7.615956,1.192312,8.610200,82.040291,63.269478
3.5806839,4.765658,7.596802,1.381454,9.073661,81.242729,57.898952
3.5899761,5.452795,7.447165,1.534683,9.356734,80.559738,53.788509
3.5999501,6.197391,7.149086,1.680730,9.609471,79.926964,49.078678
3.6099839,6.633136,6.515820,1.702277,9.452626,79.625282,44.488819
3.6199119,6.842628,5.979519,1.920150,9.287798,78.068687,41.149002
3.6298969,6.792350,5.717354,2.161964,9.137737,76.314201,40.088467
3.6400318,6.582858,5.457583,2.267309,8.846463,75.149635,39.660763
3.6508300,6.410475,5.325902,2.237381,8.629328,74.972870,39.720219
3.6598871,6.470330,5.280412,2.021903,8.592789,76.390556,39.217754
3.6699140,6.701371,5.221754,1.818396,8.688018,77.918709,37.925968
3.6800690,6.932411,5.075707,1.689109,8.756382,78.877907,36.210491
3.6899781,7.291541,4.873397,1.643619,8.922895,79.385361,33.757309
3.6999819,7.535750,4.724957,2.015918,9.120125,77.229843,32.087940
3.7100258,7.852982,4.898537,2.662352,9.630841,73.952141,31.955111
3.7200880,7.972692,5.170279,3.379416,10.085437,70.422668,32.963348
3.7299960,7.960721,5.701791,4.255693,10.676817,66.509811,35.611774
3.7399759,8.493430,6.533776,5.226542,11.922472,63.999599,37.570156
3.7572658,8.650250,5.882554,1.634043,10.587793,81.121902,34.217438
3.7699618,6.279991,5.779603,-1.656788,8.694081,100.985756,42.623993
3.7801237,3.886986,6.427235,-2.188300,7.823469,106.242882,58.835789
3.7900081,2.565387,6.807912,-1.109712,7.359371,98.672653,69.352371
3.7999940,2.363077,6.574478,-1.149217,7.080154,99.341309,70.229942
3.8099289,2.674323,6.242881,-1.978808,7.073984,106.244110,66.810692
3.8200829,3.355474,6.244078,-1.150414,7.181307,99.218254,61.747086
3.8299079,4.224569,6.137536,-0.492008,7.467155,93.777939,55.459713
3.8399169,5.137957,6.221333,-0.052672,8.068851,90.374023,50.448025
3.8499439,5.825093,6.575675,-0.191536,8.786802,91.249039,48.463722
3.8599429,6.283582,7.350199,-0.506374,9.683246,92.997581,49.473331
3.8698709,6.239290,8.437167,-0.725443,10.518593,93.954697,53.517056
3.8799038,5.816713,9.959879,-1.183933,11.594613,95.860718,59.714455
3.8898828,4.866215,12.036849,-1.570596,13.077941,96.897591,67.987679
3.8999627,3.515885,14.176068,-2.149993,14.762955,98.374016,76.070824
3.9099970,2.163161,15.340847,-2.498349,15.692756,99.160698,81.973831
3.9199390,1.689109,15.549143,-1.358709,15.699523,94.964851,83.800247
3.9300959,1.229423,15.096639,0.831985,15.169449,86.855972,85.344284
3.9399307,0.547075,13.877990,2.485181,14.109360,79.855164,87.742546
3.9500511,0.371101,12.701240,2.506729,12.951559,78.840172,88.326424
3.9599218,0.466869,13.160927,3.037045,13.514866,77.013657,87.968346
3.9699509,0.237026,15.193604,4.842273,15.948335,72.324692,89.106239
3.9800839,-0.390255,17.269377,5.899313,18.253372,71.144028,91.294556
3.9903181,-1.465251,18.148048,5.260061,18.951698,73.885910,94.615982
4.0000358,-3.321955,17.244238,3.705027,17.947878,78.086624,100.903969
4.0101700,-5.674258,15.095442,2.534262,16.324585,81.069160,110.600845
4.0198970,-7.273585,12.810176,2.029086,14.870199,82.157341,119.587799
4.0298901,-7.416040,11.038467,1.662773,13.401875,82.872940,123.894623
4.0399771,-4.947618,9.441534,1.903390,10.827945,79.875656,117.655746
4.0500550,-2.979584,9.562442,1.880645,10.190929,79.365623,107.306633
4.0600052,-0.925359,10.011354,1.523909,10.168864,81.381165,95.280899
4.0699258,0.881066,10.503363,0.993594,10.586979,84.614838,85.205017
4.0800152,2.361880,10.872070,0.472855,11.135708,87.566322,77.743347
4.0899386,3.500323,11.046846,0.155623,11.589189,89.230591,72.418587
4.1000042,4.341885,10.936713,0.213084,11.768988,88.962570,68.346878
4.1101847,4.831499,10.508151,0.610521,11.581768,86.978310,65.307701
4.1200957,5.024232,9.879673,1.119289,11.140182,84.233582,63.044735
4.1299138,5.090073,9.169792,1.604115,10.609765,81.303970,60.965721
4.1399732,5.178658,8.604761,1.926135,10.225968,79.143066,58.958942
4.1500106,5.323507,8.210915,2.075773,10.003384,78.023697,57.042835
4.1598907,5.607220,7.987057,2.146402,9.992048,77.595558,54.929672
4.1700649,5.950788,7.866150,2.173935,10.100207,77.570587,52.892281
4.1799302,6.314707,7.823054,2.257732,10.304030,77.343147,51.089806
4.1898980,6.609194,7.799112,2.376245,10.495434,76.914337,49.721088
4.2002292,6.797139,7.844602,2.434903,10.661502,76.798126,49.091942
4.2099800,6.727707,8.020576,2.460042,10.753766,76.775864,50.009872
4.2199178,6.417658,8.379706,2.510320,10.849310,76.621628,52.553043
4.2300158,6.030994,8.912416,2.442086,11.034845,77.214203,55.913952
4.2399006,5.598841,9.441534,2.324770,11.220256,78.042038,59.332008
4.2498636,5.200206,9.879673,2.260126,11.391149,78.555962,62.239738
4.2599220,4.860229,9.998186,2.325967,11.357627,78.182594,64.075096
4.2699637,4.560954,9.783905,2.313996,11.040004,77.901031,65.006523
4.2802978,4.133589,9.313444,2.082955,10.400265,78.446724,66.066895
4.2901778,3.388993,8.735245,1.678335,9.518749,79.844582,68.795357
4.2999806,2.482787,8.191761,1.395820,8.672802,80.738411,73.138809
4.3102131,1.783680,7.772776,1.185130,8.062387,81.547180,77.075653
4.3199897,1.464054,7.618350,1.064223,7.830408,82.188812,79.121819
4.3300109,1.525106,7.703344,1.065420,7.924808,82.273697,78.801407
4.3399911,1.799243,8.401254,1.233014,8.679785,81.833176,77.911934
4.3499389,1.970428,8.276755,1.019930,8.568986,83.164124,76.608994
4.3605685,2.442086,7.991845,0.167594,8.358316,88.851074,73.008301
4.3699231,2.892196,7.527370,-0.344765,8.071242,92.448151,68.982033
4.3799291,3.387795,7.426814,-0.481235,8.177182,93.373856,65.479553
4.3898840,3.749320,7.408857,-0.059855,8.303743,90.413002,63.157894
4.3999729,4.167108,7.529764,0.440533,8.617205,87.069618,61.039063
4.4103584,4.510676,7.898471,0.828394,9.133361,84.796135,60.270084
4.4199438,4.905719,8.271967,0.962469,9.665292,84.285019,59.329788
4.4299088,5.663484,8.662222,1.174356,10.415770,83.526253,56.822769
4.4398990,6.432023,8.966286,1.690306,11.163437,81.291092,54.345989
4.4499259,7.647080,9.380483,2.278083,12.315071,79.339836,50.812675
4.4598827,8.929175,9.753978,2.673126,13.491325,78.571983,47.527786
4.4698901,9.259575,9.561244,3.454833,13.751108,75.449081,45.918285
4.4799695,8.432379,8.710106,3.345897,12.576406,74.570908,45.928177
4.4900479,7.131130,7.696161,2.221819,10.724755,78.043594,47.182343
4.5013118,5.914876,6.849811,0.831985,9.088337,84.747543,49.189087
4.5101070,5.224148,6.483498,0.622492,8.349549,85.724403,51.139496
4.5201907,5.103241,6.332664,1.236605,8.226475,81.354515,51.136044
4.5299850,5.213374,6.142324,1.339556,8.167119,80.559799,49.676655
4.5404267,6.313510,5.392939,-0.178368,8.305180,91.230621,40.503632
4.5501208,7.447165,4.623203,-1.411382,8.878416,99.146988,31.832031
4.5599241,8.032547,3.834314,-1.294066,8.994353,98.272163,25.517347
4.5699568,7.269993,3.008314,-0.724246,7.901094,95.259346,22.479712
4.5800190,6.240487,2.475605,-0.098162,6.714307,90.837685,21.638256
4.5901971,6.466739,2.505532,-0.140061,6.936571,91.156975,21.178814
4.6000309,7.637504,3.221398,0.106542,8.289766,89.263603,22.869375
4.6105161,8.379706,4.747702,-0.124498,9.632012,90.740593,29.534651
4.6200018,8.140285,6.593631,-1.775301,10.625061,99.618446,39.007473
4.6301031,7.347805,9.117120,-3.130419,12.120710,104.967445,51.133446
4.6400447,6.696582,12.042834,-4.711789,14.562797,108.877731,60.923157
4.6507287,6.017826,14.330494,-3.277662,15.884595,101.908081,67.220932
4.6605406,4.855441,14.689625,-0.729034,15.488443,92.697884,71.709450
4.6709018,3.855862,13.953407,0.117316,14.476844,89.535690,74.552483
4.6803060,2.922123,13.065159,0.550666,13.399269,87.644669,77.392838
4.6904087,1.752556,12.904747,1.076194,13.067599,85.276009,82.266144
4.7002668,0.502782,13.892355,1.642422,13.998138,83.261879,87.927299
4.7101879,-1.080982,15.916653,2.001553,16.078388,82.848862,93.885284
4.7202787,-3.572149,17.317261,2.460042,17.852160,82.079391,101.655312
4.7307110,-7.473501,16.492458,3.159149,18.380278,80.103020,114.377495
4.7409439,-10.906786,14.099454,4.301183,18.337196,76.434280,127.724136
4.7501931,-12.190078,11.614272,5.811924,17.812012,70.956108,136.385666
4.7600679,-10.872070,9.927557,6.760028,16.200502,65.337479,137.600021
4.7704487,-7.582437,9.336189,6.685808,13.760735,60.931084,129.081970
4.7802973,-3.836708,9.653421,5.770026,11.882848,60.949780,111.675117
4.7910767,-0.737414,10.445902,4.455609,11.380382,66.951096,94.038017
4.8005066,1.498770,11.402386,3.472790,12.013367,73.197289,82.511765
4.8119006,3.062184,12.154165,2.698265,12.821129,77.851006,75.858910
4.8202586,4.150349,12.563574,2.252944,13.421793,80.336746,71.719147
4.8308859,4.845864,12.480973,2.047042,13.544278,81.307175,68.780792
4.8405781,5.242105,12.070368,1.915361,13.298198,81.718788,66.524918
4.8504329,5.357026,11.572374,1.810017,12.879973,81.921509,65.159874
4.8611431,5.163096,10.977415,1.667562,12.245079,82.173012,64.810616
4.8715148,4.855441,10.472239,1.623269,11.656675,81.995171,65.125259
4.8811436,4.645948,10.223241,1.721431,11.360581,81.284592,65.560593
4.8906407,4.550180,10.072407,1.751359,11.190388,80.995872,65.689064
4.9005909,4.562151,9.983821,1.537078,11.083885,82.028717,65.441757
4.9110746,4.508282,9.867702,1.346738,10.932056,82.923660,65.445641
4.9200840,4.333505,9.671378,1.049857,10.649743,84.342560,65.864029
4.9302807,3.968389,9.340978,0.635661,10.168877,86.416084,66.982437
4.9402461,3.452439,8.951921,0.593762,9.612947,86.458763,68.910141
4.9503460,3.099294,8.492233,0.420182,9.049873,87.338821,69.950127
4.9604149,3.029862,8.061277,0.232238,8.614998,88.455269,69.401077
4.9711361,3.173514,7.803900,0.095768,8.425035,89.348701,67.870514
4.9807148,3.450045,7.727286,0.100556,8.463088,89.319206,65.940407
4.9902349,3.751714,7.864953,0.147243,8.715189,89.031937,64.498077
5.0008759,4.021062,8.233660,0.195127,9.165160,88.780075,63.970562
5.0101318,4.021062,8.233660,0.195127,9.165160,88.780075,63.970562
5.0208082,4.353856,8.433576,0.033519,9.491174,89.797653,62.694836
5.0301061,4.353856,8.518570,0.033519,9.566776,89.799255,62.928349
5.0399990,4.539406,8.512584,0.221464,9.649837,88.684944,61.930859
5.0507689,4.775235,8.136695,0.414197,9.443529,87.486176,59.592327
5.0608029,4.905719,7.715315,0.694318,9.169201,85.657242,57.550095
5.0702081,5.020641,7.193379,1.101333,8.841067,82.844070,55.086765
5.0800447,5.137957,6.707356,1.577779,8.595150,79.422447,52.547226
5.0903816,5.397728,6.472724,1.964442,8.653939,76.879501,50.174629
5.1000919,5.677849,6.319495,2.231396,8.783685,75.283371,48.061394
5.1101017,5.963956,6.274005,2.376245,8.976551,74.649864,46.451279
5.1200657,6.220136,6.473921,2.383428,9.288836,75.132141,46.145329
5.1301351,6.324284,6.780379,2.456451,9.591885,75.161415,46.993320
5.1400309,6.308722,7.040150,2.614468,9.808115,74.540230,48.136288
5.1504107,6.215348,7.234080,2.643199,9.896916,74.509834,49.331623
5.1602077,5.942409,7.369353,2.594118,9.815754,74.675766,51.118416
5.1707520,5.573701,7.487866,2.482787,9.659115,75.105453,53.337315
5.1807046,5.408502,7.609970,2.427721,9.646625,75.423920,54.598114
5.1901774,5.582081,8.097190,2.985569,10.278022,73.113251,55.418201
5.2000628,6.166266,8.341399,3.864242,11.069514,69.568420,53.526836
5.2101927,7.321469,8.828619,4.584896,12.351911,68.211021,50.331486
5.2200279,8.043321,8.658630,4.066552,12.498149,71.011864,47.109856
5.2302256,7.280767,7.807492,1.976413,10.856920,79.511284,46.999359
5.2402663,5.122395,7.474698,-1.373075,9.164898,98.616432,55.577240
5.2499943,2.808398,8.104373,-3.315969,9.195848,111.136696,70.887329
5.2602749,1.294066,8.239645,-2.819172,8.804209,108.675468,81.074402
5.2703915,0.244209,7.489063,-0.961272,7.554452,97.310463,88.132324
5.2801061,0.095768,6.175843,0.393846,6.189129,86.351509,89.111595
5.2902508,0.946907,4.918888,1.879448,5.350179,69.433945,79.103615
5.3002806,2.689886,4.302381,2.128445,5.502385,67.243080,57.986019
5.3104272,4.714183,4.563348,1.128866,6.657478,80.237549,44.068562
5.3200626,6.402095,5.554548,1.124078,8.550052,82.445435,40.945366
5.3304601,7.437588,6.791153,1.136049,10.135486,83.564407,42.398746
5.3400612,7.626729,8.002619,0.554258,11.068700,87.129753,46.377712
5.3502407,7.459136,9.160215,-0.227449,11.815244,91.103043,50.844177
5.3602662,6.839037,9.993398,-0.770933,12.134033,93.642731,55.613998
5.3700628,5.900510,10.207679,-0.964863,11.829780,94.678368,59.970104
5.3803158,4.710592,9.910798,-0.691924,10.995106,93.608017,64.578308
5.3900275,3.676297,9.234436,-0.652420,9.960704,93.755524,68.292137
5.4000816,3.072958,8.672996,-0.779313,9.234243,94.841164,70.490082
5.4102001,2.815581,8.810662,-0.211887,9.252036,91.312279,72.277931
5.4202428,2.795230,9.334992,0.936133,9.789369,84.512566,73.330421
5.4302149,3.172317,10.160992,1.159991,10.707705,83.780807,72.661346
5.4403524,4.177882,11.494562,0.864307,12.260777,85.957657,70.025513
5.4506197,5.104438,13.206416,1.504756,14.238294,83.933441,68.867889
5.4603128,5.422867,15.271416,2.901772,16.463411,79.848251,70.450096
5.4703889,4.209007,17.504009,3.971981,18.435909,77.558189,76.479370
5.4801788,0.885855,18.719067,2.962825,18.972782,81.015816,87.290573
5.4903364,-4.212598,18.102558,1.388637,18.638050,85.727188,103.099998
5.5000410,-9.253590,16.498444,0.191536,18.917301,89.419876,119.287041
5.5101867,-12.424709,14.589068,-0.342371,19.165895,91.023560,130.419220
5.5208516,-12.216414,12.149377,4.186262,17.730564,76.343277,135.157639
5.5313091,-9.242816,7.882909,6.272809,13.671798,62.689415,139.540176
5.5402837,-5.439626,7.680599,5.956774,11.138415,57.669960,125.307243
5.5502825,-1.982399,8.558074,4.629189,9.929749,62.212479,103.042023
5.5602608,0.544681,9.979033,3.579332,10.615525,70.294907,86.875748
5.5704579,2.305616,11.529279,2.819172,12.090818,76.516441,78.691216
5.5802088,3.620033,12.751518,2.261323,13.446912,80.318756,74.151268
5.5907431,4.756082,13.347674,1.918953,14.299060,82.287560,70.387856
5.6004386,5.590461,13.136985,1.824382,14.393123,82.717957,66.947762
5.6100807,6.032191,12.407950,2.110489,13.957031,81.302757,64.073051
5.6200428,6.082469,11.443087,2.469619,13.192410,79.210579,62.007526
5.6303058,5.720945,10.472239,2.887407,12.277382,76.397705,61.352386
5.6403241,5.175067,9.636662,3.242946,11.408911,73.486168,61.763371
5.6502590,4.758476,9.114726,3.435679,10.840905,71.523354,62.432533
5.6601176,4.629189,8.880095,3.351882,10.560330,71.494049,62.466991
5.6708298,4.633977,8.881291,3.022680,10.463635,73.209404,62.445869
5.6806450,4.606444,9.120711,2.645593,10.554898,75.483978,63.203796
5.6902976,4.345476,9.463082,2.124854,10.627705,78.466820,65.335266
5.7002449,3.805584,9.834184,1.656788,10.674201,81.070778,68.844803
5.7102318,3.151967,10.125079,1.227028,10.675098,83.399658,72.708481
5.7202649,2.572570,10.235212,1.017536,10.602503,84.492775,75.891251
5.7308621,2.087744,10.133459,0.768539,10.374793,85.751778,78.358536
5.7405081,1.669956,9.913192,0.586579,10.069965,86.660606,80.437851
5.7501807,1.309628,9.706094,0.413000,9.802752,87.585358,82.315575
5.7600975,1.285686,9.633071,0.366313,9.725391,87.841408,82.397896
5.7708507,1.428141,9.710882,0.417788,9.824224,87.562683,81.633705
5.7804189,1.735796,9.714474,0.408211,9.876772,87.631264,79.869217
5.7906618,1.980005,9.653421,0.354342,9.860757,87.940659,78.408875
5.8001385,2.160767,9.515755,0.227449,9.760648,88.664734,77.206642
5.8102827,2.195483,9.263166,0.199916,9.521889,88.796967,76.666245
5.8205619,2.298434,9.476251,0.811634,9.784727,85.241898,76.366379
5.8305159,2.175132,9.337387,0.985214,9.637876,84.132797,76.886879
5.8400860,2.244564,9.083601,1.042675,9.414725,83.641487,76.120209
5.8501730,2.066196,8.589199,1.039083,8.895123,83.291679,76.474068
5.8603330,1.701080,7.800309,0.889446,8.033032,83.642975,77.697632
5.8705759,1.424550,7.339425,0.630872,7.502966,85.176704,79.015717
5.8801169,1.770512,7.151481,0.283713,7.372848,87.794670,76.094719
5.8903174,2.867057,7.187394,-0.049081,7.738285,90.363411,68.252907
5.9003520,4.709395,7.309498,-0.169988,8.696898,91.119965,57.206951
5.9102812,6.843825,7.292738,0.275333,10.004888,88.423027,46.818840
5.9210010,8.677784,7.079654,1.018733,11.245588,84.802475,39.208828
5.9320049,9.962274,6.691794,1.836353,12.140807,81.300362,33.889793
5.9405708,10.966640,6.303933,2.683900,12.930974,78.020836,29.891499
5.9501491,11.909956,6.066907,3.508703,13.819023,75.291359,26.994200
5.9601049,12.459426,6.002264,4.881777,14.666159,70.557541,25.722200
5.9702721,12.735956,5.576096,5.556942,14.972543,68.213921,23.644913
5.9801702,12.332533,4.508282,4.856638,14.000104,69.702171,20.080395
5.9901972,11.016919,4.212598,2.085350,11.977777,79.973618,20.925619
6.0002484,8.896853,4.214992,-0.556652,9.860528,93.236214,25.349821
6.0099196,5.814319,4.053383,-1.258153,7.198553,100.065773,34.881824
6.0198946,3.257311,3.778050,-0.575805,5.021483,96.584503,49.233162
6.0341907,3.677494,2.642002,-1.023521,4.642384,102.736824,35.694393
6.0501885,6.464345,2.643199,-1.072602,7.065743,98.731438,22.239109
6.0600162,7.200562,3.185485,-0.403423,7.884044,92.933083,23.864311
6.0702758,8.026561,4.000711,-0.241814,8.971613,91.544495,26.493227
6.0800157,8.815451,5.360618,-0.061052,10.317564,90.339035,31.303511
6.0900154,9.017760,7.329848,-0.508768,11.632091,92.506821,39.105026
6.1000938,8.817844,9.404425,-2.177526,13.074372,99.587242,46.843731
6.1099286,8.153454,12.101493,-3.517082,15.009824,103.551468,56.029644
6.1200490,6.663064,14.665683,-4.855441,16.824209,106.774071,65.566261
6.1299839,4.654328,15.807716,-5.564125,17.392704,108.657570,73.593781
6.1399698,2.407370,15.046361,-4.546589,15.901568,106.613892,80.909904
6.1499066,0.676362,14.352042,-2.819172,14.641936,101.101112,87.301842
6.1600742,-0.766145,14.117411,-0.651223,14.153174,92.637253,93.106361
6.1700597,-1.707066,14.022840,1.058237,14.165944,85.715851,96.940735
6.1800237,-2.361880,14.154520,2.591723,14.582384,79.762451,99.473320
6.1905427,-3.375824,14.894329,3.988740,15.784400,75.362572,102.770424
6.2001910,-5.178658,16.379930,4.568137,17.776066,75.108917,107.544807
6.2102070,-7.678205,17.304092,4.284424,19.409863,77.247833,113.927910
6.2208996,-9.780313,16.618155,3.688268,19.632141,79.171562,120.478165
6.2302666,-10.303447,14.950592,3.517082,18.494623,79.037422,124.573311
6.2407784,-9.324219,13.353660,3.746926,16.712294,77.044060,124.924744
6.2504015,-7.649475,11.956643,4.249708,14.816740,73.332451,122.609802
6.2604651,-5.827487,10.967838,4.886566,13.346596,68.522964,117.982826
6.2700725,-4.037821,10.474632,5.210980,12.376439,65.099716,111.080940
6.2800241,-2.225410,10.457873,5.012261,11.808570,64.883537,102.013214
6.2900958,-0.410606,10.881647,4.733337,11.873639,66.506660,92.160957
6.2998819,1.225831,11.578360,4.399345,12.446498,69.300880,83.956459
6.3099046,2.558204,12.318168,4.025850,13.209434,72.255623,78.267738
6.3201604,3.481169,12.749125,3.799598,13.751206,73.959892,74.727585
6.3303142,3.979163,12.789825,3.576937,13.863905,75.048363,72.718063
6.3400831,4.097676,12.504915,3.307590,13.568494,75.890854,71.856796
6.3501530,3.942053,12.076353,2.998738,13.052606,76.718094,71.921898
6.3600478,3.604471,11.526884,2.679112,12.370889,77.492592,72.635475
6.3702826,3.219004,10.969035,2.480393,11.697609,77.757912,73.644997
6.3807359,2.846706,10.387244,2.290054,11.011037,77.996117,74.673943
6.3902802,2.619257,9.877279,2.087744,10.429756,78.452988,75.148140
6.4000387,2.522291,9.424775,1.927332,9.944996,78.825417,75.017410
6.4101219,2.527080,9.172187,1.993173,9.720488,78.167656,74.596291
6.4200120,2.551022,9.053674,1.959654,9.608171,78.231552,74.263947
6.4306560,2.482787,8.937555,1.793257,9.447746,79.058426,74.475098
6.4402790,2.389413,8.971074,1.735796,9.444705,79.409691,75.085716
6.4506030,2.199074,8.989030,1.496376,9.374312,80.814857,76.253174
6.4600878,1.934515,9.107543,1.254562,9.394872,82.325981,78.008141
6.4701972,1.807622,9.379285,0.931344,9.597181,84.431053,79.091423
6.4800878,1.765724,9.550470,0.598550,9.730752,86.473442,79.525238
6.4903917,1.960851,9.733627,0.239420,9.932057,88.618706,78.610138
6.5019655,2.281674,9.738416,-0.040701,10.002221,90.233154,76.813667
6.5103211,2.673126,9.660604,-0.073023,10.023882,90.417397,74.533028
6.5201173,3.159149,9.580399,0.047884,10.087941,89.728035,71.749962
6.5301781,3.502717,9.463082,0.260968,10.093912,88.518509,69.688194
6.5409508,3.720589,8.859743,0.761356,9.639373,85.469833,67.220360
6.5507269,3.562572,8.446744,1.146823,9.238755,82.869385,67.131508
6.5601687,3.495534,8.180987,1.881842,9.093329,78.056465,66.864174
6.5701599,3.399766,7.930793,2.369063,8.948092,74.647537,66.796188
6.5800099,3.457227,7.305906,2.347515,8.416621,73.804588,64.676025
6.5905108,3.645172,6.751649,2.060210,7.944590,74.970139,61.635674
6.6002717,3.670311,6.275203,1.857901,7.503409,75.664017,59.677010
6.6100659,3.831920,6.046556,1.842338,7.391797,75.567406,57.636097
6.6202650,4.066552,6.084864,1.956063,7.575526,75.036232,56.244949
6.6301708,4.481946,6.293159,2.048239,7.992933,75.151962,54.541786
6.6403041,4.917690,6.639122,2.189497,8.547252,75.157433,53.472134
6.6500139,5.342661,6.959944,2.139219,9.031118,76.298004,52.489082
6.6603436,5.810728,7.167043,2.149993,9.473834,76.883011,50.966358
6.6702580,6.048951,7.231686,2.233790,9.689010,76.670616,50.089169
6.6801414,6.260838,7.229292,2.248155,9.824202,76.771301,49.106209
6.6900949,6.404490,7.074866,2.339135,9.825618,76.227638,47.847179
6.7002158,6.271611,6.809110,2.681506,9.637819,73.845558,47.353008
6.7103367,6.247669,6.775591,2.949656,9.676904,72.253021,47.321320
6.7199907,6.701371,6.900089,2.828749,10.026037,73.612015,45.837036
6.7300239,7.200562,6.983886,2.741361,10.398933,74.715065,44.124844
6.7401319,7.590816,7.220912,2.790442,10.841985,75.085716,43.569408
6.7502027,7.778761,7.163452,1.939303,10.751050,79.607948,42.641933
6.7599859,7.133524,6.910863,0.277727,9.936012,88.398285,44.091705
6.7701259,5.699397,6.930017,-0.968455,9.024753,96.160324,50.565376
6.7799540,4.255693,6.912060,-0.538695,8.134968,93.796890,58.379765
6.7902927,3.341109,6.607996,0.112527,7.405490,89.129349,63.178108
6.8000169,3.147178,6.436811,-0.268151,7.170019,92.143295,63.944405
6.8108497,3.177106,6.369773,-0.317232,7.125212,92.551788,63.490967
6.8201776,3.675100,6.301539,-0.179565,7.297122,91.410057,59.748978
6.8311276,4.443638,6.345831,-0.378284,7.756197,92.795525,54.998550
6.8400598,5.140351,6.518214,-0.380678,8.309948,92.625633,51.740215
6.8502936,5.272032,6.882133,-0.223858,8.672266,91.479141,52.546215
6.8602948,4.920084,7.711724,-0.184354,9.149421,91.154541,57.462101
6.8703408,4.207809,9.020155,-0.499191,9.965844,92.871155,64.991432
6.8804059,3.178303,10.545261,-1.504756,11.116134,97.779831,73.227386
6.8905830,2.020706,12.113463,-1.996764,12.442119,99.235008,80.529411
6.9002786,1.103727,13.555970,-1.482011,13.681334,96.218689,85.345245
6.9101019,0.556652,14.065935,-0.990002,14.111714,94.022873,87.733734
6.9207230,0.605733,13.857639,-1.001973,13.907014,94.131630,87.497131
6.9309578,0.890643,14.004883,-0.420182,14.039464,91.715042,86.361168
6.9403191,0.685939,15.309723,1.437718,15.392373,84.640503,87.434631
6.9500442,-0.384269,17.748217,3.632004,18.120110,78.437279,91.240326
6.9600964,-2.580950,19.395428,4.671088,20.116238,76.573082,97.579819
6.9702196,-6.042965,18.696321,4.104859,20.072861,78.199890,107.911705
6.9807639,-9.639056,16.202761,3.060987,19.100012,80.777954,120.748505
6.9910908,-11.456255,13.648147,2.552219,18.000875,81.848961,130.010101
7.0019679,-8.535329,10.474632,1.837550,13.636214,82.255539,129.175110
7.0100837,-8.535329,10.474632,1.837550,13.636214,82.255539,129.175110
7.0204639,-5.855020,9.785102,1.690306,11.527645,81.568283,120.894646
7.0302486,-3.257311,9.680955,1.501164,10.323975,81.639229,108.596329
7.0402641,0.711078,10.089166,1.435324,10.215530,81.922981,85.968498
7.0499578,1.999158,11.401189,1.493982,11.671148,82.645592,80.054497
7.0599570,2.740164,11.690886,1.517924,12.103282,82.795319,76.808868
7.0699697,3.021482,11.723208,1.416170,12.188868,83.327988,75.547401
7.0801487,2.845509,11.622652,1.355118,12.042397,83.538879,76.243195
7.0900459,2.452860,11.416751,1.388637,11.759551,83.218353,77.874474
7.1003180,2.082955,11.264719,1.493982,11.552688,82.569756,79.523788
7.1099410,1.818396,11.058818,1.557428,11.315017,82.088547,80.662437
7.1201077,1.775301,10.675745,1.620875,10.943055,81.482063,80.558517
7.1299629,1.875857,10.104729,1.702277,10.417396,80.595284,79.483246
7.1399989,2.164358,9.536105,1.887828,9.959199,79.073112,77.212524
7.1501269,2.548628,9.156625,2.163161,9.747746,77.178528,74.446144
7.1602612,2.892196,8.918402,2.400187,9.677995,75.640533,72.032364
7.1704888,3.232172,8.929175,2.585738,9.841908,74.768044,70.100815
7.1801209,3.454833,9.179369,2.637213,10.156357,74.950035,69.375198
7.1899867,3.547010,9.615114,2.551022,10.561222,76.022194,69.751015
7.2007141,3.453636,10.085575,2.410961,10.929737,77.256470,71.097092
7.2101622,3.189077,10.534488,2.238579,11.231957,78.503716,73.157509
7.2201428,2.747346,10.821792,2.035071,11.349035,79.670036,75.755165
7.2302561,2.322376,10.937910,1.833959,11.331140,80.685638,78.012779
7.2406230,1.983596,10.955867,1.617283,11.250834,81.735222,79.737579
7.2501268,1.715446,10.806230,1.444901,11.036534,82.477257,80.979790
7.2599740,1.567005,10.539276,1.309628,10.735314,82.992889,81.543076
7.2705827,1.564611,10.299856,1.183933,10.485072,83.516563,81.362457
7.2801456,1.558625,10.004171,1.180341,10.193427,83.350555,81.144646
7.2903309,1.546654,9.646238,1.158794,9.837930,83.235519,80.890869
7.3012614,1.587356,9.331401,1.133654,9.533095,83.170349,80.345879
7.3102727,1.634043,9.087193,1.175553,9.307475,82.744049,79.806114
7.3208160,1.824382,9.068039,1.570596,9.382136,80.363152,78.624626
7.3305407,1.964442,8.896853,1.624466,9.254832,79.890717,77.548759
7.3404570,2.351106,8.456321,1.061828,8.841071,83.102020,74.462502
7.3502150,2.731784,8.060080,0.889446,8.556789,84.033539,71.277054
7.3603325,2.610877,7.926005,1.113304,8.418888,82.401016,71.767784
7.3706341,2.238579,7.903260,1.458069,8.342584,79.934479,74.185356
7.3802366,2.323573,8.001422,1.555034,8.475841,79.428253,73.806969
7.3901091,2.817975,8.079233,1.280898,8.651918,81.486183,70.771614
7.4001198,3.561375,8.018182,1.074997,8.839131,83.014511,66.051003
7.4108586,4.608838,7.936779,1.210269,9.257354,82.487877,59.856529
7.4201159,5.887342,7.914034,1.420959,9.965533,81.802406,53.354012
7.4301419,7.195773,7.912837,1.600524,10.814519,81.489090,47.717251
7.4402170,8.347384,7.698555,1.507150,11.455046,82.439629,42.684467
7.4499955,9.063251,7.020997,0.776918,11.490889,86.123177,37.763744
7.4602971,9.008183,6.052542,0.152032,10.853744,89.197411,33.896904
7.4701667,7.958326,4.973954,0.530316,9.399809,86.765785,32.005386
7.4801168,6.610391,4.071340,1.587356,7.924189,78.444458,31.628920
7.4907622,5.835866,3.315969,2.590526,7.194708,68.896118,29.605463
7.5009747,6.065710,2.930503,2.153584,7.072383,72.271545,25.786402
7.5101309,7.179014,2.716222,0.411803,7.686721,86.929008,20.724428
7.5207329,8.443152,2.583344,-1.235408,8.915532,97.964996,17.012491
7.5301685,9.425972,2.731784,-1.357512,9.907292,97.875534,16.162359
7.5400915,9.980229,3.250129,-0.433351,10.505052,92.364212,18.038187
7.5502129,9.206903,4.188656,-1.646014,10.247988,99.242783,24.463036
7.5599566,8.582016,4.687847,-2.436100,10.077772,103.988670,28.645168
7.5700369,8.324639,5.434838,-2.670732,10.294168,105.036911,33.138981
7.5799541,7.607576,7.274782,-2.551022,10.830760,103.623154,43.718987
7.5900450,5.443218,10.558430,-3.330335,12.336944,105.661179,62.727406
7.5999537,1.704672,15.288175,-3.617639,15.802579,103.233917,83.637650
7.6100225,-2.347515,19.220652,-3.259706,19.635935,99.555748,96.963333
7.6199574,-4.073734,19.892225,-3.099294,20.540243,98.678444,101.573593
7.6300440,-3.641581,17.877504,-2.870648,18.469080,98.941734,101.513420
7.6399727,-2.524686,15.158888,-1.420959,15.433245,95.282776,99.455719
7.6499987,-1.823185,14.368801,1.632846,14.575755,83.567955,97.231331
7.6600037,-1.988384,15.954960,5.078102,16.861242,72.472107,97.103851
7.6706138,-3.306392,17.812860,6.475119,19.239475,70.332947,100.515465
7.6800189,-5.602432,17.629704,5.409699,19.273260,73.698959,107.629410
7.6898904,-8.200141,15.865177,4.195838,18.345333,76.778618,117.332817
7.6999769,-9.797073,13.894750,3.922899,17.448090,77.006966,125.187347
7.7101016,-9.394848,11.903971,3.933673,15.666572,75.458153,128.281189
7.7207088,-4.668694,9.121908,4.624401,11.242374,65.711174,117.103867
7.7303333,-2.047042,8.949526,4.483143,10.216798,63.972584,102.883743
7.7401762,0.204704,9.477448,3.983952,10.282791,67.204773,88.762657
7.7500887,1.994370,10.459070,3.202245,11.118634,73.261322,79.204254
7.7604084,3.456030,11.638214,2.464831,12.388203,78.523499,73.460930
7.7701964,4.574122,12.458228,1.838747,13.398172,82.111908,69.838951
7.7800612,5.303157,12.725182,1.452083,13.862261,83.987190,67.376305
7.7905340,5.582081,12.559982,1.370680,13.812732,84.304985,66.038017
7.8002462,5.300763,11.996147,1.405396,13.190177,83.883598,66.160698
7.8101077,4.647145,11.209652,1.578976,12.237051,82.586319,67.482742
7.8200240,3.934870,10.383653,1.656788,11.227128,81.513870,69.245865
7.8299875,3.441665,9.597157,1.675941,10.332438,80.665276,70.271507
7.8400655,3.344700,9.077616,1.687912,9.820345,80.102905,69.773392
7.8500710,3.499126,8.790312,1.604115,9.596179,80.377151,68.294174
7.8600249,3.664326,8.711303,1.553837,9.577498,80.663162,67.186409
7.8700480,3.685874,8.793902,1.598130,9.668113,80.485397,67.259506
7.8801594,3.524265,8.950723,1.617283,9.754562,80.456429,68.508415
7.8901205,3.290830,9.191340,1.574188,9.888800,80.840179,70.300804
7.9002900,3.039439,9.512163,1.377863,10.080572,82.143936,72.279663
7.9101715,2.621651,9.854534,1.374272,10.289486,82.324593,75.102379
7.9200721,2.225410,10.041282,1.322796,10.369647,82.671135,77.503738
7.9302034,1.814805,10.240001,1.429338,10.497339,82.174187,79.949997
7.9400930,1.443704,10.263943,1.522712,10.476233,81.642494,81.993431
7.9501595,1.015141,10.113108,1.322796,10.249646,82.584854,84.267921
7.9603586,0.582988,9.795877,0.995988,9.863623,84.204628,86.594139
7.9701152,0.323217,9.546879,0.860716,9.591048,84.851265,88.060944
7.9801188,0.420182,9.425972,0.891840,9.477387,84.600372,87.447609
7.9900050,0.960075,9.427169,0.867898,9.515593,84.766891,84.184975
8.0000401,1.746570,9.346964,0.873884,9.548817,84.749084,79.415794
8.0100088,2.643199,9.382876,1.322796,9.837411,82.272263,74.267235
8.0199852,3.288436,9.270349,1.314417,9.923753,82.388718,70.469070
8.0300503,3.776853,8.534132,1.137246,9.401561,83.052284,66.127808
8.0400152,3.888184,7.437588,1.110910,8.465802,82.459717,62.400562
8.0500498,4.040215,7.177817,1.176750,8.320405,81.869431,60.625916
8.0600729,4.104859,7.187394,1.332373,8.383538,80.855362,60.268482
8.0699806,3.919308,7.383718,1.551443,8.502191,79.486008,62.040451
8.0799513,3.841497,7.657854,1.613692,8.718018,79.333122,63.359760
8.0900564,3.985149,7.740454,1.478420,8.830729,80.362289,62.758469
8.0999680,4.326323,7.862558,1.464054,9.092874,80.734406,61.178490
8.1099167,5.438429,8.246828,1.744176,10.031393,79.986992,56.596863
8.1199312,7.281964,8.628703,1.905785,11.450482,80.419273,49.838196
8.1299133,8.834604,8.497022,2.182315,12.450385,79.904991,43.884144
8.1399784,9.378088,7.778761,2.120066,12.367390,80.129387,39.674393
8.1500578,9.184157,7.089231,2.237381,11.815744,79.084801,37.664471
8.1599894,8.378509,6.364985,2.426523,10.798169,77.013809,37.223209
8.1699810,7.655460,5.955577,3.118448,10.188213,72.176620,37.881187
8.1800108,7.279570,5.300763,2.282871,9.289872,75.774567,36.060974
8.1900263,6.675035,4.809951,1.249773,8.321878,81.362686,35.776077
8.1999989,5.718551,4.521450,0.135272,7.291339,88.936958,38.332142
8.2103806,4.511873,4.248511,-0.474052,6.215430,94.374207,43.278042
8.2201958,3.594894,4.203021,-0.306458,5.539185,93.171532,49.459236
8.2301483,3.138798,4.325125,-0.438139,5.361971,94.686996,54.031128
8.2400713,2.980781,4.857835,-1.088165,5.802389,100.809105,58.466606
8.2500792,3.463213,5.862203,-1.482011,6.968186,102.279594,59.426685
8.2600317,4.145560,6.851008,-1.799243,8.207269,102.663544,58.821774
8.2700386,4.788404,7.665037,-2.258929,9.315812,104.033157,58.006683
8.2799702,5.354632,8.370130,-2.627636,10.277919,104.812607,57.391689
8.2899752,5.785588,9.229648,-2.454057,11.166101,102.695961,57.918530
8.2999477,5.699397,10.427945,-1.997961,12.050603,99.543571,61.341175
8.3099508,4.829105,11.462240,-1.861492,12.576500,98.511826,67.154037
8.3199577,3.435679,12.229582,-1.845930,12.836433,98.268021,74.308258
8.3299351,1.604115,12.629414,-0.278924,12.733934,91.255112,82.761383
8.3399925,-0.056264,12.474988,0.890643,12.506867,85.916382,90.258408
8.3499794,-1.030704,11.743559,0.640449,11.806087,86.890327,95.015862
8.3600264,-1.106121,11.021708,0.111330,11.077632,89.424164,95.730927
8.3699942,-0.397437,11.285069,0.347159,11.297401,88.239075,92.017006
8.3800230,0.679953,12.749125,1.616086,12.869121,82.785828,86.947121
8.3900509,1.678335,15.526398,2.592921,15.830637,80.572975,83.830536
8.3999987,1.820790,18.121712,2.430115,18.374361,82.400040,84.262428
8.4101734,-0.089783,18.756176,1.825579,18.845024,84.440857,90.274261
8.4200640,-3.689465,17.044321,1.772906,17.528954,84.195091,102.213974
8.4301119,-7.380127,14.234726,2.618060,16.246475,80.726563,117.404907
8.4400549,-9.404425,11.835736,3.400964,15.494981,77.321030,128.469910
8.4500799,-9.567230,10.407595,4.116830,14.724069,73.763748,132.590912
8.4600067,-8.638280,9.455899,5.450400,13.919079,66.947296,132.412735
8.4700480,-6.463148,9.628283,6.507440,13.297477,60.700554,123.872154
8.4800291,-3.629610,10.097546,6.670246,12.634345,58.133255,109.771210
8.4899797,-0.857124,10.254366,6.447585,12.143230,57.929573,94.778030
8.5001192,1.608904,10.494983,5.431247,11.926092,62.908764,81.284286
8.5101233,3.803190,10.844537,3.031059,11.885098,75.224625,70.674179
8.5202627,5.310339,11.428721,-2.643199,12.876408,101.845573,65.078125
8.5301313,5.311536,11.899182,-2.643199,13.296220,101.466400,65.945053
8.5400934,4.018668,11.755530,-2.880225,12.752955,103.052727,71.126831
8.5500221,1.034295,9.822212,-2.337938,10.149462,103.317734,83.988815
8.5599804,0.351948,9.003395,-1.863886,9.201036,101.687492,87.761414
8.5699806,0.040701,8.568848,-1.345541,8.673943,98.924019,89.727852
8.5801153,-0.039504,8.403648,-0.785298,8.440353,95.338570,90.269341
8.5900307,0.035913,8.362947,-0.189142,8.365162,91.295609,89.753960
8.5999632,0.240617,8.377312,0.272939,8.385210,88.134689,88.354774
8.6099701,0.496797,8.491036,0.586579,8.525761,86.054886,86.651535
8.6200504,0.702698,8.617929,0.837971,8.687041,84.464516,85.338463
8.6318130,0.909797,8.777143,0.972046,8.877547,83.713799,84.082130
8.6410837,1.119289,9.004593,0.945710,9.123040,84.049934,82.914360
8.6507120,1.272518,9.232041,0.827197,9.355968,84.927643,82.151962
8.6609440,1.347936,9.346964,0.644040,9.465593,86.098572,81.793892
8.6705074,1.333570,9.373300,0.524330,9.482198,86.830139,81.902679
8.6804495,1.268927,9.320627,0.497994,9.419781,86.969543,82.247314
8.6904392,1.228225,9.294291,0.542287,9.390764,86.689507,82.472076
8.7002878,1.192312,9.220071,0.604536,9.316479,86.279526,82.631569
8.7101898,1.195904,9.197326,0.699107,9.301061,85.689346,82.591545
8.7202101,1.176750,9.170990,0.816423,9.282152,84.953964,82.688202
8.7302189,1.155202,9.240421,0.870292,9.352929,84.660889,82.874069
8.7406626,1.063026,9.334992,0.861913,9.434776,84.758446,83.503410
8.7511940,0.926556,9.465476,0.798466,9.544176,85.201019,84.409248
8.7606955,0.794875,9.617508,0.676362,9.673973,85.990860,85.275314
8.7704802,0.797269,9.737218,0.582988,9.787182,86.585068,85.319145
8.7805634,0.976834,9.773131,0.573411,9.838552,86.658791,84.292183
8.7903910,1.286883,9.728839,0.667982,9.836288,86.106049,82.464935
8.8001928,1.725022,9.561244,0.733823,9.743284,85.680634,79.772820
8.8103113,2.179921,9.372103,0.937330,9.667830,84.436234,76.906006
8.8201685,2.554613,9.230844,1.238999,9.657621,82.629074,74.530708
8.8300314,2.811990,9.244013,1.568202,9.788683,80.781166,73.080460
8.8400497,2.875436,9.405622,1.902193,10.017594,79.053909,73.000839
8.8501863,2.743755,9.530120,2.114080,10.140055,77.966240,73.938705
8.8600407,2.585738,9.537302,2.090138,10.100240,78.056946,74.830719
8.8703413,2.431312,9.411607,1.969231,9.918038,78.547791,75.515381
8.8805304,2.474407,9.348161,1.690306,9.816717,80.085030,75.174126
8.8903093,2.597709,9.172187,1.431733,9.639863,81.458710,74.187035
8.9002495,2.984372,9.484630,1.538275,10.061360,81.205597,72.533630
8.9104986,3.393781,9.774328,0.861913,10.382588,85.238098,70.852295
8.9202862,4.568137,9.783905,-0.193930,10.799550,91.028931,64.971977
8.9302702,5.906496,9.671378,-0.641646,11.350505,93.240669,58.586792
8.9406652,6.189012,9.490616,-0.284910,11.333879,91.440445,56.890862
8.9503765,5.067328,9.378088,1.018733,10.708136,84.540833,61.616009
8.9602461,3.201048,9.378088,2.767697,10.288605,74.394867,71.153549
8.9701738,1.642422,9.258378,3.672705,10.094745,68.664803,79.940468
8.9801607,0.910994,8.999804,3.258508,9.614794,70.189781,84.219994
8.9901314,1.227028,9.114726,2.365471,9.496277,75.576057,82.332909
9.0000772,2.321178,9.848549,1.513135,10.230903,81.494835,76.738136
9.0100956,3.369839,10.722432,0.787692,11.267068,85.991119,72.553146
9.0200472,3.752911,11.085154,0.384269,11.709510,88.119392,71.296318
9.0301285,3.428497,10.763134,0.577003,11.310728,87.075859,72.331200
9.0401745,2.704251,9.603143,1.626860,10.108413,80.738472,74.272751
9.0501766,2.724602,9.253590,1.714248,9.797501,79.923210,73.593605
9.0605106,2.740164,9.075222,1.511938,9.599693,80.938263,73.198883
9.0704556,2.667141,9.030929,1.183933,9.490680,82.833862,73.546333
9.0803680,2.501941,9.071630,0.787692,9.443233,85.215202,74.581230
9.0902872,2.245761,9.190144,0.471658,9.472309,87.145874,76.267960
9.1002836,1.966837,9.281123,0.337582,9.493242,87.962112,78.035011
9.1104794,1.759738,9.245210,0.314838,9.416459,88.083969,79.223206
9.1206131,1.651999,9.121908,0.367510,9.277574,87.729767,79.734856
9.1306715,1.677138,8.998607,0.405817,9.162554,87.461494,79.442482
9.1407080,1.762132,8.968679,0.452504,9.151343,87.165756,78.884331
9.1503410,1.842338,9.022549,0.429759,9.218747,87.328018,78.459274
9.1601448,1.958457,9.187749,0.398635,9.402617,87.570152,77.966949
9.1700945,2.078167,9.436746,0.392649,9.670838,87.673073,77.580521
9.1800365,2.187103,9.690532,0.328006,9.939689,88.108917,77.281731
9.1901140,2.236184,9.827001,0.319626,10.083284,88.183502,77.180351
9.2001734,2.298434,9.855731,0.302867,10.124721,88.285820,76.872795
9.2101526,2.252944,9.767146,0.271742,10.027300,88.447083,77.011024
9.2201891,2.153584,9.709685,0.228646,9.948276,88.683029,77.494385
9.2302303,2.038663,9.734824,0.257377,9.949331,88.517662,78.172073
9.2403631,1.945289,9.841366,0.284910,10.035826,88.373192,78.818794
9.2503004,1.898602,9.926360,0.384269,10.113604,87.822502,79.171890
9.2608252,1.909376,10.004171,0.525527,10.198300,87.046188,79.194595
9.2705269,1.994370,9.953894,0.666785,10.173599,86.242096,78.670189
9.2802725,2.149993,9.843760,0.843956,10.111101,85.212051,77.679405
9.2901583,2.312799,9.682152,1.013944,10.006058,84.184059,76.565369
9.3003120,2.469619,9.538500,1.215057,9.927656,82.969879,75.484261
9.3102207,2.601300,9.436746,1.381454,9.885715,81.967056,74.588783
9.3206015,2.726996,9.400833,1.537078,9.908319,81.075661,73.823601
9.3304434,2.770091,9.364920,1.684321,9.910200,80.214607,73.522072
9.3407278,2.750938,9.364920,1.783680,9.922242,79.643875,73.629890
9.3508177,2.748544,9.387665,1.829170,9.951312,79.408127,73.680893
9.3609142,2.726996,9.419987,1.818396,9.973927,79.495369,73.854774
9.3705025,2.756923,9.481039,1.758541,10.029118,79.901352,73.786476
9.3802824,2.822764,9.569624,1.679533,10.117635,80.444641,73.565460
9.3902245,2.845509,9.666590,1.614889,10.205279,80.895210,73.597397
9.4001436,2.847903,9.764751,1.515530,10.283859,81.525467,73.740601
9.4102592,2.760514,9.822212,1.468843,10.307948,81.807686,74.302078
9.4202099,2.649184,9.873688,1.394622,10.317599,82.231590,74.980850
9.4302711,2.566584,9.968259,1.306037,10.375899,82.768875,75.561340
9.4404287,2.498349,10.077195,1.236605,10.455659,83.207649,76.075920
9.4502716,2.424129,10.211270,1.136049,10.556375,83.822021,76.645348
9.4606733,2.346318,10.388441,1.034295,10.700218,84.453064,77.272804
9.4708424,2.316390,10.564415,0.961272,10.858019,84.920891,77.632843
9.4808741,2.312799,10.675745,0.853533,10.956692,85.532097,77.776306
9.4906368,2.260126,10.661380,0.793678,10.927173,85.834747,78.030960
9.5003862,2.219425,10.585963,0.750582,10.842133,86.030334,78.159027
9.5103559,2.120066,10.378864,0.787692,10.622427,85.747398,78.455147
9.5208750,1.942895,10.129868,0.925359,10.355933,84.873474,79.142601
9.5309963,1.823185,9.592369,1.023521,9.817594,84.015823,79.238373
9.5406179,1.823185,9.592369,1.091756,9.824942,83.620064,79.238373
9.5504065,1.576582,9.091981,1.151611,9.299244,82.886276,80.162529
9.5602264,1.497573,8.936357,1.189918,9.138770,82.518532,80.486656
9.5701590,1.492785,8.874108,1.151611,9.072179,82.707268,80.451218
9.5800915,1.534683,8.842984,1.086968,9.040748,83.094635,80.154488
9.5903635,1.582567,8.905233,0.999579,9.099828,83.693565,79.923050
9.6002092,1.581370,8.992621,0.939724,9.178837,84.123795,80.026398
9.6101027,1.532289,9.088389,0.858321,9.256536,84.679550,80.430016
9.6200590,1.485602,9.131485,0.757765,9.282524,85.317535,80.759506
9.6300917,1.416170,9.179369,0.677559,9.312650,85.827652,81.229698
9.6402941,1.351527,9.248801,0.689530,9.372427,85.780937,81.686218
9.6502676,1.650802,9.558850,0.804452,9.733648,85.259300,80.201736
9.6603336,1.853112,9.724051,0.839168,9.934555,85.154472,79.210518
9.6702032,2.057816,9.817424,0.928950,10.073697,84.708931,78.161705
9.6801243,2.124854,9.793482,1.097741,10.081286,83.748726,77.758492
9.6900902,2.114080,9.696517,1.234211,10.000752,82.910950,77.700577
9.7000875,2.031480,9.563639,1.338359,9.868196,82.205330,78.007645
9.7101660,2.061408,9.646238,1.442507,9.968959,81.680099,77.937294
9.7200985,2.018312,9.697714,1.452083,10.011383,81.660217,78.243294
9.7300692,2.021903,9.774328,1.496376,10.092806,81.473801,78.312721
9.7400904,2.007538,9.713276,1.472434,10.027263,81.555977,78.322540
9.7500401,2.033874,9.633071,1.599327,9.974495,80.773277,78.077972
9.7602997,2.200271,9.639056,1.810017,10.051307,79.625710,77.141617
9.7747879,2.497152,9.544485,2.060210,10.078564,78.204742,75.338181
9.7909327,2.497152,9.544485,2.060210,10.078564,78.204742,75.338181
9.8000097,2.480393,9.464279,2.074576,10.001439,78.028351,75.314240
9.8099642,2.312799,9.418790,2.024297,9.907594,78.210434,76.203888
9.8213615,1.948880,9.288305,1.905785,9.680018,78.645538,78.150055
9.8299437,1.584962,9.124303,1.830367,9.440087,78.819931,80.145615
9.8399925,1.363498,9.063251,1.736993,9.328385,79.268600,81.444443
9.8499584,1.280898,9.063251,1.649605,9.300775,79.783852,81.955734
9.8599691,1.294066,9.107543,1.614889,9.339690,80.043175,81.913132
9.8700533,1.399411,9.228451,1.635240,9.476110,80.063042,81.377304
9.8799448,1.448492,9.255983,1.630451,9.509455,80.127525,81.105782
9.8899632,1.499967,9.350554,1.666364,9.615588,80.020363,80.886551
9.9000301,1.454478,9.370906,1.660379,9.627369,80.068863,81.177406
9.9098969,1.399411,9.346964,1.641225,9.592586,80.148621,81.485023
9.9199591,1.437718,9.325416,1.685518,9.584956,79.871849,81.235603
9.9300470,1.549049,9.307459,1.770512,9.600159,79.372375,80.550819
9.9401131,1.720234,9.330204,1.865083,9.669045,78.878387,79.553543
9.9500103,1.856703,9.398438,1.942895,9.775113,78.535583,78.824860
9.9598999,1.836353,9.436746,1.962048,9.811932,78.465057,78.988091
9.9699411,1.751359,9.562442,1.927332,9.910709,78.786255,79.621323
9.9800434,1.626860,9.702502,1.800440,10.001341,79.629082,80.481514
9.9901800,1.483208,9.788693,1.650802,10.037110,80.533562,81.383934
10.0000687,1.430536,9.854534,1.557428,10.078882,81.110817,81.740341
10.0101147,1.434127,9.871294,1.508347,10.088324,81.401230,81.733757
10.0200758,1.455675,9.767146,1.525106,9.992101,81.220558,81.523155
10.0299616,1.519121,9.621099,1.650802,9.879192,80.380814,81.027374
10.0399446,1.601721,9.528923,1.781286,9.825419,79.554878,80.458328
10.0499487,1.699883,9.452309,1.880645,9.786346,78.920532,79.805023
10.0599928,1.835156,9.228451,1.962048,9.611542,78.221153,78.752968
10.0700493,1.915361,9.142260,2.000355,9.552536,77.912476,78.167313
10.0800247,1.947683,9.095572,2.050634,9.525126,77.567650,77.913483
10.0900421,2.023100,9.168595,2.054225,9.611239,77.658882,77.556770
10.0999174,2.036268,9.206903,1.991976,9.637500,78.071548,77.528786
10.1099749,2.061408,9.253590,1.923741,9.673630,78.529434,77.441376
10.1200848,2.142811,9.362526,1.915361,9.793730,78.721970,77.108688
10.1299791,2.203863,9.452309,1.929727,9.895807,78.755013,76.875610
10.1403713,2.232593,9.545682,1.923741,9.990260,78.897682,76.835999
10.1500921,2.110489,9.555259,1.880645,9.964636,79.121208,77.544937
10.1600704,1.923741,9.490616,1.843535,9.857545,79.221207,78.541435
10.1702251,1.805228,9.465476,1.856703,9.813330,79.093773,79.202385
10.1804047,1.813608,9.498995,1.838747,9.843834,79.234390,79.190819
10.1900005,1.972822,9.600749,1.866280,9.977446,79.219330,78.388138
10.2001638,2.161964,9.661801,1.891419,10.079780,79.184624,77.387032
10.2100105,2.209848,9.636662,1.941698,10.075657,78.888916,77.084419
10.2199802,2.201468,9.625888,1.993173,10.073575,78.588066,77.117844
10.2299557,2.233790,9.743204,1.946486,10.183744,78.980881,77.087158
10.2400522,2.112883,9.615114,1.920150,10.030038,78.963173,77.606461
10.2502890,2.121263,9.619903,1.984793,10.048965,78.608482,77.564835
10.2602997,2.183512,9.576807,2.024297,10.028995,78.355156,77.156120
10.2699795,2.264915,9.552865,2.062605,10.032020,78.135246,76.661873
10.2799015,2.297236,9.477448,2.078167,9.970862,77.969994,76.374870
10.2901287,2.238579,9.368511,2.073379,9.852875,77.852219,76.561317
10.3000002,2.124854,9.301474,2.024297,9.753471,78.021400,77.132004
10.3099098,1.983596,9.224859,1.948880,9.634875,78.330063,77.864624
10.3199654,1.904588,9.180567,1.896208,9.565870,78.566742,78.279755
10.3299389,1.929727,9.192537,1.819593,9.567524,79.036453,78.144440
10.3399591,2.026692,9.330204,1.753753,9.707514,79.591835,77.744690
10.3503723,2.138022,9.493010,1.673547,9.873658,80.241478,77.307579
10.3599787,2.188300,9.603143,1.614889,9.980825,80.688660,77.163017
10.3707533,2.155979,9.635465,1.637634,10.008610,80.582779,77.387558
10.3799458,2.130840,9.604341,1.721431,9.987350,80.074867,77.490852
10.3899784,2.154782,9.587581,1.813608,9.992695,79.543243,77.333405
10.3999205,2.232593,9.619903,1.854309,10.048157,79.365555,76.934067
10.4109879,2.319981,9.676167,1.854309,10.121708,79.443726,76.517136
10.4200354,2.385822,9.753978,1.841141,10.208920,79.610069,76.255325
10.4301167,2.421735,9.792285,1.810017,10.248405,79.827377,76.108879
10.4399109,2.439692,9.753978,1.821988,10.218210,79.728783,75.957138
10.4499283,2.408567,9.552865,1.939303,10.040882,78.863869,75.848938
10.4599075,2.421735,9.265560,2.099715,9.804296,77.633583,75.352310
10.4700365,2.491167,8.998607,2.302025,9.616660,76.150116,74.525826
10.4799967,2.614468,8.899248,2.432509,9.589012,75.304810,73.627991
10.4900398,2.707842,8.963891,2.412158,9.669656,75.554649,73.191307
10.5000772,2.673126,9.088389,2.293645,9.747064,76.389717,73.610046
10.5103025,2.536657,9.211691,2.144008,9.792172,77.352562,74.603851
10.5199728,2.385822,9.336189,2.051831,9.852238,77.979576,75.665100
10.5300989,2.245761,9.390059,1.974019,9.854613,78.444664,76.549583
10.5399532,2.183512,9.366117,1.950077,9.812985,78.537636,76.877090
10.5501871,2.148796,9.299079,2.013524,9.754203,78.086998,76.988686
10.5600195,2.161964,9.344569,2.036268,9.805175,78.013992,76.973221
10.5707254,2.184709,9.453506,1.985990,9.903831,78.432198,76.987366
10.5800114,2.160767,9.544485,1.922544,9.973078,78.885323,77.243889
10.5899487,2.142811,9.576807,1.880645,9.992182,79.151558,77.387802
10.6000938,2.130840,9.607931,1.855506,10.014775,79.322723,77.495384
10.6099730,2.084153,9.551667,1.856703,9.951150,79.246635,77.691109
10.6199703,2.081758,9.483433,1.906982,9.894735,78.888031,77.619072
10.6299791,2.127248,9.440337,1.954866,9.872520,78.579338,77.301292
10.6399546,2.207454,9.460688,1.997961,9.918131,78.378510,76.866203
10.6500463,2.244564,9.520543,1.964442,9.976866,78.644279,76.734184
10.6601105,2.153584,9.508572,1.883040,9.929586,79.068268,77.238457
10.6700497,2.024297,9.414001,1.812411,9.798267,79.340469,77.864449
10.6799974,1.962048,9.312247,1.794454,9.684402,79.321770,78.102066
10.6899910,2.012326,9.255983,1.892616,9.659435,78.700684,77.734306
10.7004642,2.191892,9.132683,2.503138,9.719875,75.076584,76.503983
