Keuwl Accelerometer Data File
2019-06-26 16-08-40

Time (s), X (m/s2), Y (m/s2), Z (m/s2), R (m/s2), Theta (deg), Phi (deg)
0.0000000,4.000711,9.130288,1.353921,10.059868,82.265297,66.337921
0.0099710,4.098873,9.212888,1.428141,10.184186,81.938774,66.015411
0.0234660,4.016273,9.204509,1.450886,10.146848,81.779167,66.426544
0.0397030,3.617639,9.085996,1.628057,9.914292,80.548470,68.289757
0.0497910,3.450045,9.103952,1.673547,9.878538,80.246346,69.245239
0.0597400,3.345897,9.081207,1.691504,9.824690,80.086067,69.774094
0.0711450,3.287239,8.979453,1.702277,9.712583,79.905914,69.893105
0.0798490,3.343503,8.916007,1.716643,9.675797,79.780708,69.443954
0.0897260,3.519476,9.036914,1.703475,9.846539,80.037575,68.721298
0.0998180,3.636792,9.216479,1.671153,10.048010,80.426262,68.465973
0.1097570,3.633201,9.324219,1.640028,10.140557,80.692696,68.711525
0.1199260,3.554192,9.376891,1.622072,10.158223,80.811638,69.241417
0.1297890,3.440468,9.344569,1.562217,10.079598,81.083900,69.787384
0.1404130,3.319561,9.235633,1.515530,9.930419,81.221504,70.230057
0.1498700,3.274071,9.101558,1.540669,9.794465,80.949791,70.215004
0.1598240,3.349488,9.065644,1.582567,9.793339,80.700439,69.722214
0.1696800,3.436877,9.124303,1.557428,9.873733,80.924576,69.359978
0.1797420,3.506308,9.212888,1.535880,9.976494,81.144096,69.163811
0.1897530,3.497929,9.272743,1.550246,10.031078,81.109634,69.332169
0.1998060,3.406949,9.244013,1.641225,9.987627,80.541924,69.768265
0.2097710,3.298013,9.162610,1.680730,9.882063,80.207596,70.204041
0.2202420,3.337517,9.252393,1.655591,9.974306,80.445511,70.164642
0.2297900,3.313575,9.290700,1.601721,9.993118,80.776711,70.370964
0.2398680,3.256114,9.273940,1.526304,9.946751,81.173233,70.653641
0.2498410,3.202245,9.156625,1.527501,9.819950,81.051262,70.724304
0.2597180,3.220201,9.050082,1.606509,9.739330,80.505630,70.413422
0.2701080,3.366248,9.153033,1.708263,9.900899,80.064690,69.807793
0.2799080,3.550601,9.294291,1.734599,10.099477,80.110336,69.092163
0.2899160,3.633201,9.317036,1.673547,10.139431,80.499664,68.696579
0.2999370,3.641581,9.269152,1.598130,10.086243,80.883263,68.551575
0.3099530,3.519476,9.093178,1.636437,9.886887,80.472794,68.841278
0.3205010,3.457227,9.058462,1.642422,9.833906,80.385620,69.110283
0.3298300,3.410540,9.145850,1.561020,9.885097,80.914017,69.549225
0.3398980,3.281253,9.187749,1.394622,9.855268,81.864746,70.346649
0.3497820,3.141193,9.145850,1.286883,9.755498,82.419815,71.044685
0.3599140,3.063381,9.052477,1.276109,9.641582,82.394310,71.304054
0.3699600,3.130419,8.960299,1.362301,9.588657,81.832108,70.742348
0.3798840,3.344700,8.991425,1.443704,9.701393,81.441795,69.595413
0.3899180,3.562572,9.069236,1.499967,9.858644,81.248604,68.554138
0.3997720,3.675100,9.115923,1.508347,9.943918,81.275391,68.043091
0.4099960,3.707421,9.214086,1.472434,10.040538,81.567223,68.081894
0.4198170,3.647566,9.273940,1.414973,10.065429,81.918732,68.529610
0.4297710,3.496732,9.211691,1.375469,9.948583,82.052956,69.213379
0.4400090,3.354277,9.108741,1.346738,9.799696,82.101044,69.783867
0.4498530,3.266888,9.026140,1.333570,9.691345,82.090759,70.102966
0.4599570,3.184288,8.919599,1.328782,9.563713,82.013489,70.353485
0.4698320,3.157952,8.791509,1.361104,9.440122,81.710037,70.241470
0.4798680,3.266888,8.763975,1.468843,9.467698,81.074936,69.556389
0.4897590,3.446453,8.895657,1.559822,9.666633,80.714066,68.822083
0.4998730,3.614048,9.068039,1.552640,9.884400,80.962563,68.270355
0.5097850,3.772065,9.252393,1.549049,10.111122,81.187439,67.820000
0.5199810,3.863045,9.357738,1.604115,10.250051,80.996300,67.568275
0.5298610,3.879804,9.340978,1.654393,10.249085,80.710754,67.444298
0.5399200,3.812766,9.163807,1.739388,10.076607,80.060020,67.409370
0.5498610,3.767276,9.016563,1.857901,9.946988,79.235062,67.323982
0.5600450,3.780444,9.132683,1.909376,10.066944,79.066597,67.513046
0.5698910,3.714604,9.228451,1.897405,10.127326,79.201538,68.074402
0.5799990,3.673903,9.424775,1.831564,10.280008,79.736954,68.703506
0.5903470,3.451242,9.366117,1.689109,10.123652,80.395401,69.772087
0.6000720,3.256114,9.265560,1.525106,9.938754,81.173058,70.637444
0.6100550,3.278859,9.329007,1.441309,9.992930,81.707138,70.634995
0.6202300,3.411737,9.350554,1.460463,10.060108,81.652664,69.954491
0.6302090,3.525462,9.185355,1.551443,9.960251,81.038925,69.002533
0.6401590,3.648763,9.078813,1.644817,9.921882,80.457642,68.104866
0.6497909,3.666720,9.034520,1.691504,9.895886,80.158104,67.909897
0.6598260,3.554192,8.987833,1.675941,9.809292,80.162613,68.423935
0.6697420,3.391387,8.973468,1.602918,9.725944,80.513893,69.296669
0.6803230,3.324349,8.989030,1.537078,9.706522,80.888565,69.704453
0.6898670,3.353080,9.038112,1.487996,9.754216,81.225327,69.645477
0.6998800,3.377022,8.998607,1.465251,9.722457,81.332047,69.429756
0.7099630,3.390190,8.923190,1.452083,9.655322,81.350357,69.196701
0.7199939,3.415329,8.900445,1.482011,9.647733,81.163673,69.006912
0.7297900,3.442862,8.930372,1.507150,9.688981,81.051132,68.917213
0.7398300,3.406949,8.960299,1.513135,9.704836,81.030098,69.181839
0.7499270,3.360262,8.961497,1.487996,9.685759,81.162811,69.445633
0.7601050,3.412935,8.999804,1.497573,9.741013,81.156334,69.232109
0.7698660,3.537433,9.084799,1.541866,9.870378,81.012939,68.725090
0.7798410,3.694253,9.157822,1.614889,10.006052,80.712341,68.030914
0.7899749,3.843891,9.235633,1.705869,10.148025,80.322716,67.402817
0.7998620,3.861847,9.247604,1.764527,10.175736,80.014130,67.334335
0.8098640,3.514688,9.015367,1.781286,9.838844,79.569290,68.701416
0.8198799,3.335123,8.932767,1.734599,9.691553,79.689613,69.526459
0.8297890,3.263297,8.924387,1.673547,9.648552,80.011497,69.914520
0.8398240,3.286042,8.977059,1.625663,9.696826,80.348846,69.894905
0.8498920,3.377022,9.033323,1.612495,9.777799,80.507767,69.502220
0.8602270,3.485958,9.038112,1.610101,9.819969,80.563065,68.908607
0.8697850,3.624821,9.041702,1.678335,9.884762,80.224380,68.154137
0.8800760,3.714604,9.075222,1.754950,9.961817,79.853386,67.740089
0.8898950,3.761291,9.125500,1.793257,10.031840,79.702660,67.599831
0.8998500,3.707421,9.118318,1.810017,10.008239,79.580574,67.873810
0.9097589,3.624821,9.053674,1.787272,9.914770,79.614891,68.180305
0.9202020,3.533842,8.996213,1.763330,9.824928,79.660812,68.554390
0.9299269,3.466804,8.950723,1.733402,9.753915,79.763397,68.827560
0.9399459,3.442862,8.948329,1.719037,9.740687,79.835205,68.955811
0.9500080,3.479972,9.002198,1.714248,9.802470,79.928368,68.865036
0.9599590,3.518279,9.012972,1.715446,9.826225,79.945885,68.676453
0.9699780,3.561375,9.011775,1.725022,9.842316,79.905869,68.436501
0.9800040,3.615245,9.008183,1.747767,9.862659,79.792679,68.132980
0.9899340,3.659537,9.033323,1.764527,9.904882,79.738144,67.946381
0.9998500,3.652355,9.056067,1.771709,9.924263,79.716263,68.035545
1.0097730,3.592500,9.046491,1.765724,9.892565,79.718185,68.341217
1.0198890,3.536236,9.023746,1.752556,9.849082,79.750145,68.600723
1.0298749,3.520674,9.051279,1.744176,9.867267,79.818680,68.745476
1.0398300,3.469198,9.071630,1.703475,9.860611,80.051933,69.072006
1.0498930,3.399766,9.032125,1.669956,9.794205,80.182846,69.373245
1.0598949,3.379416,8.963891,1.661576,9.722789,80.160141,69.343399
1.0698889,3.465607,8.939949,1.709460,9.739372,79.891045,68.810982
1.0799869,3.604471,8.998607,1.789666,9.857487,79.539711,68.170998
1.0902140,3.683479,9.040505,1.833959,9.932882,79.360146,67.831970
1.0999920,3.688268,9.015367,1.849521,9.914680,79.248856,67.750084
1.1098319,3.658340,9.011775,1.868674,9.903913,79.124214,67.905251
1.1199830,3.617639,9.033323,1.843535,9.903881,79.272240,68.175034
1.1300470,3.557784,9.047688,1.818396,9.890656,79.405914,68.533974
1.1399559,3.514688,9.038112,1.784877,9.860339,79.571068,68.750229
1.1500700,3.493140,9.017760,1.775301,9.832279,79.597717,68.825508
1.1599869,3.514688,9.029732,1.790863,9.853745,79.528618,68.732269
1.1698669,3.562572,9.045294,1.821988,9.890849,79.384956,68.502541
1.1798310,3.586514,9.065644,1.841141,9.921633,79.305733,68.415459
1.1900209,3.599682,9.054871,1.856703,9.919463,79.211868,68.320152
1.2002400,3.580529,9.045294,1.838747,9.900430,79.296654,68.404144
1.2098010,3.569755,9.035717,1.804031,9.881390,79.480591,68.442436
1.2200350,3.599682,9.035717,1.770512,9.886183,79.683266,68.278465
1.2298360,3.611653,9.058462,1.757344,9.908987,79.784645,68.262589
1.2399470,3.624821,9.053674,1.770512,9.911763,79.710182,68.180305
1.2498540,3.592500,9.027337,1.778892,9.877415,79.624596,68.299530
1.2600780,3.536236,8.975863,1.783680,9.810841,79.524963,68.496964
1.2699449,3.531447,8.936357,1.799243,9.775831,79.394241,68.437187
1.2799939,3.587711,9.003395,1.808819,9.859241,79.428383,68.273499
1.2898459,3.624821,9.056067,1.793257,9.918037,79.583191,68.185532
1.2999090,3.611653,9.059659,1.774103,9.913068,79.690453,68.265190
1.3098559,3.554192,9.058462,1.781286,9.892472,79.626465,68.576866
1.3200349,3.471592,9.021352,1.775301,9.827942,79.593071,68.952301
1.3300370,3.412935,9.006987,1.778892,9.794814,79.536118,69.247261
1.3400259,3.369839,8.967483,1.770512,9.741984,79.528847,69.404572
1.3501730,3.341109,8.905233,1.774103,9.675414,79.434349,69.434669
1.3605230,3.388993,8.881291,1.788469,9.672706,79.344788,69.113754
1.3699419,3.512294,8.930372,1.842338,9.771487,79.132278,68.530403
1.3799130,3.616442,9.022549,1.867477,9.898107,79.124817,68.157967
1.3899640,3.664326,9.089587,1.860295,9.975398,79.252083,68.043938
1.4000130,3.671508,9.136273,1.856703,10.019920,79.321304,68.106750
1.4101800,3.646369,9.151836,1.845930,10.022952,79.387238,68.276161
1.4198500,3.586514,9.161413,1.824382,10.006145,79.494720,68.620628
1.4298660,3.491943,9.131485,1.796848,9.940138,79.585564,69.072800
1.4399400,3.414132,9.065644,1.765724,9.846827,79.669899,69.363571
1.4499239,3.387795,9.035717,1.778892,9.812532,79.555222,69.447281
1.4599921,3.456030,9.040505,1.807622,9.845932,79.421021,69.079002
1.4700729,3.573346,9.085996,1.847127,9.936600,79.286903,68.531250
1.4805670,3.645172,9.100361,1.897405,9.985188,79.045937,68.171310
1.4898840,3.636792,9.091981,1.958457,9.986287,78.690155,68.198593
1.4999150,3.552995,9.047688,1.960851,9.916117,78.594940,68.560242
1.5098890,3.457227,9.048885,1.964442,9.884016,78.536163,69.090088
1.5198410,3.375824,9.020155,1.939303,9.824473,78.615326,69.481461
1.5298020,3.444059,9.155427,1.902193,9.965025,78.995453,69.384865
1.5400900,3.485958,9.311050,1.841141,10.111250,79.508575,69.474640
1.5500460,3.440468,9.308656,1.764527,10.079754,79.918053,69.715752
1.5599040,3.306392,9.162610,1.729811,9.893326,79.930290,70.157661
1.5698370,3.197456,8.942344,1.753753,9.657374,79.537193,70.324799
1.5802180,3.201048,8.801085,1.810017,9.538447,79.061218,70.013138
1.5898939,3.284845,8.810662,1.874660,9.588135,78.724976,69.553230
1.5999430,3.396175,8.936357,1.912967,9.749458,78.684425,69.191193
1.6098119,3.481169,9.105149,1.904588,9.932258,78.944618,69.076660
1.6198410,3.526659,9.208099,1.875857,10.037193,79.228622,69.043396
1.6300110,3.509900,9.228451,1.853112,10.045781,79.369957,69.176453
1.6399740,3.463213,9.163807,1.814805,9.963068,79.504799,69.297272
1.6502559,3.404555,9.076419,1.807622,9.861028,79.437401,69.438988
1.6599540,3.369839,9.020155,1.849521,9.805087,79.127235,69.514816
1.6699619,3.357868,8.987833,1.879448,9.776950,78.916893,69.514236
1.6799020,3.368642,8.989030,1.892616,9.784294,78.846733,69.456497
1.6900899,3.368642,9.009381,1.879448,9.800461,78.943817,69.499039
1.7000120,3.381810,9.048885,1.863886,9.838345,79.079239,69.507942
1.7101629,3.410540,9.048885,1.850718,9.845774,79.165611,69.348488
1.7198210,3.422511,9.051279,1.847127,9.851453,79.193199,69.287163
1.7299590,3.440468,9.046491,1.865083,9.856690,79.092735,69.177704
1.7404550,3.439271,9.050082,1.866280,9.859796,79.089127,69.191887
1.7499700,3.410540,9.056067,1.861492,9.854404,79.111435,69.363487
1.7599670,3.393781,9.057265,1.853112,9.848138,79.154068,69.458893
1.7699089,3.387795,9.059659,1.821988,9.842470,79.332169,69.497070
1.7804049,3.391387,9.051279,1.810017,9.833784,79.393608,69.459732
1.7899590,3.416526,9.071630,1.800440,9.859447,79.478142,69.362801
1.7998940,3.454833,9.081207,1.823185,9.885757,79.372368,69.171303
1.8097600,3.468001,9.072827,1.890222,9.895260,78.987511,69.081123
1.8198950,3.420117,9.009381,1.893813,9.821033,78.881874,69.212372
1.8297539,3.391387,9.014170,1.900996,9.816850,78.834351,69.382271
1.8398530,3.367445,9.029732,1.867477,9.816477,79.033264,69.548080
1.8497980,3.350685,9.041702,1.844732,9.817460,79.169556,69.666237
1.8598620,3.356671,9.047688,1.859098,9.827724,79.095726,69.645264
1.8698560,3.361459,9.065644,1.860295,9.846116,79.109253,69.655670
1.8798320,3.360262,9.069236,1.903390,9.857245,78.866508,69.669716
1.8898480,3.362656,9.054871,1.923741,9.848804,78.736153,69.626801
1.8999530,3.357868,9.056067,1.927332,9.848971,78.715042,69.655899
1.9100770,3.367445,9.075222,1.927332,9.869850,78.739227,69.642166
1.9200718,3.394978,9.125500,1.878251,9.916070,79.081360,69.593185
1.9298160,3.436877,9.181764,1.873463,9.981321,79.181595,69.478348
1.9398620,3.475184,9.229648,1.877054,10.039254,79.223907,69.367439
1.9501190,3.487155,9.217676,1.897405,10.036232,79.102333,69.277786
1.9598320,3.456030,9.175778,1.917756,9.990838,78.933311,69.361259
1.9698670,3.416526,9.114726,1.935712,9.924608,78.752846,69.452202
1.9802350,3.396175,9.069236,1.944092,9.877477,78.648895,69.470482
1.9899999,3.385401,9.054871,1.935712,9.858935,78.676933,69.500420
1.9999679,3.385401,9.066842,1.926135,9.868057,78.744240,69.525246
2.0099978,3.388993,9.080010,1.910573,9.878367,78.848160,69.532585
2.0199740,3.412935,9.091981,1.899799,9.895528,78.931313,69.424942
2.0298600,3.415329,9.080010,1.885434,9.882607,79.001511,69.386856
2.0400760,3.412935,9.053674,1.881842,9.856899,78.993736,69.345222
2.0499339,3.367445,9.015367,1.889025,9.807391,78.894722,69.518196
2.0599620,3.338714,8.995016,1.878251,9.776766,78.923836,69.636391
2.0698988,3.324349,9.026140,1.833959,9.792135,79.205391,69.781128
2.0803421,3.332729,9.059659,1.819593,9.823209,79.325218,69.803215
2.0901361,3.347094,9.088389,1.808819,9.852598,79.421173,69.782135
2.0999861,3.325546,9.081207,1.787272,9.834730,79.529419,69.887222
2.1113119,3.287239,9.074024,1.786075,9.814984,79.515221,70.086113
2.1198850,3.265691,9.084799,1.789666,9.818412,79.497612,70.228134
2.1299911,3.259706,9.118318,1.788469,9.847234,79.535782,70.328552
2.1399150,3.271677,9.143456,1.780089,9.872962,79.612801,70.311966
2.1502011,3.286042,9.165004,1.790863,9.899624,79.577690,70.275093
2.1598639,3.292027,9.155427,1.801637,9.894705,79.509010,70.222878
2.1699450,3.288436,9.118318,1.800440,9.858961,79.477615,70.168633
2.1801190,3.320758,9.081207,1.823185,9.839704,79.322044,69.913872
2.1899388,3.337517,9.056067,1.849521,9.827111,79.151894,69.769173
2.2025778,3.374627,9.040505,1.857901,9.827036,79.102058,69.530472
2.2115378,3.396175,9.017760,1.883040,9.818342,78.942856,69.363144
2.2202029,3.405752,9.011775,1.902193,9.819856,78.830688,69.297295
2.2299781,3.402161,9.009381,1.929727,9.821787,78.669151,69.312248
2.2399259,3.394978,9.036914,1.916559,9.841996,78.770889,69.409859
2.2498407,3.360262,9.051279,1.878251,9.835896,78.991257,69.632698
2.2599790,3.327940,9.068039,1.837550,9.832655,79.229103,69.847031
2.2704010,3.296816,9.091981,1.808819,9.838950,79.406334,70.069000
2.2799048,3.300407,9.111135,1.794454,9.855228,79.508980,70.087646
2.2900531,3.326743,9.137471,1.802834,9.889935,79.496841,69.994598
2.2999148,3.339911,9.138668,1.804031,9.895695,79.495972,69.924149
2.3098931,3.349488,9.141062,1.844732,9.908639,79.270401,69.876045
2.3199279,3.307590,9.136273,1.833959,9.888126,79.311417,70.098312
2.3300159,3.311181,9.150639,1.825579,9.901052,79.374878,70.107216
2.3400052,3.337517,9.162610,1.824382,9.920727,79.403229,69.985641
2.3502688,3.357868,9.175778,1.844732,9.943501,79.308464,69.899948
2.3603001,3.378219,9.165004,1.884237,9.947864,79.081573,69.766121
2.3699589,3.366248,9.154230,1.914164,9.939596,78.896629,69.810219
2.3798459,3.357868,9.136273,1.942895,9.925805,78.711945,69.820030
2.3899078,3.345897,9.138668,1.956063,9.926554,78.635284,69.891045
2.3999591,3.332729,9.138668,1.924938,9.916033,78.806458,69.963882
2.4099200,3.337517,9.117120,1.889025,9.890870,78.989624,69.893761
2.4203031,3.336320,9.095572,1.861492,9.865375,79.123688,69.856606
2.4298449,3.327940,9.046491,1.845930,9.814359,79.158974,69.802902
2.4398808,3.325546,9.023746,1.825579,9.788769,79.251556,69.769501
2.4499230,3.330335,9.026140,1.804031,9.788609,79.379730,69.747673
2.4599009,3.339911,9.082404,1.770512,9.837671,79.631828,69.809792
2.4699750,3.408146,9.175778,1.728614,9.939742,79.984810,69.623566
2.4798551,3.453636,9.242816,1.708263,10.013762,80.177788,69.511482
2.4904580,3.472790,9.255983,1.698686,10.030904,80.250244,69.434212
2.4998970,3.440468,9.216479,1.708263,9.984912,80.149124,69.529633
2.5102289,3.400964,9.139865,1.739388,9.906015,79.887062,69.589661
2.5200438,3.380613,9.063251,1.790863,9.837593,79.511230,69.544373
2.5299258,3.367445,9.004593,1.806425,9.781898,79.358093,69.495728
2.5398619,3.350685,8.959103,1.827973,9.738280,79.180824,69.494308
2.5498838,3.323152,8.932767,1.853112,9.709361,78.997124,69.593880
2.5598969,3.301604,8.924387,1.872266,9.697971,78.868729,69.697891
2.5698800,3.292027,8.930372,1.851915,9.696318,78.989342,69.764465
2.5797701,3.319561,8.993818,1.820790,9.758255,79.246170,69.741219
2.5899608,3.362656,9.058462,1.813608,9.831194,79.369484,69.634209
2.5999019,3.402161,9.119514,1.800440,9.898577,79.520210,69.541275
2.6098769,3.430891,9.144653,1.801637,9.931848,79.548683,69.434914
2.6198759,3.427300,9.126697,1.798046,9.913423,79.550148,69.417603
2.6299651,3.394978,9.075222,1.788469,9.853129,79.542114,69.489525
2.6397707,3.331532,9.042900,1.782483,9.800530,79.520935,69.775490
2.6498430,3.287239,9.068039,1.781286,9.808580,79.536743,70.074005
2.6597929,3.313575,9.156625,1.780089,9.899105,79.640533,70.105957
2.6697829,3.377022,9.228451,1.788469,9.988354,79.685257,69.900612
2.6799738,3.415329,9.258378,1.816002,10.033937,79.572807,69.751457
2.6900358,3.435679,9.218874,1.832761,10.007524,79.447388,69.560638
2.6998949,3.418920,9.139865,1.866280,9.935248,79.172989,69.490845
2.7100101,3.394978,9.080010,1.895011,9.877425,78.939072,69.499443
2.7198200,3.369839,9.042900,1.928530,9.841193,78.698898,69.562080
2.7298141,3.339911,9.022549,1.933318,9.813211,78.637733,69.686768
2.7404108,3.339911,9.062054,1.915361,9.846037,78.782661,69.768127
2.7500169,3.366248,9.111135,1.868674,9.891225,79.110092,69.722481
2.7598147,3.408146,9.173384,1.835156,9.956617,79.378792,69.618683
2.7698171,3.466804,9.197326,1.819593,9.996021,79.511871,69.346764
2.7797759,3.491943,9.202114,1.824382,10.010042,79.498856,69.219658
2.7897789,3.463213,9.169792,1.829170,9.971198,79.429489,69.309639
2.7997599,3.426103,9.108741,1.823185,9.901078,79.389000,69.387039
2.8099599,3.386598,9.029732,1.859098,9.821474,79.088699,69.441460
2.8207901,3.309984,8.997410,1.866280,9.766902,78.984062,69.802345
2.8303638,3.265691,9.034520,1.826776,9.778773,79.233307,70.126694
2.8398740,3.275268,9.087193,1.775301,9.821209,79.585861,70.179482
2.8499770,3.295619,9.143456,1.719037,9.870106,79.969872,70.179077
2.8599098,3.317167,9.185355,1.677138,9.908942,80.255493,70.143501
2.8698118,3.335123,9.178172,1.707066,9.913424,80.084396,70.030098
2.8801589,3.338714,9.126697,1.768118,9.877745,79.688469,69.906548
2.8898699,3.318364,9.083601,1.831564,9.842661,79.275642,69.932060
2.8999548,3.311181,9.065644,1.855506,9.828160,79.117538,69.935532
2.9097810,3.321955,9.065644,1.863886,9.833380,79.073662,69.875481
2.9198849,3.357868,9.075222,1.848324,9.851459,79.186119,69.695328
2.9297321,3.396175,9.106346,1.855506,9.894567,79.191452,69.547203
2.9397917,3.440468,9.145850,1.857901,9.946617,79.234657,69.384804
2.9497089,3.478775,9.169792,1.874660,9.985055,79.178696,69.224586
2.9598188,3.469198,9.131485,1.891419,9.949715,79.041504,69.197411
2.9700530,3.392584,9.084799,1.895011,9.881005,78.943130,69.522598
2.9798169,3.339911,9.042900,1.857901,9.817374,79.091202,69.728760
2.9897058,3.307590,9.056067,1.830367,9.813396,79.250397,69.936058
2.9998078,3.319561,9.077616,1.801637,9.832013,79.441353,69.913223
3.0098197,3.317167,9.115923,1.795651,9.865496,79.512947,70.004204
3.0202169,3.311181,9.138668,1.780089,9.881695,79.622086,70.083206
3.0304260,3.323152,9.139865,1.775301,9.885959,79.654823,70.019302
3.0400598,3.362656,9.108741,1.784877,9.872305,79.583847,69.737465
3.0499289,3.408146,9.072827,1.837550,9.864494,79.264282,69.411652
3.0598400,3.448848,9.047688,1.898602,9.867112,78.906120,69.133881
3.0699399,3.496732,9.040505,1.948880,9.887163,78.631866,68.854279
3.0798888,3.544616,9.060856,1.976413,9.928224,78.517410,68.634514
3.0899909,3.586514,9.095572,1.989582,9.977523,78.497749,68.479973
3.0998578,3.611653,9.109938,1.984793,9.998720,78.550468,68.374046
3.1099069,3.580529,9.100361,1.962048,9.974286,78.655327,68.522888
3.1199160,3.520674,9.060856,1.917756,9.908180,78.839806,68.765938
3.1297557,3.420117,9.011775,1.890222,9.822536,78.904945,69.217422
3.1398971,3.324349,8.998607,1.883040,9.776096,78.894470,69.724289
3.1498728,3.274071,9.002198,1.843535,9.754883,79.106392,70.013832
3.1599510,3.248932,9.027337,1.783680,9.758580,79.468231,70.206238
3.1697400,3.281253,9.038112,1.754950,9.774146,79.656441,70.046761
3.1798840,3.318364,9.063251,1.756147,9.810102,79.687660,69.890610
3.1898670,3.351882,9.090784,1.794454,9.853808,79.507446,69.760460
3.2001610,3.384204,9.109938,1.825579,9.888203,79.360909,69.620728
3.2098339,3.430891,9.119514,1.844732,9.916632,79.279152,69.382988
3.2198739,3.447650,9.109938,1.879448,9.920160,79.078880,69.270882
3.2304158,3.463213,9.103952,1.880645,9.920314,79.072006,69.172806
3.2401359,3.454833,9.062054,1.906982,9.883990,78.875801,69.131065
3.2501707,3.435679,9.029732,1.922544,9.850692,78.745438,69.168922
3.2600031,3.404555,9.003395,1.929727,9.817126,78.663704,69.286331
3.2699080,3.378219,8.979453,1.924938,9.785107,78.654709,69.382874
3.2799730,3.356671,8.981848,1.885434,9.772190,78.875664,69.508423
3.2898748,3.347094,9.016563,1.873463,9.798536,78.977280,69.634262
3.2999768,3.366248,9.063251,1.833959,9.840607,79.259193,69.624138
3.3103919,3.416526,9.136273,1.824382,9.923331,79.406044,69.496628
3.3201149,3.539827,9.166202,1.874660,10.003198,79.198555,68.884308
3.3315578,3.544616,9.108741,1.905785,9.958186,78.966743,68.736778
3.3407929,3.547010,9.059659,1.934515,9.919730,78.754288,68.618813
3.3499749,3.539827,9.026140,1.956063,9.890792,78.593643,68.586128
3.3600948,3.517082,9.024943,1.964442,9.883244,78.535255,68.708794
3.3700070,3.497929,9.060856,1.939303,9.904318,78.708313,68.890999
3.3800478,3.463213,9.070433,1.917756,9.896686,78.826675,69.102478
3.3901649,3.420117,9.078813,1.872266,9.880659,79.077095,69.357895
3.3999329,3.366248,9.064447,1.854309,9.845522,79.144051,69.626602
3.4098668,3.318364,9.054871,1.833959,9.816600,79.232613,69.873489
3.4203408,3.299210,9.040505,1.818396,9.793983,79.300117,69.951134
3.4299698,3.305195,9.028535,1.808819,9.783178,79.345238,69.893166
3.4398971,3.338714,9.014170,1.824382,9.784204,79.253624,69.676117
3.4522998,3.360262,8.981848,1.839944,9.764750,79.138992,69.488319
3.4606729,3.379416,8.957906,1.887828,9.758505,78.845535,69.330757
3.4707320,3.388993,8.938752,1.950077,9.756503,78.470375,69.236534
3.4803908,3.398569,8.930372,1.974019,9.756975,78.327415,69.165024
3.4899650,3.380613,8.933964,1.956063,9.750407,78.427170,69.273354
3.5002370,3.371036,8.963891,1.918953,9.767170,78.669411,69.390305
3.5100510,3.374627,8.991425,1.880645,9.786248,78.920418,69.428070
3.5198619,3.386598,9.030929,1.872266,9.825075,79.014534,69.443954
3.5300269,3.405752,9.078813,1.865083,9.874336,79.112465,69.437332
3.5402720,3.426103,9.137471,1.874660,9.937098,79.125832,69.446426
3.5498998,3.445256,9.173384,1.885434,9.978759,79.108795,69.415283
3.5601809,3.446453,9.178172,1.891419,9.984706,79.080383,69.418571
3.5697978,3.426103,9.159019,1.911770,9.963968,78.938164,69.490746
3.5798798,3.378219,9.117120,1.933318,9.913221,78.753860,69.668533
3.5899818,3.333926,9.064447,1.954866,9.853972,78.557556,69.806351
3.6000528,3.295619,9.018958,1.968034,9.801829,78.417290,69.927185
3.6098728,3.284845,9.021352,2.005144,9.807936,78.203224,69.992477
3.6202888,3.311181,9.036914,2.011129,9.832313,78.197258,69.876854
3.6305509,3.359065,9.059659,2.029086,9.873091,78.140244,69.656647
3.6403167,3.421314,9.066842,2.013524,9.897842,78.262360,69.326324
3.6499200,3.470395,9.085996,1.984793,9.926650,78.466202,69.095650
3.6608589,3.494337,9.106346,1.951274,9.947030,78.687126,69.006920
3.6706820,3.478775,9.108741,1.917756,9.937244,78.872864,69.097336
3.6800261,3.446453,9.115923,1.879448,9.925241,79.084534,69.289917
3.6907539,3.404555,9.103952,1.857901,9.895693,79.178589,69.495987
3.7005968,3.353080,9.072827,1.805228,9.839623,79.428337,69.717010
3.7100008,3.317167,9.076419,1.786075,9.827260,79.528465,69.924118
3.7206860,3.317167,9.087193,1.801637,9.840049,79.450073,69.946022
3.7312670,3.326743,9.101558,1.802834,9.856764,79.461090,69.921951
3.7399080,3.344700,9.090784,1.802834,9.852898,79.456909,69.800316
3.7501287,3.374627,9.081207,1.827973,9.858900,79.314758,69.614655
3.7603021,3.393781,9.060856,1.848324,9.850540,79.185097,69.466354
3.7699020,3.406949,9.048885,1.859098,9.846109,79.116333,69.368401
3.7799258,3.404555,9.006987,1.887828,9.812273,78.907440,69.293884
3.7899420,3.414132,9.001001,1.899799,9.812419,78.836365,69.227974
3.7999947,3.434482,9.012972,1.880645,9.826808,78.966721,69.140160
3.8100710,3.462016,9.035717,1.893813,9.859831,78.926178,69.035774
3.8206997,3.515885,9.101558,1.883040,9.937084,79.076614,68.878708
3.8300200,3.521871,9.108741,1.865083,9.942398,79.187897,68.861137
3.8400581,3.502717,9.100361,1.850718,9.925259,79.253418,68.948349
3.8500619,3.475184,9.072827,1.824382,9.885417,79.364937,69.041557
3.8602469,3.456030,9.081207,1.810017,9.883756,79.447845,69.164703
3.8701398,3.441665,9.087193,1.805228,9.883368,79.475662,69.256416
3.8801930,3.429694,9.113529,1.794454,9.901479,79.558533,69.377182
3.8905468,3.432088,9.120711,1.789666,9.908052,79.593697,69.378876
3.8999729,3.438074,9.090784,1.817199,9.887614,79.409676,69.283714
3.9098318,3.417723,9.046491,1.857901,9.847417,79.124893,69.303665
3.9208989,3.422511,9.011775,1.878251,9.821074,78.974434,69.204117
3.9300008,3.423708,9.008183,1.896208,9.821647,78.868340,69.189880
3.9405119,3.435679,9.033323,1.903390,9.850265,78.858513,69.176491
3.9501100,3.465607,9.045294,1.922544,9.875422,78.773987,69.036201
3.9605889,3.491943,9.033323,1.922544,9.873741,78.772049,68.865372
3.9699540,3.512294,9.042900,1.921347,9.889481,78.797226,68.773659
3.9798319,3.507505,9.047688,1.885434,9.885248,79.004494,68.810249
3.9900310,3.478775,9.069236,1.847127,9.887608,79.233192,69.014198
3.9998877,3.457227,9.090784,1.837550,9.898048,79.301102,69.178177
4.0101328,3.439271,9.094376,1.835156,9.894648,79.311493,69.284607
4.0201368,3.406949,9.068039,1.868674,9.865524,79.081375,69.408318
4.0298438,3.385401,9.028535,1.877054,9.823376,78.984161,69.445618
4.0398798,3.399766,9.023746,1.874660,9.823481,78.998505,69.355713
4.0497751,3.428497,9.042900,1.879448,9.851952,79.002327,69.236435
4.0598769,3.448848,9.085996,1.871069,9.897008,79.102417,69.214317
4.0700917,3.418920,9.131485,1.871069,9.928440,79.137337,69.473595
4.0801630,3.381810,9.123106,1.904588,9.914392,78.924446,69.660950
4.0897751,3.385401,9.077616,1.903390,9.873548,78.885124,69.547531
4.1000547,3.409343,9.021352,1.902193,9.829890,78.842239,69.297455
4.1105490,3.415329,8.993818,1.893813,9.805089,78.863564,69.206139
4.1209831,3.393781,8.998607,1.879448,9.799234,78.942421,69.336273
4.1303940,3.380613,9.014170,1.880645,9.809212,78.946686,69.442291
4.1398830,3.396175,9.038112,1.845930,9.830001,79.176437,69.405708
4.1498790,3.410540,9.038112,1.831564,9.832288,79.264198,69.325951
4.1603208,3.408146,9.024943,1.821988,9.817572,79.304794,69.311646
4.1701350,3.373430,9.014170,1.823185,9.795881,79.273712,69.482323
4.1799231,3.339911,9.018958,1.777695,9.780430,79.527687,69.679337
4.1899118,3.342306,9.004593,1.721431,9.757921,79.839066,69.636185
4.1999207,3.363853,8.999804,1.728614,9.762177,79.800713,69.505783
4.2100291,3.380613,8.985439,1.766921,9.761592,79.571556,69.382080
4.2204618,3.396175,8.993818,1.799243,9.780596,79.399467,69.312851
4.2303820,3.423708,9.023746,1.798046,9.817472,79.446854,69.222702
4.2402802,3.473987,9.063251,1.792060,9.870287,79.539299,69.027939
4.2499461,3.533842,9.094376,1.796848,9.920905,79.565147,68.765144
4.2599468,3.586514,9.137471,1.805228,9.980747,79.579498,68.569687
4.2699146,3.609259,9.156625,1.795651,10.004744,79.660530,68.487167
4.2799625,3.640384,9.160215,1.812411,10.022314,79.581451,68.326508
4.2901368,3.635595,9.142260,1.829170,10.007214,79.467972,68.313805
4.3001218,3.618836,9.093178,1.872266,9.964298,79.169899,68.298798
4.3103390,3.608062,9.035717,1.892616,9.911826,78.992043,68.232628
4.3206577,3.640384,9.046491,1.886631,9.932309,79.050201,68.079735
4.3305840,3.671508,9.065644,1.845930,9.953559,79.312386,67.952477
4.3401189,3.700239,9.088389,1.823185,9.980711,79.474632,67.846840
4.3498569,3.713407,9.105149,1.818396,9.999985,79.523056,67.812599
4.3616261,3.684676,9.089587,1.794454,9.970833,79.631966,67.933678
4.3702369,3.640384,9.053674,1.751359,9.914063,79.825081,68.095474
4.3805890,3.600879,9.038112,1.716643,9.879304,79.993408,68.277138
4.3900738,3.570952,9.034520,1.703475,9.862864,80.054230,68.433273
4.4000101,3.560178,9.029732,1.711854,9.856032,79.997803,68.482033
4.4111109,3.558981,9.054871,1.711854,9.878637,80.020927,68.542885
4.4200668,3.547010,9.053674,1.715446,9.873857,79.994881,68.605957
4.4300151,3.543418,9.041702,1.723825,9.863050,79.934372,68.599922
4.4399581,3.551798,9.029732,1.722628,9.854886,79.933014,68.528061
4.4508958,3.570952,9.052477,1.726219,9.883263,79.941078,68.472137
4.4608083,3.622427,9.094376,1.722628,9.939672,80.019768,68.281860
4.4698730,3.657143,9.111135,1.709460,9.965426,80.122681,68.129829
4.4799485,3.670311,9.088389,1.701080,9.948050,80.154243,68.008865
4.4898233,3.641581,9.042900,1.726219,9.900251,79.958519,68.065331
4.4999528,3.610456,8.990228,1.759738,9.846638,79.705101,68.119713
4.5117488,3.564966,8.979453,1.768118,9.821701,79.628983,68.346237
4.5202255,3.542221,8.989030,1.735796,9.816464,79.815125,68.492561
4.5300918,3.547010,9.027337,1.695095,9.846189,80.086716,68.549210
4.5398450,3.537433,9.024943,1.673547,9.836859,80.204613,68.596718
4.5502887,3.508703,8.998607,1.659182,9.799939,80.252571,68.698387
4.5600357,3.488352,8.991425,1.661576,9.786478,80.224808,68.795525
4.5700240,3.509900,9.029732,1.673547,9.831389,80.199104,68.758659
4.5799389,3.539827,9.070433,1.671153,9.879063,80.260956,68.681290
4.5898962,3.584120,9.105149,1.672350,9.927054,80.301483,68.513588
4.6000519,3.617639,9.103952,1.703475,9.943394,80.135590,68.328606
4.6113868,3.622427,9.058462,1.739388,9.909752,79.890915,68.203812
4.6203070,3.617639,8.990228,1.775301,9.852066,79.618835,68.080307
4.6302266,3.592500,8.950723,1.775301,9.806793,79.570381,68.131241
4.6403127,3.587711,8.951921,1.788469,9.808526,79.494019,68.160294
4.6500697,3.582923,8.987833,1.795651,9.840876,79.486412,68.265724
4.6607318,3.585317,9.032125,1.801637,9.883304,79.496773,68.349312
4.6700268,3.591303,9.053674,1.786075,9.902349,79.608757,68.363358
4.6807089,3.576937,9.070433,1.760935,9.907983,79.762497,68.478134
4.6899538,3.567361,9.100361,1.736993,9.927728,79.923447,68.594719
4.7000608,3.562572,9.148245,1.713051,9.965784,80.102081,68.722725
4.7099676,3.597288,9.170990,1.697489,9.996449,80.223274,68.582581
4.7200017,3.622427,9.169792,1.705869,10.005851,80.183861,68.444038
4.7301068,3.629610,9.130288,1.720234,9.974740,80.069176,68.320442
4.7402430,3.597288,9.059659,1.748964,9.903372,79.828049,68.343628
4.7499428,3.552995,8.972271,1.786075,9.814045,79.514206,68.396568
4.7598886,3.517082,8.931569,1.807622,9.767819,79.335434,68.506424
4.7704158,3.509900,8.931569,1.798046,9.763468,79.387802,68.546326
4.7813926,3.594894,8.951921,1.763330,9.806603,79.641281,68.120689
4.7910619,3.594894,8.971074,1.750161,9.821736,79.735497,68.163010
4.7999892,3.647566,8.985439,1.750161,9.854234,79.769707,67.905708
4.8104224,3.682282,9.002198,1.781286,9.887960,79.621681,67.753349
4.8200645,3.678691,8.980651,1.799243,9.870265,79.496872,67.724815
4.8298578,3.669114,8.984241,1.793257,9.868879,79.530724,67.785172
4.8399119,3.667917,8.967483,1.806425,9.855583,79.438576,67.754250
4.8506289,3.672705,8.953117,1.792060,9.841674,79.508545,67.695808
4.8598881,3.672705,8.955511,1.799243,9.845162,79.469788,67.701187
4.8703609,3.683479,8.947132,1.789666,9.839822,79.520721,67.623337
4.8799686,3.687071,8.951921,1.794454,9.846392,79.499458,67.614471
4.8903298,3.659537,8.931569,1.775301,9.814114,79.578247,67.719589
4.8998919,3.616442,8.932767,1.754950,9.795551,79.679291,67.959373
4.9113913,3.580529,8.947132,1.727417,9.790573,79.837723,68.189339
4.9209347,3.564966,8.960299,1.685518,9.789634,80.085770,68.304245
4.9301171,3.570952,8.989030,1.679533,9.817086,80.149231,68.334221
4.9404459,3.588908,9.005790,1.711854,9.844540,79.986008,68.272163
4.9499698,3.596091,9.003395,1.736993,9.849373,79.842438,68.227493
4.9605017,3.600879,8.984241,1.748964,9.835741,79.757355,68.159111
4.9698157,3.629610,8.998607,1.745373,9.858768,79.802742,68.033195
4.9798503,3.665523,9.012972,1.748964,9.885777,79.809753,67.868713
4.9898586,3.667917,8.997410,1.760935,9.874608,79.727516,67.821060
5.0001845,3.671508,8.971074,1.768118,9.853243,79.662552,67.742645
5.0098848,3.665523,8.937555,1.777695,9.822227,79.572746,67.700195
5.0197988,3.652355,8.919599,1.786075,9.802500,79.501717,67.732117
5.0300536,3.645172,8.906430,1.781286,9.786969,79.513382,67.741982
5.0405526,3.639187,8.921992,1.763330,9.795660,79.629585,67.809967
5.0501947,3.616442,8.956709,1.721431,9.811453,79.895088,68.012672
5.0598221,3.594894,8.981848,1.685518,9.820276,80.117020,68.186745
5.0699539,3.567361,8.983045,1.672350,9.809072,80.183685,68.340904
5.0797749,3.527856,8.983045,1.651999,9.791321,80.286552,68.558876
5.0897689,3.506308,9.012972,1.644817,9.809856,80.347633,68.742516
5.0997949,3.503914,9.028535,1.647211,9.823704,80.347206,68.789101
5.1100316,3.505111,9.034520,1.678335,9.834895,80.174324,68.795303
5.1206307,3.508703,9.032125,1.699883,9.837677,80.049744,68.770386
5.1298895,3.519476,9.020155,1.721431,9.834289,79.918793,68.685310
5.1404819,3.526659,8.996213,1.734599,9.817230,79.823021,68.594032
5.1498909,3.543418,9.003395,1.768118,9.835812,79.644028,68.517151
5.1601858,3.578135,9.030929,1.788469,9.877213,79.567902,68.386086
5.1705651,3.643975,9.052477,1.804031,9.923730,79.525986,68.073288
5.1803193,3.699042,9.065644,1.843535,9.963305,79.336975,67.803139
5.1900978,3.757699,9.063251,1.854309,9.985053,79.297562,67.480698
5.1999550,3.763685,9.060856,1.867477,9.987588,79.223419,67.443047
5.2100186,3.728969,9.064447,1.859098,9.976255,79.260017,67.638512
5.2202606,3.708618,9.064447,1.838747,9.964890,79.366707,67.748619
5.2304211,3.672705,9.062054,1.800440,9.942392,79.566910,67.938072
5.2403946,3.665523,9.063251,1.763330,9.934178,79.775749,67.979721
5.2498150,3.647566,9.047688,1.748964,9.910816,79.835770,68.043221
5.2600107,3.642778,9.028535,1.725022,9.887364,79.952339,68.027214
5.2700267,3.640384,9.020155,1.699883,9.874472,80.087196,68.021820
5.2806468,3.633201,9.034520,1.693898,9.883925,80.131989,68.092644
5.2903647,3.634398,9.059659,1.674744,9.904092,80.264725,68.141182
5.3008742,3.632004,9.066842,1.689109,9.912223,80.188530,68.169899
5.3100882,3.632004,9.048885,1.689109,9.895801,80.172089,68.130669
5.3203349,3.604471,8.957906,1.733402,9.810248,79.822807,68.081192
5.3298726,3.555390,8.911219,1.733402,9.749631,79.758850,68.249039
5.3402090,3.544616,8.902839,1.736993,9.738685,79.725739,68.290306
5.3551278,3.550601,8.912416,1.713051,9.745381,79.875900,68.278244
5.3708749,3.621230,9.034520,1.654393,9.872835,80.353424,68.158020
5.3799939,3.655946,9.048885,1.640028,9.896360,80.460915,68.000221
5.3901701,3.666720,9.059659,1.640028,9.910194,80.474358,67.965324
5.3997250,3.667917,9.040505,1.655591,9.895723,80.368919,67.916603
5.4097686,3.642778,9.021352,1.656788,9.869122,80.335655,68.011383
5.4198756,3.610456,9.026140,1.653196,9.861017,80.348808,68.198593
5.4297199,3.581726,9.040505,1.651999,9.863499,80.358315,68.387199
5.4400740,3.557784,9.038112,1.638831,9.850434,80.423088,68.513298
5.4497676,3.550601,9.026140,1.648408,9.838456,80.354752,68.526878
5.4598689,3.562572,9.006987,1.661576,9.827439,80.265945,68.419502
5.4699845,3.585317,8.997410,1.673547,9.828970,80.196671,68.273544
5.4801869,3.615245,8.992621,1.685518,9.837591,80.134583,68.098717
5.4900699,3.637990,9.002198,1.681927,9.854107,80.172478,67.995262
5.4999719,3.659537,9.014170,1.698686,9.875880,80.095673,67.904022
5.5103369,3.677494,9.009381,1.717840,9.881493,79.988594,67.795456
5.5199757,3.667917,9.018958,1.747767,9.891912,79.823181,67.868935
5.5299931,3.689465,9.044097,1.740585,9.921566,79.896057,67.807404
5.5405669,3.699042,9.062054,1.732205,9.940033,79.964081,67.795197
5.5498700,3.699042,9.053674,1.727417,9.931561,79.983482,67.776649
5.5599842,3.694253,9.024943,1.732205,9.904426,79.927628,67.738846
5.5705462,3.677494,9.002198,1.750161,9.880617,79.797318,67.779465
5.5800548,3.653552,8.959103,1.774103,9.836738,79.609573,67.814201
5.5899100,3.636792,8.953117,1.744176,9.819711,79.768845,67.892815
5.6007919,3.647566,8.977059,1.719037,9.841108,79.940010,67.887070
5.6098728,3.700239,9.039309,1.707066,9.915389,80.086380,67.738274
5.6199584,3.738546,9.056067,1.689109,9.941940,80.218147,67.568077
5.6306047,3.748123,9.096769,1.715446,9.987111,80.109489,67.606972
5.6401129,3.745728,9.096769,1.722628,9.987449,80.068001,67.619865
5.6510992,3.736152,9.059659,1.735796,9.952349,79.955635,67.589027
5.6600685,3.700239,9.022549,1.752556,9.908057,79.811813,67.700966
5.6699338,3.655946,8.999804,1.768118,9.873635,79.684135,67.891777
5.6800089,3.633201,9.011775,1.751359,9.873170,79.782486,68.042603
5.6903477,3.620033,9.028535,1.768118,9.886623,79.697830,68.151451
5.6998539,3.616442,9.023746,1.772906,9.881794,79.664520,68.160599
5.7100515,3.604471,8.985439,1.776498,9.843082,79.602173,68.142021
5.7199106,3.593697,8.960299,1.782483,9.817274,79.539009,68.145821
5.7298179,3.582923,8.950723,1.764527,9.801343,79.628548,68.184059
5.7406578,3.608062,8.971074,1.736993,9.824226,79.816162,68.090576
5.7501988,3.653552,9.008183,1.725022,9.872766,79.937325,67.923439
5.7598896,3.667917,9.027337,1.707066,9.892447,80.063156,67.887497
5.7698832,3.658340,9.014170,1.710657,9.877502,80.026817,67.910553
5.7799850,3.615245,9.009381,1.725022,9.859749,79.923904,68.135612
5.7908249,3.453636,8.799889,1.545457,9.578835,80.715271,68.571800
5.8005428,3.412935,8.386889,1.690306,9.211143,79.425919,67.856781
5.8098421,3.889381,9.282320,1.690306,10.205190,80.466049,67.265854
5.8198838,3.805584,9.507375,1.620875,10.368215,81.005997,68.184906
5.8299627,3.451242,8.980651,1.482011,9.734450,81.243011,68.978355
5.8400116,3.406949,8.773552,1.538275,9.536708,80.717613,68.777794
5.8499579,3.418920,8.732851,1.594538,9.512847,80.350563,68.619606
5.8600402,3.488352,8.817844,1.668759,9.628485,80.019394,68.416176
5.8700380,3.610456,9.026140,1.697489,9.868540,80.095284,68.198593
5.8798389,3.691859,9.148245,1.659182,10.003654,80.452942,68.023003
5.8901381,3.709816,9.083601,1.648408,9.949462,80.463371,67.784500
5.8997016,3.714604,8.955511,1.678335,9.839526,80.178993,67.472099
5.9096632,3.738546,8.854955,1.742979,9.768568,79.721832,67.110619
5.9197469,3.791218,8.884883,1.769315,9.820640,79.620750,66.891846
5.9296827,3.828329,8.966286,1.782483,9.910985,79.639023,66.879005
5.9398546,3.833117,9.101558,1.729811,10.026135,80.065041,67.161629
5.9496875,3.806781,9.212888,1.656788,10.105139,80.563469,67.549507
5.9597259,3.805584,9.338584,1.564611,10.204883,81.180634,67.828522
5.9697299,3.779247,9.345766,1.502362,10.192307,81.523628,67.982544
5.9798388,3.716998,9.214086,1.516727,10.050668,81.320450,68.030663
5.9897428,3.648763,9.027337,1.588553,9.865586,80.733917,67.991913
5.9999871,3.615245,8.876503,1.671153,9.729083,80.109322,67.839790
6.0099359,3.635595,8.822633,1.735796,9.698937,79.690361,67.604614
6.0199609,3.665523,8.848969,1.753753,9.737349,79.624077,67.499115
6.0305171,3.719392,8.930372,1.750161,9.830997,79.745270,67.388863
6.0401268,3.788824,9.029732,1.702277,9.939265,80.138451,67.237358
6.0499439,3.811569,9.097966,1.648408,10.000915,80.512894,67.268883
6.0603747,3.776853,9.111135,1.599327,9.991758,80.789352,67.484451
6.0699549,3.697845,9.048885,1.546654,9.896894,81.009148,67.772530
6.0800838,3.606865,8.967483,1.497573,9.780999,81.192772,68.089218
6.0900140,3.519476,8.905233,1.455675,9.685498,81.356018,68.435356
6.1005111,3.477578,8.870518,1.425747,9.633919,81.489395,68.592941
6.1105628,3.525462,8.876503,1.416170,9.655398,81.565926,68.338615
6.1204796,3.637990,8.939949,1.459266,9.761512,81.402527,67.856812
6.1298628,3.792415,9.050082,1.508347,9.927815,81.261131,67.263992
6.1404276,3.864242,9.127894,1.541866,10.031360,81.158325,67.054909
6.1499677,3.857059,9.125500,1.569399,10.030686,80.998528,67.087761
6.1599517,3.797204,9.029732,1.619677,9.928654,80.611282,67.192162
6.1699882,3.757699,8.929175,1.654393,9.827893,80.308884,67.176994
6.1801867,3.768473,8.969876,1.686715,9.874466,80.164742,67.211487
6.1903257,3.749320,8.978256,1.692701,9.875814,80.130852,67.334587
6.2009358,3.683479,8.933964,1.685518,9.809419,80.105965,67.593613
6.2099671,3.707421,8.986636,1.692701,9.867616,80.122574,67.581490
6.2198200,3.755305,9.080010,1.702277,9.972295,80.171440,67.531021
6.2305317,3.779247,9.103952,1.673547,9.998271,80.364265,67.455605
6.2400889,3.787627,9.050082,1.674744,9.952632,80.312668,67.289787
6.2500825,3.769670,8.987833,1.703475,9.894109,80.085953,67.245880
6.2602758,3.724181,8.965088,1.659182,9.848615,80.301208,67.441551
6.2699170,3.608062,8.850166,1.624466,9.694455,80.353638,67.820114
6.2800279,3.493140,8.724471,1.595735,9.532303,80.363144,68.179619
6.2900605,3.533842,8.760384,1.604115,9.581521,80.362297,68.031395
6.2999949,3.646369,8.871715,1.584962,9.721905,80.617188,67.656815
6.3098650,3.796007,8.971074,1.567005,9.866374,80.861427,67.064911
6.3202338,4.067749,9.052477,1.564611,10.046986,81.040901,65.803139
6.3304791,4.200627,9.180567,1.598130,10.221648,81.005043,65.413231
6.3402839,4.209007,9.254786,1.592144,10.290856,81.099762,65.544319
6.3500547,4.056975,9.180567,1.582567,10.161022,81.039772,66.158936
6.3599505,3.846285,9.071630,1.586159,9.980195,80.855171,67.023514
6.3701868,3.647566,8.951921,1.587356,9.795985,80.674591,67.830978
6.3804188,3.497929,8.832211,1.574188,9.629201,80.591019,68.394341
6.3912349,3.517082,8.825027,1.567005,9.628421,80.633568,68.270988
6.3999848,3.610456,8.870518,1.555034,9.702557,80.777397,67.852814
6.4099669,3.670311,8.889671,1.567005,9.744380,80.746017,67.565559
6.4199362,3.755305,8.933964,1.576582,9.818536,80.759903,67.201019
6.4302559,3.792415,8.990228,1.587356,9.885662,80.759926,67.128159
6.4399590,3.792415,9.011775,1.576582,9.903541,80.839897,67.177238
6.4497519,3.784036,8.992621,1.562217,9.880622,80.902840,67.178963
6.4598231,3.775656,8.955511,1.533486,9.839123,81.033554,67.139641
6.4698339,3.785233,8.933964,1.516727,9.820599,81.115486,67.038101
6.4798236,3.821146,8.899248,1.539472,9.806516,80.968086,66.762352
6.4901285,3.870227,8.904037,1.593341,9.838661,80.680077,66.507347
6.4996910,3.976769,9.009381,1.659182,9.986817,80.436699,66.183189
6.5100021,4.027047,9.119514,1.680730,10.109773,80.430260,66.174431
6.5199327,3.886986,9.058462,1.647211,9.993883,80.513115,66.775826
6.5298629,3.697845,8.975863,1.595735,9.838015,80.665329,67.609489
6.5401459,3.605668,8.979453,1.543063,9.798594,80.939461,68.122246
6.5498028,3.581726,8.981848,1.459266,9.779152,81.418152,68.259178
6.5597606,3.578135,8.807071,1.509544,9.625293,80.976997,67.889084
6.5699501,3.711013,8.791509,1.602918,9.676341,80.464813,67.114746
6.5800738,3.807978,8.981848,1.594538,9.885182,80.717293,67.024818
6.5906858,3.797204,9.118318,1.497573,9.990254,81.378670,67.391357
6.6002936,3.756502,9.121908,1.410185,9.965397,81.864876,67.617592
6.6099200,3.767276,9.053674,1.383849,9.903354,81.967468,67.407578
6.6208010,3.792415,8.840590,1.435324,9.726181,81.513680,66.781746
6.6301050,3.853468,8.677784,1.587356,9.626674,80.509071,66.055847
