Keuwl Accelerometer Data File
2019-06-26 16-09-26

Time (s), X (m/s2), Y (m/s2), Z (m/s2), R (m/s2), Theta (deg), Phi (deg)
0.0000000,2.960430,8.360553,1.408988,8.980436,80.973267,70.501198
0.0096320,3.187880,7.886500,1.546654,8.645902,79.694962,67.990463
0.0191810,3.768473,7.948750,1.754950,8.970165,78.717712,64.634537
0.0294010,4.261679,8.392874,1.914164,9.605533,78.505302,63.079746
0.0391900,4.580108,9.052477,1.684321,10.284049,80.573631,63.162834
0.0492120,4.508282,9.685743,1.364695,10.770358,82.720573,65.040123
0.0593650,4.001908,9.846154,0.962469,10.671849,84.825600,67.881020
0.0693970,3.342306,9.363723,0.644040,9.963187,86.293701,70.356384
0.0791860,2.977190,8.495825,0.584185,9.021306,86.287148,70.688019
0.0891830,3.175909,7.718906,0.878672,8.392853,83.990524,67.635513
0.0992550,3.901352,7.678205,1.322796,8.713505,81.268173,63.064545
0.1092960,4.910508,8.301894,1.707066,9.795336,79.963631,59.396008
0.1192590,5.589264,9.065644,1.932121,10.823996,79.717400,58.344818
0.1294930,5.815516,9.453506,2.229002,11.320664,78.644455,58.401405
0.1391010,5.673061,9.548077,2.609680,11.408760,76.776894,59.283020
0.1492010,5.402516,10.289082,2.657564,11.921201,77.118958,62.297260
0.1591000,4.554969,10.478224,2.552219,11.707039,77.407990,66.505028
0.1698750,3.797204,9.700109,2.296039,10.666895,77.569862,68.621651
0.1791680,3.533842,8.687361,2.066196,9.603512,77.575668,67.864510
0.1894640,3.368642,8.064868,2.367866,9.055200,74.841370,67.330032
0.1993580,3.293224,8.149862,2.418144,9.116633,74.618477,67.997185
0.2092670,3.490746,8.682572,2.285265,9.633006,76.276718,68.097870
0.2191710,3.889381,9.314642,2.110489,10.312323,78.190582,67.336754
0.2292640,4.302381,9.737218,1.851915,10.805253,80.131340,66.161804
0.2392720,4.513070,9.852140,1.538275,10.945262,81.920761,65.388420
0.2492700,4.460398,9.692925,1.382651,10.759168,82.616547,65.289513
0.2591710,4.236540,9.360131,1.430536,10.373368,82.073387,65.647758
0.2693940,3.936068,9.001001,1.532289,9.942764,81.134758,66.380615
0.2793020,3.676297,8.740033,1.565808,9.610155,80.622841,67.187050
0.2894650,3.456030,8.571242,1.556231,9.371883,80.441582,68.040100
0.2992400,3.318364,8.535329,1.544260,9.286986,80.428276,68.754921
0.3093700,3.283648,8.547300,1.545457,9.285856,80.419609,68.984543
0.3192430,3.351882,8.605958,1.556231,9.365868,80.435379,68.719887
0.3293910,3.550601,8.734048,1.581370,9.559869,80.478508,67.877075
0.3397780,3.651158,8.820239,1.570596,9.674417,80.656944,67.512779
0.3495650,3.728969,8.888474,1.544260,9.761911,80.898010,67.240555
0.3592420,3.791218,8.935161,1.546654,9.828661,80.946213,67.008324
0.3700290,3.810372,8.960299,1.546654,9.858907,80.974220,66.962349
0.3793400,3.799598,8.942344,1.559822,9.840503,80.879555,66.979378
0.3898190,3.781641,8.925584,1.590947,9.823339,80.679565,67.038322
0.3992970,3.754108,8.881291,1.625663,9.778213,80.429932,67.086296
0.4092210,3.713407,8.845378,1.715446,9.745401,79.861618,67.226692
0.4195210,3.655946,8.826224,1.789666,9.719624,79.389633,67.499977
0.4295110,3.603274,8.825027,1.837550,9.707795,79.088882,67.789726
0.4399990,3.568558,8.848969,1.849521,9.719032,79.029770,68.037071
0.4493990,3.568558,8.884883,1.865083,9.754706,78.977280,68.117447
0.4594040,3.622427,8.938752,1.886631,9.827647,78.932121,67.939758
0.4692900,3.707421,9.004593,1.927332,9.926847,78.804718,67.621780
0.4792500,3.790021,9.039309,1.983596,10.000401,78.559418,67.252563
0.4893180,3.837905,9.062054,2.014721,10.045368,78.430168,67.046669
0.4994370,3.818752,9.044097,2.021903,10.023305,78.362427,67.108734
0.5095860,3.804387,9.022549,2.015918,9.997183,78.366623,67.137123
0.5198490,3.782839,9.002198,2.003947,9.968211,78.402588,67.207230
0.5293990,3.724181,8.971074,1.996764,9.916490,78.383621,67.455093
0.5399750,3.667917,8.941146,1.997961,9.868615,78.319382,67.695145
0.5497169,3.633201,8.923190,1.984793,9.836812,78.359398,67.845619
0.5592270,3.610456,8.930372,1.909376,9.820013,78.788155,67.987030
0.5699220,3.615245,8.937555,1.866280,9.820025,79.044388,67.976646
0.5796540,3.622427,8.974665,1.847127,9.852840,79.194740,68.019608
0.5898000,3.658340,9.010578,1.844732,9.898334,79.259102,67.902603
0.5992259,3.667917,9.033323,1.848324,9.923247,79.265282,67.900734
0.6102320,3.660734,9.038112,1.821988,9.920085,79.416603,67.950424
0.6192220,3.632004,8.998607,1.790863,9.867805,79.543709,68.020088
0.6293280,3.591303,8.949526,1.795651,9.808967,79.451820,68.135193
0.6402370,3.590106,8.921992,1.807622,9.785617,79.355057,68.080719
0.6493420,3.599682,8.898050,1.839944,9.773352,79.148666,67.974342
0.6592510,3.610456,8.904037,1.861492,9.786849,79.035347,67.928169
0.6702920,3.628413,8.917204,1.879448,9.808885,78.953438,67.858582
0.6798390,3.652355,8.929175,1.921347,9.836740,78.736374,67.753670
0.6894080,3.659537,8.939949,1.977611,9.860316,78.430138,67.738426
0.6993370,3.648763,8.951921,1.997961,9.871282,78.322578,67.824409
0.7095060,3.645172,8.931569,2.032677,9.858600,78.101234,67.798538
0.7198830,3.671508,8.912416,2.076970,9.860271,77.840126,67.610573
0.7297840,3.676297,8.937555,2.092532,9.888061,77.782570,67.641098
0.7399870,3.678691,8.981848,2.070984,9.924481,77.955322,67.727493
0.7493960,3.682282,9.018958,2.039860,9.952981,78.173447,67.790665
0.7594720,3.687071,9.035717,2.019509,9.965796,78.308380,67.801834
0.7694880,3.688268,9.034520,2.011129,9.963459,78.354805,67.792671
0.7792839,3.675100,9.017760,2.035071,9.948259,78.195930,67.827133
0.7902780,3.657143,9.020155,2.055422,9.947997,78.075844,67.930336
0.7994450,3.622427,9.003395,2.066196,9.922312,77.980927,68.083099
0.8093250,3.612850,8.997410,2.062605,9.912639,77.990242,68.122398
0.8194900,3.596091,8.993818,2.009932,9.892445,78.277107,68.206482
0.8295130,3.563769,8.963891,2.003947,9.852289,78.264198,68.318741
0.8393140,3.535039,8.978256,2.008735,9.855993,78.240242,68.508789
0.8492979,3.551798,9.004593,2.015918,9.887462,78.235687,68.473595
0.8601790,3.579332,9.021352,2.042254,9.918024,78.117027,68.358688
0.8693470,3.605668,9.044097,2.038663,9.947495,78.173882,68.264000
0.8792720,3.616442,9.041702,2.037466,9.948985,78.182716,68.199898
0.8895580,3.622427,9.001001,2.027889,9.912232,78.194824,68.077820
0.8993420,3.620033,8.980651,2.017115,9.890676,78.232483,68.046005
0.9097660,3.598485,8.937555,2.007538,9.841707,78.230049,68.069038
0.9192579,3.566164,8.908825,2.018312,9.806032,78.122292,68.183990
0.9292369,3.558981,8.900445,2.036268,9.799523,78.006973,68.205231
0.9398690,3.533842,8.911219,2.030283,9.798975,78.042068,68.368652
0.9492600,3.527856,8.927979,1.991976,9.804210,78.277283,68.438736
0.9592780,3.523068,8.966286,1.956063,9.830181,78.522362,68.548950
0.9693699,3.514688,8.975863,1.930924,9.830952,78.672737,68.616127
0.9795490,3.531447,9.005790,1.915361,9.861237,78.800171,68.588326
0.9901159,3.552995,8.984241,1.929727,9.852118,78.704491,68.422707
0.9996220,3.567361,8.947132,1.971625,9.831813,78.431740,68.262062
1.0092810,3.573346,8.919599,2.033874,9.821644,78.048660,68.168106
1.0194310,3.584120,8.924387,2.067393,9.836905,77.867859,68.119125
1.0293800,3.609259,8.938752,2.033874,9.852141,78.086205,68.012299
1.0394100,3.630807,8.966286,2.013524,9.880857,78.241898,67.955009
1.0496809,3.635595,8.954314,2.002750,9.869564,78.292130,67.902061
1.0594599,3.623624,8.948329,2.003947,9.859972,78.273476,67.954521
1.0698789,3.617639,8.910022,2.003947,9.823014,78.228722,67.901909
1.0799029,3.597288,8.896853,1.996764,9.802119,78.246155,67.984909
1.0895380,3.598485,8.906430,2.005144,9.812961,78.209351,67.999702
1.0993720,3.580529,8.902839,1.997961,9.801661,78.238457,68.091080
1.1093860,3.557784,8.880095,1.994370,9.771971,78.223717,68.166634
1.1195160,3.532645,8.881291,1.983596,9.761740,78.275787,68.309196
1.1294509,3.531447,8.908825,1.959654,9.781540,78.443039,68.376686
1.1407559,3.544616,8.961497,1.951274,9.832609,78.553711,68.419304
1.1493739,3.578135,9.008183,1.958457,9.888679,78.577026,68.336563
1.1594100,3.606865,9.042900,1.965640,9.932133,78.585403,68.254845
1.1694429,3.620033,9.038112,1.987187,9.936852,78.464119,68.172424
1.1793671,3.633201,9.011775,2.002750,9.920849,78.353500,68.042603
1.1892370,3.615245,8.963891,2.008735,9.871999,78.259583,68.035187
1.1993550,3.588908,8.955511,2.035071,9.860170,78.088936,68.161629
1.2096341,3.593697,8.945934,2.053028,9.856942,77.978287,68.114037
1.2193841,3.588908,8.950723,2.053028,9.859545,77.981506,68.151039
1.2293469,3.581726,8.950723,2.059013,9.858181,77.944244,68.190666
1.2392459,3.570952,8.965088,2.078167,9.871336,77.846855,68.281738
1.2492939,3.585317,8.972271,2.104503,9.888634,77.712311,68.218361
1.2590859,3.614048,8.959103,2.118869,9.890221,77.629128,68.031151
1.2691259,3.628413,8.923190,2.128445,9.865038,77.540092,67.872002
1.2791300,3.629610,8.918402,2.144008,9.864518,77.446838,67.854668
1.2892619,3.651158,8.943541,2.128445,9.891823,77.574371,67.792496
1.2991079,3.670311,8.977059,2.093729,9.921819,77.817703,67.762581
1.3102859,3.677494,8.986636,2.061408,9.926378,78.014175,67.744736
1.3192589,3.669114,8.998607,2.039860,9.929669,78.145279,67.817192
1.3293500,3.646369,8.998607,2.039860,9.921288,78.135124,67.941475
1.3393720,3.603274,8.985439,2.044648,9.894559,78.074265,68.148598
1.3492180,3.586514,8.974665,2.045845,9.878926,78.048019,68.217041
1.3593080,3.576937,8.983045,2.027889,9.879368,78.154984,68.288162
1.3693309,3.587711,8.971074,2.021903,9.871167,78.180496,68.202545
1.3791960,3.586514,8.967483,2.009932,9.865022,78.244057,68.201225
1.3892789,3.615245,8.968679,2.023100,9.879278,78.183250,68.045799
1.3994210,3.630807,8.956709,2.048239,9.879306,78.034294,67.933701
1.4091870,3.636792,8.926781,2.072181,9.859392,77.867485,67.833900
1.4193079,3.643975,8.925584,2.084153,9.863482,77.801460,67.791679
1.4293660,3.642778,8.919599,2.064999,9.853593,77.902954,67.784821
1.4394879,3.639187,8.941146,2.060210,9.870777,77.952759,67.852905
1.4503299,3.646369,8.948329,2.051831,9.878188,78.011620,67.829514
1.4593570,3.640384,8.955511,2.033874,9.878777,78.118790,67.878433
1.4696079,3.614048,8.950723,2.037466,9.865498,78.081253,68.012543
1.4793301,3.596091,8.924387,2.020706,9.831572,78.139336,68.052979
1.4894300,3.591303,8.913613,2.037466,9.823503,78.029549,68.055450
1.4991829,3.574543,8.895657,2.043451,9.802334,77.967545,68.108253
1.5094109,3.561375,8.911219,2.044648,9.811921,77.972328,68.215843
1.5193570,3.564966,8.933964,2.014721,9.827705,78.170258,68.246262
1.5293839,3.580529,8.971074,1.989582,9.861987,78.361130,68.242104
1.5394050,3.594894,8.991425,1.991976,9.886200,78.375862,68.207794
1.5494950,3.623624,9.017760,2.019509,9.926181,78.261055,68.108162
1.5593979,3.645172,9.001001,2.045845,9.924253,78.103409,67.953331
1.5693789,3.642778,8.969876,2.060210,9.898130,77.986549,67.897316
1.5798690,3.634398,8.938752,2.084153,9.871870,77.811981,67.873886
1.5901670,3.624821,8.910022,2.103306,9.846406,77.665916,67.862267
1.5992910,3.615245,8.902839,2.121263,9.840238,77.551010,67.899025
1.6094769,3.620033,8.906430,2.127248,9.846539,77.523438,67.880638
1.6192859,3.617639,8.929175,2.096124,9.859575,77.725365,67.944763
1.6293390,3.637990,8.960299,2.079364,9.891698,77.865158,67.902252
1.6395320,3.646369,8.967483,2.035071,9.892081,78.127922,67.872299
1.6494269,3.634398,8.945934,2.025495,9.866165,78.153114,67.889931
1.6592989,3.614048,8.901642,2.027889,9.819007,78.081108,67.902954
1.6693670,3.609259,8.904037,2.048239,9.823640,77.965477,67.934784
1.6803120,3.621230,8.935161,2.054225,9.857497,77.971855,67.938339
1.6902798,3.651158,8.993818,2.038663,9.918461,78.138756,67.904663
1.6994470,3.672705,9.036914,2.024297,9.962547,78.276390,67.882614
1.7102439,3.660734,9.039309,2.025495,9.960558,78.266983,67.953064
1.7192340,3.661932,9.030929,2.042254,9.956818,78.163994,67.928047
1.7301019,3.646369,8.975863,2.051831,9.903137,78.042274,67.890961
1.7392210,3.624821,8.923190,2.086547,9.854761,77.776253,67.891792
1.7493149,3.610456,8.894460,2.100912,9.826528,77.654861,67.906685
1.7592219,3.587711,8.892065,2.122460,9.820659,77.518646,68.027237
1.7693629,3.594894,8.912416,2.114080,9.839906,77.593414,68.032921
1.7794030,3.612850,8.937555,2.093729,9.864902,77.746330,67.989838
1.7896849,3.630807,8.954314,2.091335,9.886161,77.787285,67.928368
1.7998470,3.633201,8.959103,2.097321,9.892645,77.759941,67.925880
1.8093050,3.630807,8.930372,2.120066,9.870612,77.597046,67.874893
1.8193400,3.626019,8.910022,2.152387,9.857448,77.387779,67.855667
1.8292679,3.628413,8.936357,2.165555,9.885014,77.345314,67.901466
1.8396500,3.653552,8.990228,2.106898,9.930340,77.750580,67.883598
1.8494990,3.642778,8.996213,2.067393,9.923497,77.975311,67.955818
1.8595790,3.627216,8.998607,2.068590,9.920216,77.964211,68.046310
1.8696249,3.605668,8.991425,2.059013,9.903842,78.000656,68.148628
1.8797680,3.585317,8.986636,2.048239,9.889864,78.047256,68.249931
1.8899729,3.578135,8.962694,2.039860,9.863770,78.064919,68.236862
1.8995700,3.568558,8.943541,2.035071,9.841902,78.066505,68.247528
1.9097699,3.555390,8.912416,2.035071,9.808846,78.025696,68.251686
1.9193770,3.551798,8.907627,2.054225,9.807188,77.909225,68.261017
1.9300489,3.584120,8.913613,2.053028,9.824121,77.937515,68.095184
1.9396619,3.617639,8.935161,2.039860,9.853194,78.051918,67.958122
1.9501250,3.649961,8.954314,2.044648,9.883448,78.060661,67.823189
1.9595389,3.684676,8.954314,2.070984,9.901796,77.927315,67.632965
1.9693680,3.688268,8.939949,2.114080,9.899260,77.668976,67.580902
1.9793429,3.681085,8.929175,2.132037,9.890710,77.551643,67.595917
1.9893080,3.684676,8.917204,2.106898,9.875849,77.681938,67.549103
1.9997129,3.673903,8.910022,2.082955,9.860261,77.804535,67.591995
2.0096319,3.655946,8.902839,2.068590,9.844062,77.869690,67.674522
2.0192530,3.634398,8.913613,2.066196,9.845329,77.885521,67.817528
2.0296960,3.614048,8.913613,2.072181,9.839094,77.842079,67.929779
2.0392439,3.598485,8.921992,2.053028,9.836969,77.953506,68.034424
2.0498829,3.582923,8.918402,2.055422,9.828529,77.928734,68.112457
2.0595629,3.568558,8.916007,2.056619,9.821378,77.912674,68.186653
2.0696509,3.598485,8.936357,2.033874,9.846025,78.078697,68.066383
2.0794079,3.628413,8.939949,2.047042,9.862985,78.021301,67.909485
2.0898800,3.646369,8.939949,2.049437,9.870101,78.015862,67.810753
2.0996299,3.665523,8.947132,2.063802,9.886683,77.951149,67.721733
2.1092341,3.666720,8.921992,2.078167,9.867398,77.841934,67.658539
2.1193700,3.657143,8.901642,2.099715,9.850012,77.691887,67.665222
2.1297638,3.648763,8.882488,2.112883,9.832413,77.590950,67.668037
2.1393600,3.629610,8.890868,2.117671,9.833928,77.564323,67.792740
2.1494179,3.640384,8.924387,2.094927,9.863357,77.737267,67.808754
2.1592140,3.647566,8.963891,2.070984,9.896720,77.921028,67.857719
2.1694028,3.663129,8.990228,2.054225,9.922830,78.052223,67.831230
2.1793389,3.670311,8.996213,2.056619,9.931400,78.048569,67.805321
2.1897700,3.652355,8.950723,2.060210,9.884311,77.969498,67.802017
2.1996429,3.597288,8.882488,2.061408,9.802473,77.860382,67.952713
2.2097850,3.549404,8.828619,2.080561,9.740201,77.666267,68.098206
2.2192278,3.550601,8.845378,2.076970,9.755064,77.706947,68.129105
2.2292480,3.600879,8.923190,2.086547,9.845981,77.765182,68.023872
2.2393780,3.658340,9.017760,2.068590,9.948996,77.999542,67.918503
2.2500081,3.714604,9.064447,2.063802,10.011082,78.103073,67.716217
2.2592909,3.739743,9.070433,2.074576,10.028075,78.060616,67.593628
2.2693179,3.706224,9.022549,2.087744,9.975027,77.918839,67.668442
2.2794628,3.675100,8.960299,2.098518,9.909445,77.773933,67.698837
2.2892201,3.624821,8.908825,2.115277,9.847887,77.596497,67.859581
2.2993090,3.594894,8.886080,2.093729,9.811696,77.678841,67.974037
2.3096449,3.585317,8.895657,2.072181,9.812296,77.808365,68.048531
2.3192570,3.617639,8.913613,2.078167,9.841676,77.809669,67.909958
2.3295109,3.636792,8.924387,2.096124,9.862286,77.728790,67.828529
2.3393421,3.664326,8.936357,2.086547,9.881268,77.809547,67.704071
2.3496408,3.659537,8.939949,2.093729,9.884260,77.770699,67.738426
2.3592451,3.667917,8.945934,2.090138,9.892018,77.801720,67.705910
2.3694201,3.673903,8.961497,2.085350,9.907305,77.849159,67.708076
2.3793769,3.671508,8.951921,2.090138,9.898764,77.810165,67.699684
2.3897510,3.649961,8.939949,2.078167,9.877433,77.854469,67.791016
2.3994710,3.623624,8.925584,2.087744,9.856743,77.771629,67.903748
2.4092448,3.620033,8.925584,2.076970,9.853147,77.831200,67.923538
2.4192989,3.629610,8.945934,2.054225,9.870341,77.987740,67.916260
2.4294131,3.653552,8.961497,2.061408,9.894760,77.975304,67.819557
2.4397161,3.663129,8.948329,2.060210,9.886130,77.971748,67.737549
2.4496040,3.654749,8.950723,2.068590,9.886946,77.923096,67.788879
2.4592159,3.658340,8.930372,2.094927,9.875410,77.752464,67.723465
2.4700720,3.652355,8.917204,2.109292,9.864347,77.653114,67.726723
2.4793117,3.645172,8.913613,2.105700,9.857675,77.665993,67.758171
2.4899640,3.637990,8.936357,2.073379,9.868756,77.872070,67.848770
2.4992681,3.645172,8.945934,2.062605,9.877822,77.947273,67.830734
2.5092778,3.655946,8.969876,2.068590,9.904731,77.945107,67.825150
2.5193851,3.669114,8.960299,2.068590,9.900930,77.940414,67.731606
2.5295360,3.670311,8.938752,2.072181,9.882632,77.896454,67.676620
2.5393369,3.649961,8.914810,2.062605,9.851416,77.914482,67.734505
2.5495160,3.634398,8.894460,2.070984,9.829000,77.836540,67.774399
2.5598688,3.614048,8.886080,2.053028,9.810131,77.920059,67.867989
2.5694561,3.598485,8.900445,2.033874,9.813442,78.038528,67.986320
2.5792329,3.578135,8.920795,1.997961,9.817101,78.257217,68.144257
2.5896339,3.592500,8.939949,1.976413,9.835393,78.407532,68.107376
2.5998449,3.608062,8.968679,1.978808,9.867675,78.431793,68.085289
2.6094668,3.633201,8.980651,2.005144,9.893070,78.306183,67.973770
2.6192319,3.641581,8.965088,2.043451,9.889874,78.075623,67.893219
2.6294899,3.629610,8.941146,2.072181,9.869757,77.880424,67.905571
2.6405387,3.612850,8.920795,2.081758,9.847182,77.795212,67.952446
2.6495731,3.623624,8.914810,2.087744,9.846988,77.759331,67.879616
2.6597691,3.641581,8.924387,2.090138,9.862782,77.764999,67.802170
2.6693230,3.658340,8.926781,2.091335,9.871401,77.768745,67.715378
2.6792397,3.657143,8.926781,2.105700,9.874011,77.686722,67.721962
2.6894698,3.665523,8.920795,2.097321,9.869925,77.731331,67.662415
2.6991539,3.646369,8.930372,2.085350,9.868954,77.801216,67.789268
2.7093868,3.660734,8.939949,2.081758,9.882175,77.839088,67.731857
2.7192090,3.664326,8.947132,2.081758,9.890003,77.848862,67.728294
2.7293870,3.652355,8.923190,2.075773,9.862649,77.850212,67.740204
2.7393239,3.628413,8.912416,2.064999,9.841785,77.888222,67.847832
2.7496970,3.624821,8.938752,2.057816,9.862821,77.957115,67.926582
2.7595959,3.655946,8.993818,2.036268,9.919733,78.154427,67.878479
2.7695639,3.675100,9.042900,2.019509,9.967889,78.310875,67.882820
2.7792487,3.681085,9.050082,2.019509,9.976612,78.321236,67.866165
2.7898579,3.666720,9.014170,2.027889,9.940444,78.228806,67.864838
2.7993519,3.632004,8.954314,2.056619,9.879315,77.984619,67.921791
2.8093648,3.614048,8.911219,2.063802,9.835163,77.887077,67.924416
2.8192389,3.615245,8.884883,2.085350,9.816304,77.734772,67.858673
2.8295128,3.639187,8.889671,2.091335,9.830749,77.717377,67.737160
2.8398929,3.675100,8.949526,2.091335,9.898184,77.802345,67.674622
2.8496909,3.676297,8.971074,2.085350,9.916855,77.861038,67.716454
2.8592818,3.687071,8.956709,2.056619,9.901858,78.012383,67.625259
2.8697619,3.682282,8.936357,2.044648,9.879184,78.055428,67.605583
2.8794711,3.677494,8.932767,2.053028,9.875891,78.001694,67.623726
2.8893769,3.687071,8.931569,2.070984,9.882125,77.902924,67.568512
2.9006200,3.678691,8.933964,2.079364,9.882926,77.854225,67.619865
2.9094510,3.670311,8.902839,2.066196,9.848903,77.889984,67.595459
2.9194119,3.640384,8.887277,2.075773,9.825727,77.803864,67.725136
2.9294288,3.622427,8.884883,2.066196,9.814901,77.847397,67.818947
2.9393730,3.623624,8.906430,2.041057,9.829602,78.015686,67.860809
2.9499168,3.646369,8.953117,2.035071,9.879061,78.112045,67.840225
2.9594579,3.677494,9.001001,2.023100,9.931512,78.246284,67.776794
2.9693811,3.688268,9.020155,2.019509,9.952132,78.292107,67.760750
2.9792891,3.679888,8.991425,2.029086,9.924942,78.203102,67.742363
2.9895339,3.649961,8.916007,2.031480,9.846030,78.092941,67.737198
2.9993839,3.623624,8.890868,2.038663,9.815005,78.011887,67.825813
3.0095930,3.624821,8.881291,2.049437,9.809019,77.940117,67.797600
3.0196979,3.640384,8.893262,2.033874,9.822380,78.049576,67.738663
3.0292830,3.651158,8.911219,2.008735,9.837468,78.217781,67.719810
3.0398049,3.659537,8.929175,2.019509,9.859047,78.179977,67.714195
3.0493920,3.666720,8.926781,2.037466,9.863240,78.078484,67.669350
3.0592580,3.664326,8.916007,2.036268,9.852353,78.072235,67.658180
3.0698030,3.660734,8.899248,2.020706,9.832642,78.140648,67.640022
3.0793650,3.645172,8.916007,2.014721,9.840811,78.186241,67.763557
3.0895500,3.652355,8.926781,2.009932,9.852256,78.228607,67.748283
3.0994627,3.640384,8.957906,2.008735,9.875803,78.264168,67.883774
3.1093779,3.635595,8.966286,2.003947,9.880670,78.298386,67.928726
3.1192801,3.652355,8.979453,1.982399,9.894452,78.442307,67.866173
3.1292400,3.661932,8.974665,1.976413,9.892450,78.475319,67.803070
3.1392419,3.681085,8.971074,2.008735,9.902806,78.296623,67.690269
3.1491780,3.683479,8.962694,2.026692,9.899767,78.186821,67.658363
3.1592839,3.691859,8.962694,2.043451,9.906331,78.095718,67.612556
3.1693161,3.703830,8.967483,2.047042,9.915870,78.086128,67.557961
3.1792068,3.707421,8.955511,2.054225,9.907875,78.033920,67.511322
3.1891849,3.700239,8.938752,2.059013,9.891036,77.984894,67.512657
3.1998777,3.697845,8.950723,2.068590,9.902957,77.942917,67.552834
3.2092369,3.715801,8.949526,2.080561,9.911100,77.882202,67.452003
3.2193999,3.722984,8.931569,2.092532,9.900112,77.797668,67.371956
3.2292600,3.709816,8.916007,2.088941,9.880363,77.794212,67.408546
3.2394328,3.714604,8.878897,2.075773,9.845909,77.829247,67.297356
3.2493749,3.684676,8.846576,2.076970,9.805740,77.771461,67.387848
3.2592518,3.672705,8.832211,2.059013,9.784490,77.852066,67.420952
3.2700598,3.672705,8.876503,2.051831,9.822987,77.943245,67.522385
3.2793629,3.687071,8.944737,2.013524,9.882160,78.243469,67.598267
3.2892568,3.691859,9.023746,2.000355,9.952851,78.405540,67.749199
3.2993488,3.687071,9.063251,1.983596,9.983569,78.539864,67.862747
3.3093629,3.681085,9.057265,1.988384,9.976879,78.504013,67.882019
3.3196537,3.643975,9.029732,1.993173,9.939182,78.431641,68.023315
3.3292658,3.622427,8.977059,2.011129,9.887073,78.263565,68.024918
3.3393841,3.608062,8.939949,2.042254,9.854522,78.039322,68.021553
3.3497529,3.606865,8.914810,2.062605,9.835530,77.894669,67.972115
3.3594038,3.624821,8.930372,2.063802,9.856478,77.913666,67.907860
3.3699639,3.637990,8.945934,2.064999,9.875673,77.930412,67.870193
3.3793600,3.677494,8.950723,2.051831,9.891886,78.028473,67.664200
3.3896959,3.689465,8.957906,2.066196,9.905826,77.960617,67.614861
3.3992088,3.699042,8.971074,2.048239,9.917579,78.081146,67.592186
3.4092538,3.705027,8.971074,2.051831,9.920554,78.063576,67.559517
3.4192948,3.694253,8.943541,2.054225,9.892132,78.014595,67.556252
3.4292741,3.667917,8.918402,2.067393,9.862333,77.899612,67.643852
3.4393158,3.645172,8.899248,2.063802,9.835811,77.887886,67.725769
3.4496140,3.616442,8.898050,2.067393,9.824870,77.852768,67.881660
3.4596128,3.600879,8.921992,2.045845,9.836349,77.995514,68.021202
3.4696918,3.606865,8.955511,2.025495,9.864750,78.151390,68.062706
3.4792650,3.639187,8.991425,2.020706,9.908212,78.232391,67.964867
3.4894230,3.653552,9.005790,1.995567,9.921440,78.396553,67.918137
3.4992919,3.652355,8.981848,1.989582,9.898067,78.404144,67.871506
3.5093601,3.637990,8.950723,1.997961,9.866219,78.316498,67.880890
3.5193510,3.639187,8.936357,2.011129,9.856307,78.226402,67.842186
3.5333450,3.654749,8.918402,2.024297,9.848495,78.138664,67.716248
3.5494828,3.688268,8.890868,2.038663,9.839055,78.041626,67.469482
3.5597339,3.706224,8.870518,2.072181,9.834435,77.836227,67.324158
3.5698128,3.699042,8.836999,2.075773,9.802259,77.774208,67.286507
3.5792739,3.689465,8.829816,2.084153,9.793951,77.713509,67.322800
3.5892470,3.696647,8.851364,2.061408,9.811281,77.871445,67.332832
3.5998049,3.705027,8.894460,2.041057,9.849089,78.039749,67.385612
3.6094010,3.733757,8.941146,2.013524,9.896429,78.260658,67.334938
3.6195030,3.754108,8.972271,1.997961,9.929090,78.391518,67.294968
3.6297209,3.756502,8.980651,2.012326,9.940466,78.320442,67.301003
3.6394858,3.709816,8.936357,2.048239,9.890223,78.047691,67.454834
3.6492190,3.666720,8.883685,2.055422,9.827993,77.928070,67.571732
3.6600029,3.649961,8.877700,2.070984,9.819611,77.824730,67.650574
3.6692960,3.651158,8.884883,2.081758,9.828826,77.772064,67.660255
3.6793818,3.684676,8.913613,2.073379,9.865507,77.868011,67.540962
3.6894541,3.695450,8.938752,2.080561,9.893755,77.860634,67.538864
3.6992450,3.721786,8.951921,2.082955,9.916011,77.874146,67.424759
3.7092741,3.724181,8.953117,2.082955,9.917991,77.876602,67.414413
3.7194579,3.732560,8.948329,2.087744,9.917826,77.848099,67.357826
3.7294121,3.721786,8.932767,2.082955,9.898724,77.852646,67.381226
3.7393038,3.707421,8.910022,2.076970,9.871538,77.854218,67.408020
3.7496428,3.673903,8.883685,2.092532,9.838502,77.720070,67.532158
3.7594087,3.635595,8.845378,2.088941,9.788868,77.678345,67.656532
3.7704499,3.610456,8.835801,2.070984,9.767075,77.758232,67.774254
3.7793620,3.618836,8.877700,2.038663,9.801310,77.994888,67.822609
3.7894869,3.647566,8.957906,2.011129,9.878940,78.253761,67.844360
3.7993720,3.684676,9.020155,1.989582,9.944771,78.459351,67.780296
3.8099561,3.688268,9.050082,1.971625,9.969685,78.593880,67.827156
3.8192408,3.695450,9.032125,2.003947,9.962502,78.395844,67.748314
3.8292480,3.693056,8.884883,2.091335,9.846497,77.737328,67.429489
3.8397169,3.732560,8.798691,2.100912,9.785847,77.602730,67.012482
3.8503957,3.736152,8.917204,2.006341,9.874248,78.276482,67.267174
3.8592660,3.670311,9.071630,1.942895,9.976998,78.770615,67.972130
3.8692780,3.501520,8.960299,1.653196,9.761182,80.249138,68.655357
