Keuwl Accelerometer Data File
2019-06-26 16-09-40

Time (s), X (m/s2), Y (m/s2), Z (m/s2), R (m/s2), Theta (deg), Phi (deg)
0.0000000,2.998738,9.139865,1.316811,9.708941,82.205025,71.835632
0.0098990,2.998738,8.722076,1.356315,9.322372,81.634323,71.026512
0.0199220,3.351882,8.572439,1.648408,9.350886,79.846634,68.644157
0.0298830,3.632004,8.701726,1.798046,9.599191,79.204033,67.344887
0.0399460,3.670311,8.932767,1.674744,9.801545,80.161865,67.663132
0.0499800,3.517082,9.063251,1.577779,9.848948,80.781624,68.790771
0.0602790,3.288436,8.951921,1.569399,9.665076,80.655029,69.829483
0.0700780,3.201048,8.813056,1.574188,9.507614,80.469582,70.038139
0.0801460,3.241749,8.777143,1.572991,9.487965,80.456985,69.728806
0.0901230,3.315969,8.780735,1.614889,9.523909,80.237671,69.311386
0.1001600,3.462016,8.919599,1.653196,9.709678,80.196907,68.786980
0.1099680,3.587711,9.102755,1.686715,9.928586,80.218880,68.488884
0.1201160,3.659537,9.192537,1.696292,10.038544,80.271606,68.292564
0.1300270,3.654749,9.175778,1.719037,10.025327,80.126732,68.282410
0.1400670,3.612850,9.186552,1.723825,10.020828,80.094467,68.531479
0.1501940,3.496732,9.156625,1.708263,9.949325,80.113533,69.099144
0.1599570,3.405752,9.144653,1.674744,9.900940,80.261597,69.573112
0.1698850,3.343503,9.114726,1.679533,9.852820,80.185310,69.855736
0.1800590,3.383007,9.106346,1.679533,9.858555,80.191078,69.619972
0.1901830,3.473987,9.129091,1.681927,9.911497,80.229942,69.166168
0.2001130,3.566164,9.165004,1.689109,9.978372,80.254211,68.738663
0.2099780,3.654749,9.211691,1.726219,10.059437,80.119026,68.359238
0.2200830,3.763685,9.182961,1.880645,10.100937,79.269760,67.713470
0.2300450,4.025850,9.109938,2.108095,10.180496,78.049187,66.158478
0.2399340,4.405331,9.130288,2.437297,10.426386,76.481316,64.242859
0.2501540,4.757279,9.198523,2.861071,10.743847,74.555870,62.652962
0.2599270,4.878186,9.097966,3.219004,10.813495,72.681450,61.800491
0.2702250,4.648343,8.907627,3.319561,10.581700,71.717186,62.442715
0.2799400,4.539406,9.247604,3.031059,10.738330,73.604538,63.854790
0.2901140,4.122815,9.652225,2.636016,10.821812,75.901855,66.870911
0.2999000,3.520674,9.865308,2.128445,10.688766,78.513954,70.359833
0.3100210,3.141193,9.836577,1.695095,10.464162,80.677551,72.289742
0.3199210,2.992752,9.594764,1.394622,10.146972,82.100136,72.676506
0.3299640,2.973598,9.288305,1.183933,9.824286,83.078415,72.247826
0.3417280,3.106477,9.023746,1.168370,9.614743,83.020248,71.003677
0.3500570,3.106477,9.023746,1.168370,9.614743,83.020248,71.003677
0.3599100,3.241749,9.014170,1.284489,9.665097,82.362808,70.219986
0.3699570,3.354277,9.006987,1.369483,9.708371,81.890686,69.574249
0.3800010,3.399766,8.960299,1.436521,9.690664,81.475189,69.221977
0.3899700,3.374627,8.884883,1.450886,9.614277,81.320358,69.202385
0.3999380,3.299210,8.777143,1.492785,9.494811,80.954361,69.399437
0.4101460,3.177106,8.619126,1.625663,9.328779,79.964218,69.765556
0.4200980,3.201048,8.595184,1.701080,9.328321,79.492950,69.573494
0.4301120,3.274071,8.633492,1.758541,9.399425,79.216972,69.231819
0.4401590,3.372233,8.702923,1.817199,9.508682,78.982460,68.819504
0.4502370,3.451242,8.763975,1.861492,9.601223,78.820656,68.505547
0.4601600,3.523068,8.815451,1.881842,9.678094,78.787781,68.216034
0.4700960,3.558981,8.868123,1.887828,9.740321,78.824448,68.133278
0.4800430,3.572149,8.933964,1.909376,9.809264,78.775703,68.206535
0.4909010,3.590106,9.008183,1.918953,9.885272,78.806541,68.270828
0.5003500,3.590106,9.062054,1.917756,9.934156,78.869362,68.388062
0.5099810,3.597288,9.088389,1.927332,9.962626,78.845444,68.405777
0.5200110,3.594894,9.102755,1.938106,9.976956,78.798599,68.449760
0.5302490,3.582923,9.088389,1.974019,9.966590,78.576248,68.484116
0.5400720,3.542221,9.045294,1.994370,9.916762,78.398064,68.614227
0.5502190,3.512294,9.021352,2.011129,9.887650,78.264259,68.727486
0.5601840,3.532645,9.005790,2.035071,9.885612,78.120041,68.581726
0.5700140,3.592500,9.015367,2.041057,9.917096,78.122963,68.273399
0.5802380,3.618836,8.985439,2.063802,9.904210,77.972786,68.063164
0.5902690,3.608062,8.969876,2.102109,9.894223,77.733551,68.087929
0.6000300,3.603274,8.923190,2.108095,9.851445,77.643814,68.010651
0.6100740,3.623624,8.908825,2.147599,9.854441,77.412392,67.866188
0.6201660,3.628413,8.924387,2.146402,9.870010,77.439697,67.874680
0.6300150,3.626019,8.939949,2.084153,9.869873,77.809479,67.922661
0.6400819,3.647566,8.960299,2.082955,9.895979,77.849220,67.849701
0.6500930,3.623624,8.950723,2.097321,9.881541,77.745972,67.959854
0.6600240,3.578135,8.921992,2.062605,9.831548,77.889687,68.146912
0.6706490,3.509900,8.918402,2.027889,9.796409,78.053207,68.517532
0.6800050,3.464410,8.949526,2.017115,9.806371,78.129852,68.838310
0.6900790,3.468001,9.036914,1.982399,9.880423,78.425667,69.005226
0.6999530,3.502717,9.120711,1.927332,9.958465,78.840721,68.991219
0.7099680,3.509900,9.178172,1.880645,10.004752,79.165359,69.072243
0.7199290,3.512294,9.179369,1.867477,10.004224,79.241554,69.061691
0.7299930,3.515885,9.135077,1.897405,9.970517,79.029617,68.949409
0.7401509,3.523068,9.071630,1.965640,9.928254,78.580879,68.775772
0.7500629,3.505111,9.001001,2.018312,9.868000,78.197952,68.723389
0.7601230,3.491943,8.894460,2.031480,9.768929,77.997566,68.565147
0.7703350,3.496732,8.823831,2.049437,9.710165,77.815468,68.382431
0.7809720,3.507505,8.813056,2.076970,9.710116,77.649147,68.297951
0.7902690,3.547010,8.838196,2.110489,9.754442,77.504562,68.133057
0.8001560,3.582923,8.865729,2.114080,9.793254,77.533363,67.994804
0.8100660,3.620033,8.923190,2.112883,9.858612,77.624451,67.918182
0.8200460,3.667917,8.985439,2.079364,9.925497,77.907112,67.794388
0.8303270,3.690662,9.051279,2.044648,9.986352,78.185471,67.816803
0.8399500,3.673903,9.060856,2.001553,9.980124,78.430649,67.928940
0.8499720,3.636792,9.033323,1.994370,9.940055,78.425629,68.070412
0.8599490,3.572149,8.984241,1.990779,9.871173,78.365013,68.317154
0.8699410,3.526659,8.939949,1.969231,9.810091,78.420044,68.471603
0.8799420,3.475184,8.925584,1.958457,9.776426,78.444069,68.726509
0.8900060,3.435679,8.929175,1.971625,9.768386,78.355576,68.954765
0.8999810,3.396175,8.923190,1.950077,9.744749,78.456276,69.163124
0.9099830,3.372233,8.913613,1.959654,9.729578,78.380455,69.277168
0.9199360,3.349488,8.947132,1.923741,9.745308,78.614937,69.475883
0.9301029,3.363853,8.987833,1.878251,9.778777,78.926140,69.480759
0.9398990,3.387795,9.030929,1.880645,9.827087,78.967041,69.437294
0.9499239,3.410540,9.064447,1.896208,9.868718,78.922112,69.380959
0.9600720,3.435679,9.063251,1.934515,9.883762,78.712830,69.239380
0.9702940,3.417723,9.014170,1.950077,9.835593,78.564339,69.235771
0.9819199,3.396175,8.971074,1.929727,9.784581,78.625496,69.264862
0.9905680,3.379416,8.949526,1.915361,9.756181,78.677986,69.313042
1.0002930,3.379416,8.997410,1.886631,9.794550,78.894249,69.413887
1.0100000,3.377022,9.059659,1.883040,9.850256,78.979126,69.556870
1.0201850,3.391387,9.133880,1.887828,9.924372,79.034294,69.630165
1.0301340,3.398569,9.184157,1.909376,9.977211,78.967033,69.693161
1.0400440,3.408146,9.205706,1.903390,9.999168,79.026505,69.684387
1.0515740,3.405752,9.193734,1.886631,9.984151,79.107750,69.673218
1.0601200,3.363853,9.178172,1.900996,9.958320,78.994965,69.871819
1.0702579,3.298013,9.192537,1.879448,9.945449,79.106987,70.263504
1.0801340,3.244143,9.196129,1.853112,9.926090,79.240257,70.568550
1.0900470,3.245340,9.202114,1.810017,9.924077,79.491211,70.573608
1.1000739,3.248932,9.215282,1.818396,9.938992,79.458023,70.579437
1.1100839,3.229778,9.210494,1.847127,9.933607,79.283638,70.676125
1.1200089,3.221398,9.185355,1.874660,9.912745,79.098793,70.673706
1.1307900,3.202245,9.147048,1.909376,9.877681,78.854446,70.705612
1.1400599,3.183091,9.117120,1.941698,9.850082,78.631111,70.754196
1.1507270,3.220201,9.108741,1.951274,9.856284,78.581573,70.530037
1.1606870,3.268085,9.139865,1.958457,9.902175,78.592804,70.324783
1.1707810,3.313575,9.181764,1.934515,9.951227,78.790344,70.156166
1.1800989,3.347094,9.181764,1.899799,9.955755,78.999115,69.971321
1.1901680,3.341109,9.157822,1.905785,9.932811,78.938202,69.956177
1.2000799,3.275268,9.124303,1.918953,9.882442,78.803291,70.253845
1.2100350,3.191471,9.118318,1.885434,9.842970,78.956673,70.709618
1.2202051,3.138798,9.130288,1.832761,9.827168,79.251434,71.028122
1.2302909,3.125630,9.167398,1.770512,9.846089,79.640793,71.173157
1.2400639,3.143587,9.203311,1.727417,9.877604,79.928200,71.141304
1.2500669,3.172317,9.200917,1.710657,9.881640,80.031036,70.976692
1.2601110,3.184288,9.133880,1.758541,9.831577,79.696251,70.780228
1.2701169,3.180697,9.053674,1.851915,9.773200,79.077026,70.642830
1.2809080,3.173514,9.044097,1.918953,9.774930,78.678520,70.664360
1.2905860,3.195062,9.096769,1.909376,9.828802,78.798309,70.647171
1.3000220,3.222595,9.166202,1.853112,9.891329,79.201996,70.629669
1.3100369,3.250129,9.220071,1.823185,9.944699,79.436081,70.582146
1.3200829,3.250129,9.248801,1.811214,9.969160,79.532272,70.637978
1.3301469,3.230975,9.218874,1.826776,9.938005,79.407822,70.685768
1.3403019,3.214216,9.182961,1.838747,9.901462,79.297783,70.708954
1.3500119,3.189077,9.150639,1.861492,9.867600,79.126175,70.786110
1.3600820,3.147178,9.170990,1.886631,9.877811,78.989037,71.059486
1.3702250,3.119645,9.203311,1.862689,9.894581,79.149124,71.274895
1.3801209,3.093309,9.246407,1.841141,9.922419,79.306587,71.502762
1.3902010,3.069367,9.261970,1.818396,9.925303,79.443321,71.665085
1.4001560,3.072958,9.288305,1.776498,9.943421,79.708244,71.693634
1.4102030,3.078943,9.293094,1.738190,9.942977,79.932053,71.669182
1.4203570,3.071761,9.282320,1.714248,9.926521,80.055519,71.689278
1.4304639,3.052607,9.232041,1.723825,9.875251,79.946938,71.703346
1.4400880,3.017891,9.161413,1.744176,9.802107,79.750275,71.767433
1.4500200,2.961627,9.112331,1.739388,9.738136,79.710838,71.995155
1.4601719,2.938883,9.066842,1.738190,9.688445,79.664688,72.040665
1.4702179,2.950854,9.074024,1.756147,9.702036,79.571518,71.985580
1.4801019,2.984372,9.091981,1.742979,9.726693,79.677101,71.827980
1.4901659,3.017891,9.136273,1.722628,9.774795,79.849663,71.720589
1.5009530,3.047819,9.167398,1.714248,9.811679,79.937920,71.609955
1.5102900,3.070564,9.162610,1.731008,9.817239,79.844322,71.473022
1.5202749,3.093309,9.163807,1.770512,9.832529,79.626350,71.347519
1.5301759,3.105280,9.193734,1.802834,9.870042,79.475426,71.337067
1.5403459,3.104083,9.226056,1.811214,9.901310,79.459724,71.404617
1.5500029,3.139996,9.252393,1.801637,9.935404,79.552467,71.254265
1.5601190,3.147178,9.267955,1.808819,9.953469,79.529602,71.243729
1.5701720,3.156755,9.284714,1.820790,9.974281,79.481758,71.222229
1.5802588,3.144784,9.287108,1.836353,9.975582,79.392220,71.292961
1.5901330,3.130419,9.269152,1.857901,9.958338,79.247475,71.338921
1.6001090,3.116054,9.270349,1.867477,9.956738,79.189629,71.420898
1.6103259,3.130419,9.277532,1.850718,9.964802,79.296562,71.354607
1.6200739,3.149572,9.301474,1.832761,9.989806,79.428459,71.293381
1.6302040,3.154361,9.314642,1.833959,10.003797,79.436432,71.291565
1.6403069,3.145981,9.287108,1.865083,9.981288,79.230522,71.286339
1.6501849,3.132813,9.253590,1.898602,9.952292,79.002258,71.296410
1.6600881,3.122039,9.212888,1.930924,9.917303,78.772652,71.279648
1.6700660,3.113659,9.194932,1.947683,9.901269,78.655342,71.292473
1.6801090,3.151967,9.216479,1.940500,9.931965,78.733116,71.119698
1.6902210,3.190274,9.230844,1.914164,9.952405,78.911102,70.934326
1.7001148,3.210624,9.211691,1.918953,9.942120,78.871361,70.784615
1.7101198,3.229778,9.190144,1.900996,9.924917,78.957458,70.636520
1.7200249,3.221398,9.148245,1.903390,9.883860,78.896866,70.601158
1.7300069,3.175909,9.101558,1.877054,9.820799,78.981232,70.764015
1.7399800,3.126827,9.060856,1.841141,9.760428,79.126968,70.960861
1.7502809,3.107674,9.058462,1.810017,9.746258,79.297234,71.064514
1.7599869,3.107674,9.077616,1.770512,9.756816,79.544945,71.101631
1.7700679,3.139996,9.101558,1.734599,9.782984,79.787018,70.965797
1.7799640,3.172317,9.094376,1.729811,9.785883,79.818558,70.770111
1.7899010,3.216610,9.096769,1.742979,9.804885,79.760315,70.526451
1.7999300,3.235764,9.102755,1.775301,9.822525,79.587273,70.431183
1.8100920,3.233369,9.120711,1.750161,9.833877,79.748306,70.480156
1.8199990,3.224990,9.141062,1.739388,9.848098,79.826958,70.567032
1.8299149,3.252523,9.151836,1.717840,9.863366,79.970009,70.435005
1.8400539,3.268085,9.133880,1.722628,9.852695,79.930756,70.312881
1.8501279,3.253720,9.117120,1.736993,9.834923,79.827354,70.359520
1.8599349,3.236961,9.093178,1.769315,9.812964,79.612541,70.405449
1.8699909,3.216610,9.062054,1.790863,9.781339,79.450218,70.457489
1.8800540,3.203442,9.072827,1.814805,9.791412,79.318657,70.552849
1.8908739,3.190274,9.150639,1.778892,9.852740,79.598320,70.779427
1.9003270,3.190274,9.150639,1.778892,9.852740,79.598320,70.779427
1.9101020,3.203442,9.198523,1.762132,9.898483,79.745522,70.799011
1.9200399,3.242946,9.265560,1.754950,9.972320,79.864182,70.709953
1.9300349,3.265691,9.255983,1.784877,9.976159,79.693474,70.566170
1.9399970,3.276465,9.241618,1.835156,9.975496,79.399124,70.478867
1.9499918,3.276465,9.230844,1.845930,9.967505,79.327515,70.457809
1.9601190,3.282450,9.209297,1.854309,9.951085,79.260590,70.382515
1.9701300,3.307590,9.193734,1.867477,9.947480,79.179443,70.213013
1.9799999,3.325546,9.173384,1.890222,9.938972,79.036545,70.073341
1.9900299,3.323152,9.143456,1.909376,9.914225,78.896057,70.026535
2.0001168,3.308787,9.119514,1.915361,9.888489,78.831436,70.057968
2.0099459,3.286042,9.105149,1.935712,9.871615,78.691673,70.155525
2.0200160,3.269282,9.087193,1.924938,9.847368,78.727386,70.212883
2.0300231,3.244143,9.078813,1.912967,9.828975,78.777161,70.336601
2.0399659,3.219004,9.056067,1.896208,9.796425,78.839317,70.432106
2.0500090,3.215413,9.058462,1.877054,9.793771,78.950447,70.457054
2.0599179,3.211822,9.107543,1.837550,9.830550,79.226768,70.574539
2.0702438,3.238158,9.192537,1.795651,9.910235,79.560829,70.594711
2.0799038,3.265691,9.260772,1.756147,9.975505,79.860466,70.575462
2.0901880,3.281253,9.272743,1.715446,9.984646,80.107025,70.513161
2.1015899,3.266888,9.239224,1.704672,9.946946,80.132149,70.526962
2.1099429,3.247735,9.151836,1.744176,9.866410,79.817787,70.461632
2.1204059,3.198653,9.077616,1.799243,9.791412,79.411316,70.589218
2.1303921,3.156755,9.041702,1.823185,9.748922,79.221428,70.754227
2.1401680,3.143587,9.035717,1.843535,9.742943,79.092880,70.816872
2.1501298,3.162740,9.042900,1.847127,9.756477,79.086716,70.722794
2.1607208,3.178303,9.059659,1.819593,9.771896,79.268501,70.668144
2.1700668,3.227384,9.094376,1.800440,9.816581,79.431671,70.461403
2.1801090,3.277662,9.111135,1.805228,9.849604,79.439171,70.214188
2.1899869,3.300407,9.126697,1.829170,9.875988,79.326401,70.118935
2.2005801,3.308787,9.145850,1.841141,9.898709,79.280670,70.110886
2.2099509,3.309984,9.179369,1.839944,9.929864,79.321732,70.171227
2.2201979,3.312378,9.215282,1.807622,9.957951,79.541367,70.229332
2.2299299,3.282450,9.212888,1.777695,9.940422,79.698097,70.389580
2.2399118,3.247735,9.185355,1.753753,9.899200,79.795555,70.527557
2.2499058,3.208230,9.139865,1.766921,9.846415,79.662384,70.658157
2.2599931,3.186682,9.106346,1.778892,9.810451,79.552979,70.712975
2.2699678,3.223793,9.095572,1.805228,9.817389,79.404121,70.483871
2.2800829,3.257311,9.090784,1.836353,9.829782,79.233017,70.286934
2.2899909,3.305195,9.088389,1.863886,9.848716,79.090881,70.015076
2.2999501,3.335123,9.076419,1.883040,9.851409,78.980431,69.824181
2.3099709,3.355474,9.064447,1.905785,9.851671,78.845932,69.686478
2.3199339,3.369839,9.052477,1.923741,9.849057,78.736443,69.581917
2.3300438,3.378219,9.042900,1.939303,9.846182,78.640762,69.515472
2.3399720,3.391387,9.035717,1.910573,9.838494,78.802376,69.427315
2.3499498,3.383007,9.046491,1.903390,9.844116,78.851471,69.496315
2.3599510,3.355474,9.062054,1.895011,9.847390,78.904915,69.681549
2.3702641,3.343503,9.090784,1.862689,9.863619,79.114647,69.806961
2.3800850,3.333926,9.103952,1.839944,9.868252,79.254265,69.886948
2.3899589,3.311181,9.132683,1.805228,9.880722,79.472816,70.071182
2.4000268,3.300407,9.129091,1.796848,9.872267,79.513161,70.123741
2.4100740,3.268085,9.127894,1.788469,9.858877,79.548279,70.300972
2.4199688,3.254917,9.124303,1.860295,9.864486,79.129776,70.367134
2.4300809,3.272874,9.111135,1.886631,9.863257,78.972588,70.240852
2.4399691,3.263297,9.106346,1.908179,9.859807,78.841072,70.284653
2.4504540,3.270479,9.108741,1.920150,9.866720,78.778130,70.249405
2.4600689,3.272874,9.113529,1.944092,9.876619,78.647896,70.245644
2.4701319,3.305195,9.121908,1.947683,9.895807,78.648994,70.082726
2.4801478,3.305195,9.130288,1.938106,9.901653,78.712303,70.099571
2.4899750,3.315969,9.148245,1.926135,9.919477,78.803345,70.075912
2.5000498,3.315969,9.154230,1.898602,9.919691,78.965660,70.087914
2.5105109,3.298013,9.138668,1.895011,9.898646,78.963089,70.156219
2.5200770,3.300407,9.127894,1.877054,9.886075,79.054893,70.121338
2.5299358,3.305195,9.117120,1.868674,9.876140,79.093254,70.073090
2.5399659,3.318364,9.113529,1.889025,9.881111,78.978615,69.992729
2.5500491,3.323152,9.113529,1.885434,9.882035,79.000870,69.966148
2.5599501,3.289633,9.097966,1.886631,9.856675,78.965126,70.121078
2.5701690,3.262100,9.077616,1.881842,9.827804,78.960747,70.233772
2.5803330,3.256114,9.042900,1.878251,9.793066,78.942505,70.197365
2.5902550,3.240552,9.040505,1.879448,9.785920,78.927185,70.279877
2.6004107,3.262100,9.088389,1.880645,9.837527,78.978897,70.255394
2.6101530,3.294421,9.161413,1.845930,9.909195,79.263969,70.221542
2.6202180,3.341109,9.205706,1.845930,9.965715,79.325577,70.052200
2.6300709,3.372233,9.218874,1.865083,9.991903,79.242104,69.907654
2.6402569,3.355474,9.180567,1.895011,9.956559,79.028084,69.922768
2.6505227,3.330335,9.117120,1.932121,9.896771,78.741989,69.933578
2.6600690,3.287239,9.053674,1.935712,9.824557,78.636787,70.044884
2.6700730,3.265691,9.032125,1.950077,9.800349,78.522659,70.121834
2.6801360,3.270479,9.057265,1.948880,9.824878,78.558823,70.145905
2.6900721,3.305195,9.068039,1.946486,9.845936,78.597839,69.973785
2.7007759,3.333926,9.065644,1.965640,9.857216,78.497467,69.808807
2.7100921,3.332729,9.070433,1.971625,9.862411,78.468124,69.825264
2.7206020,3.326743,9.080010,1.977611,9.870398,78.442123,69.878128
2.7300999,3.319561,9.117120,1.963245,9.899278,78.561142,69.993340
2.7400298,3.315969,9.139865,1.960851,9.918554,78.597786,70.059082
2.7500720,3.330335,9.145850,1.944092,9.925583,78.704636,69.991608
2.7602150,3.320758,9.132683,1.939303,9.909300,78.714066,70.018097
2.7710221,3.309984,9.105149,1.926135,9.877739,78.755417,70.022339
2.7800419,3.293224,9.087193,1.930924,9.856514,78.702499,70.079338
2.7900150,3.268085,9.099164,1.923741,9.857786,78.746552,70.243576
2.8000209,3.264494,9.114726,1.904588,9.867249,78.870857,70.294708
2.8109629,3.280056,9.143456,1.893813,9.896873,78.968147,70.265434
2.8202870,3.292027,9.145850,1.875857,9.899639,79.077126,70.203781
2.8302667,3.306392,9.109938,1.868674,9.869911,79.086288,70.051964
2.8401110,3.309984,9.069236,1.923741,9.844176,78.730789,69.949516
2.8500280,3.314772,9.038112,1.982399,9.828789,78.364014,69.859238
2.8616769,3.307590,9.027337,2.000355,9.820101,78.246582,69.877319
2.8701448,3.309984,9.033323,1.988384,9.823980,78.322594,69.876190
2.8800571,3.313575,9.068039,1.978808,9.855191,78.416939,69.927063
2.8900421,3.330335,9.112331,1.968034,9.899438,78.533058,69.923874
2.9001977,3.362656,9.126697,1.928530,9.915810,78.785049,69.774094
2.9111979,3.357868,9.088389,1.914164,9.876139,78.824371,69.722351
2.9203241,3.338714,9.058462,1.923741,9.843959,78.730537,69.767418
2.9305809,3.314772,9.041702,1.928530,9.821370,78.675789,69.866592
2.9400718,3.305195,9.039309,1.920150,9.814295,78.717407,69.915215
2.9502509,3.295619,9.058462,1.885434,9.822001,78.932793,70.007774
2.9621308,3.292027,9.074024,1.872266,9.832636,79.023087,70.059387
2.9752429,3.315969,9.106346,1.860295,9.868226,79.133949,69.991501
2.9900329,3.338714,9.112331,1.889025,9.886860,78.985100,69.877411
3.0005178,3.336320,9.107543,1.920150,9.887636,78.802177,69.880959
3.0101078,3.324349,9.085996,1.941698,9.867969,78.651993,69.903633
3.0204821,3.329138,9.064447,1.977611,9.856891,78.426064,69.833015
3.0303140,3.326743,9.064447,1.978808,9.856323,78.418282,69.846352
3.0400488,3.344700,9.070433,1.976413,9.867420,78.445679,69.758667
3.0501919,3.357868,9.083601,1.953669,9.879469,78.594566,69.712532
3.0601659,3.371036,9.105149,1.930924,9.899298,78.751968,69.683731
3.0701077,3.374627,9.113529,1.909376,9.904052,78.884506,69.681030
3.0806451,3.372233,9.114726,1.899799,9.902496,78.939201,69.696716
3.0906198,3.367445,9.096769,1.906982,9.885721,78.877769,69.686440
3.1005509,3.349488,9.069236,1.909376,9.854736,78.828163,69.729591
3.1099939,3.330335,9.041702,1.924938,9.825930,78.702469,69.779709
3.1199989,3.331532,9.024943,1.927332,9.811387,78.671242,69.738518
3.1300449,3.353080,9.052477,1.917756,9.842168,78.763985,69.675133
3.1403141,3.387795,9.101558,1.912967,9.898231,78.856697,69.583649
3.1500180,3.424906,9.131485,1.915361,9.938944,78.888863,69.440659
3.1601009,3.450045,9.135077,1.928530,9.953475,78.828033,69.309952
3.1700017,3.435679,9.117120,1.948880,9.935990,78.688469,69.351669
3.1799700,3.411737,9.105149,1.965640,9.920052,78.571312,69.458817
3.1898990,3.396175,9.077616,1.966837,9.889669,78.528648,69.487854
3.1999948,3.387795,9.077616,1.954866,9.884420,78.593277,69.534264
3.2100189,3.373430,9.074024,1.950077,9.875259,78.610893,69.606483
3.2199731,3.368642,9.088389,1.962048,9.889196,78.556404,69.662605
3.2299697,3.377022,9.091981,1.952471,9.893459,78.617981,69.623566
3.2399089,3.362656,9.083601,1.950077,9.880388,78.616882,69.685959
3.2500229,3.366248,9.068039,1.940500,9.865419,78.656113,69.634010
3.2601211,3.390190,9.066842,1.953669,9.875112,78.589462,69.498688
3.2702789,3.390190,9.070433,1.947683,9.877227,78.627357,69.506134
3.2802911,3.403358,9.095572,1.933318,9.902020,78.740974,69.485283
3.2904308,3.427300,9.097966,1.908179,9.907598,78.895592,69.358078
3.3000069,3.428497,9.087193,1.914164,9.899277,78.850830,69.329063
3.3102021,3.403358,9.060856,1.914164,9.866406,78.813202,69.413269
3.3200140,3.365051,9.033323,1.911770,9.827479,78.782547,69.568871
3.3299770,3.337517,9.034520,1.912967,9.819421,78.766106,69.724846
3.3402188,3.331532,9.064447,1.915361,9.845401,78.781929,69.819687
3.3501828,3.343503,9.080010,1.917756,9.864247,78.789459,69.784943
3.3622770,3.363853,9.099164,1.916559,9.888554,78.824440,69.711243
3.3709030,3.378219,9.097966,1.917756,9.892580,78.821983,69.629242
3.3809268,3.383007,9.089587,1.935712,9.890011,78.712982,69.585495
3.3908868,3.397372,9.076419,1.941698,9.884012,78.670654,69.478745
3.4002507,3.387795,9.071630,1.941698,9.876327,78.661720,69.521881
3.4100978,3.374627,9.064447,1.938106,9.864511,78.669235,69.580070
3.4206750,3.379416,9.070433,1.929727,9.870008,78.725235,69.565865
3.4300950,3.374627,9.058462,1.918953,9.855264,78.772011,69.567696
3.4403749,3.359065,9.045294,1.924938,9.839006,78.717682,69.626991
3.4501910,3.361459,9.041702,1.933318,9.838165,78.666931,69.606232
3.4613988,3.357868,9.054871,1.916559,9.845768,78.775246,69.653427
3.4710519,3.353080,9.064447,1.898602,9.849469,78.885994,69.699783
3.4801090,3.350685,9.069236,1.879448,9.849389,78.999428,69.722939
3.4906747,3.337517,9.085996,1.897405,9.863797,78.909431,69.830429
3.5005560,3.344700,9.089587,1.906982,9.871383,78.861412,69.797874
3.5101597,3.341109,9.108741,1.892616,9.885048,78.961853,69.856842
3.5202699,3.344700,9.100361,1.897405,9.879460,78.927231,69.819862
3.5307148,3.341109,9.087193,1.891419,9.864965,78.946182,69.812927
3.5401659,3.349488,9.071630,1.903390,9.855783,78.864830,69.734505
3.5501068,3.347094,9.065644,1.914164,9.851546,78.796112,69.735535
3.5601547,3.362656,9.069236,1.939303,9.865059,78.662781,69.656418
3.5700588,3.381810,9.077616,1.948880,9.881188,78.624901,69.567429
3.5800669,3.374627,9.077616,1.944092,9.877789,78.649261,69.607254
3.5904539,3.371036,9.070433,1.945289,9.870196,78.633324,69.612366
3.6001520,3.355474,9.065644,1.953669,9.862146,78.574257,69.688934
3.6100659,3.330335,9.054871,1.952471,9.843472,78.559402,69.806740
3.6202297,3.333926,9.059659,1.942895,9.847199,78.620636,69.796547
3.6306119,3.341109,9.078813,1.921347,9.863033,78.766792,69.795799
3.6399841,3.368642,9.096769,1.915361,9.887749,78.830589,69.679810
3.6499410,3.378219,9.096769,1.920150,9.891944,78.807121,69.626785
3.6601219,3.361459,9.085996,1.934515,9.879124,78.707458,69.697517
3.6699917,3.347094,9.065644,1.941698,9.856934,78.639122,69.735535
3.6799319,3.337517,9.068039,1.924938,9.852601,78.733452,69.793716
3.6902897,3.336320,9.107543,1.914164,9.886476,78.836205,69.880959
3.7000530,3.347094,9.157822,1.915361,9.936667,78.886284,69.923141
3.7101018,3.375824,9.197326,1.932121,9.985994,78.843880,69.844635
3.7201338,3.384204,9.186552,1.942895,9.981003,78.775177,69.776871
3.7301989,3.373430,9.145850,1.965640,9.944363,78.599625,69.753593
3.7400408,3.349488,9.109938,1.962048,9.902508,78.571991,69.812828
3.7502198,3.337517,9.070433,1.965640,9.862835,78.504112,69.798622
3.7602291,3.331532,9.072827,1.963245,9.862536,78.517952,69.836823
3.7701259,3.335123,9.077616,1.940500,9.863655,78.654053,69.826630
3.7800770,3.339911,9.097966,1.950077,9.885889,78.623299,69.841545
3.7900989,3.357868,9.109938,1.939303,9.900866,78.704323,69.766418
3.8001568,3.362656,9.105149,1.936909,9.897616,78.714699,69.730125
3.8102808,3.356671,9.060856,1.935712,9.854609,78.671898,69.672424
3.8203268,3.354277,9.036914,1.953669,9.835335,78.542694,69.636330
3.8311589,3.333926,9.023746,1.957260,9.817022,78.499641,69.722672
3.8406639,3.325546,9.033323,1.946486,9.820845,78.568314,69.789215
3.8500929,3.343503,9.077616,1.920150,9.862510,78.773277,69.780045
3.8602958,3.361459,9.096769,1.903390,9.882991,78.895882,69.719604
3.8702190,3.354277,9.088389,1.892616,9.870765,78.945679,69.742271
3.8804488,3.350685,9.062054,1.881842,9.843233,78.978264,69.708176
3.8903270,3.318364,9.044097,1.890222,9.817340,78.898994,69.851440
3.9005849,3.313575,9.041702,1.892616,9.813978,78.880898,69.873276
3.9101529,3.320758,9.065644,1.914164,9.842630,78.785835,69.882149
3.9201920,3.336320,9.102755,1.904588,9.880214,78.885643,69.871223
3.9301789,3.375824,9.119514,1.905785,9.909276,78.911598,69.686661
3.9401720,3.381810,9.088389,1.927332,9.886864,78.758858,69.589653
3.9502409,3.379416,9.080010,1.938106,9.880450,78.687759,69.585640
3.9602230,3.371036,9.063251,1.947683,9.864069,78.611984,69.597534
3.9701800,3.367445,9.062054,1.934515,9.859151,78.684280,69.615013
3.9801190,3.390190,9.081207,1.935712,9.884770,78.706917,69.528427
3.9902368,3.396175,9.084799,1.932121,9.889422,78.733521,69.502724
4.0001278,3.386598,9.093178,1.929727,9.893371,78.752213,69.573013
4.0104280,3.374627,9.069236,1.910573,9.863541,78.831177,69.589966
4.0202608,3.363853,9.064447,1.921347,9.857551,78.760468,69.639908
4.0303779,3.355474,9.052477,1.912967,9.842052,78.792267,69.661812
4.0403128,3.339911,9.069236,1.905785,9.850790,78.844925,69.782852
4.0502720,3.332729,9.089587,1.904588,9.866871,78.870422,69.864365
4.0602527,3.330335,9.115923,1.921347,9.893571,78.801918,69.931152
4.0702829,3.339911,9.106346,1.929727,9.889610,78.747879,69.858604
4.0802279,3.348291,9.101558,1.929727,9.888036,78.746063,69.802383
4.0906229,3.349488,9.083601,1.953669,9.876624,78.591232,69.759048
4.1000152,3.357868,9.080010,1.966837,9.878780,78.515831,69.705162
4.1101418,3.366248,9.083601,1.966837,9.884932,78.523079,69.666039
4.1202888,3.377022,9.111135,1.968034,9.914142,78.550293,69.662888
4.1302228,3.403358,9.127894,1.969231,9.938771,78.572006,69.551910
4.1401887,3.381810,9.136273,1.964442,9.938167,78.599464,69.687866
4.1502366,3.365051,9.124303,1.939303,9.916519,78.722389,69.755981
4.1602407,3.357868,9.107543,1.906982,9.892381,78.885353,69.761528
4.1701231,3.350685,9.077616,1.912967,9.863551,78.817017,69.740135
4.1802340,3.361459,9.066842,1.935712,9.861745,78.680206,69.658142
4.1902518,3.368642,9.057265,1.964442,9.861077,78.509132,69.598473
4.2003870,3.373430,9.072827,1.970428,9.878199,78.493889,69.604019
4.2102380,3.384204,9.082404,1.971625,9.890916,78.501808,69.564049
4.2207427,3.394978,9.084799,1.966837,9.895852,78.535912,69.509346
4.2301760,3.378219,9.063251,1.951274,9.867236,78.594414,69.557655
4.2402730,3.348291,9.035717,1.928530,9.827230,78.682632,69.667221
4.2506270,3.344700,9.042900,1.916559,9.830273,78.757324,69.702065
4.2604656,3.363853,9.094376,1.898602,9.880682,78.921547,69.701431
4.2708092,3.379416,9.139865,1.881842,9.924662,79.069817,69.708397
4.2806129,3.385401,9.180567,1.879448,9.963737,79.127220,69.758179
4.2902369,3.398569,9.172187,1.891419,9.962769,79.056038,69.668823
4.3002291,3.386598,9.133880,1.897405,9.924562,78.978188,69.656563
4.3102098,3.360262,9.065644,1.936909,9.860471,78.671631,69.662323
4.3201628,3.329138,9.008183,1.965640,9.802769,78.432701,69.717293
4.3302345,3.321955,9.003395,1.993173,9.801493,78.266838,69.747604
4.3405900,3.318364,9.016563,1.993173,9.812374,78.280037,69.794884
4.3502040,3.321955,9.047688,1.988384,9.841226,78.343346,69.838753
4.3603840,3.337517,9.077616,1.969231,9.870157,78.491478,69.813316
4.3710179,3.363853,9.093178,1.934515,9.886543,78.716042,69.698975
4.3806949,3.384204,9.094376,1.920150,9.891788,78.806938,69.588730
4.3906307,3.417723,9.099164,1.935712,9.910731,78.736885,69.413399
4.4004331,3.428497,9.099164,1.958457,9.918918,78.612312,69.353966
4.4101968,3.430891,9.091981,1.957260,9.912920,78.612389,69.325821
4.4210696,3.410540,9.051279,1.958457,9.868789,78.553688,69.353485
4.4305406,3.357868,9.032125,1.952471,9.831923,78.545776,69.606407
4.4401369,3.321955,9.026140,1.954866,9.814688,78.511131,69.794510
4.4504919,3.319561,9.050082,1.941698,9.833294,78.611443,69.857018
4.4601579,3.331532,9.081207,1.928530,9.863400,78.724678,69.853935
4.4716058,3.348291,9.115923,1.929727,9.901260,78.761292,69.831642
4.4804897,3.375824,9.129091,1.915361,9.919935,78.867294,69.706230
4.4904842,3.405752,9.126697,1.941698,9.933072,78.727348,69.536255
4.5001278,3.438074,9.103952,1.972822,9.929468,78.540009,69.311142
4.5102730,3.454833,9.068039,2.005144,9.908875,78.325096,69.143654
4.5208621,3.439271,9.039309,2.020706,9.880331,78.198715,69.169212
4.5301895,3.428497,9.020155,2.014721,9.857834,78.206932,69.188560
4.5401692,3.432088,9.012972,2.002750,9.850071,78.268631,69.153450
4.5502791,3.439271,9.005790,2.001553,9.845762,78.270538,69.098366
4.5601802,3.438074,9.016563,2.008735,9.856662,78.241051,69.127831
4.5703111,3.429694,9.029732,1.989582,9.861911,78.361038,69.202103
4.5802522,3.406949,9.047688,1.954866,9.863543,78.568802,69.365898
4.5901995,3.426103,9.066842,1.938106,9.884436,78.692383,69.299843
4.6012750,3.444059,9.068039,1.927332,9.889666,78.762085,69.203125
4.6108589,3.422511,9.039309,1.935712,9.857468,78.675224,69.262062
4.6202941,3.348291,9.003395,1.934515,9.798700,78.613541,69.600235
4.6301970,3.276465,8.971074,1.892616,9.736395,78.791161,69.936516
4.6403198,3.211822,8.933964,1.873463,9.676847,78.836899,70.226143
4.6501822,3.184288,8.981848,1.805228,9.699080,79.273346,70.479317
4.6602979,3.219004,9.196129,1.859098,9.919023,79.197304,70.707962
