Keuwl Accelerometer Data File
2019-06-27 15-59-03

Time (s), X (m/s2), Y (m/s2), Z (m/s2), R (m/s2), Theta (deg), Phi (deg)
0.0000000,0.733823,5.342661,7.910442,9.573799,34.283607,82.179268
0.0095360,1.122881,5.044583,8.857349,10.254819,30.262497,77.451042
0.0194530,1.419762,4.838682,8.749610,10.098724,29.956192,73.647301
0.0294630,1.681927,4.808754,8.698134,10.080205,30.357065,70.722023
0.0394730,1.663970,4.728549,8.756793,10.090064,29.788752,70.613091
0.0494950,1.419762,4.747702,8.779537,10.081502,29.441729,73.351135
0.0594980,1.165976,4.801571,8.779537,10.074466,29.370750,76.350929
0.0695250,1.078588,4.781221,8.738836,10.019515,29.286854,77.287537
0.0795300,1.086968,4.748899,8.583213,9.869401,29.578617,77.107742
0.0894610,1.065420,4.753687,8.371326,9.685648,30.196884,77.367348
0.0994850,0.984017,4.777629,8.232463,9.569090,30.647665,78.361908
0.1095030,0.885855,4.777629,8.036138,9.390952,31.159313,79.495674
0.1197370,0.973243,4.254497,8.001422,9.114312,28.610357,77.114929
0.1296510,0.866701,5.122395,7.600393,9.206306,34.354309,80.396599
0.1395130,0.575805,5.048174,7.619547,9.158226,33.696358,83.492844
0.1498160,0.658405,5.018247,8.031349,9.493095,32.218609,82.525360
0.1595010,0.723049,4.942830,8.251616,9.645907,31.190228,81.677666
0.1696680,0.919373,4.893748,8.440758,9.800021,30.537146,79.360039
0.1795890,1.340753,4.848258,8.832211,10.164210,29.662920,74.541580
0.1896680,1.715446,4.757279,9.123106,10.430988,29.000477,70.171005
0.1996970,1.843535,4.772841,9.138668,10.473485,29.243345,68.880676
0.2096490,1.759738,4.829105,8.602366,10.020861,30.857468,69.978134
0.2195660,1.316811,4.866215,8.656237,10.017209,30.215740,74.858246
0.2298550,1.206678,4.984728,8.413225,9.853220,31.366484,76.391907
0.2396180,1.212663,5.031415,8.441956,9.902137,31.511118,76.449112
0.2496930,1.183933,5.048174,8.389283,9.862345,31.718893,76.801140
0.2597260,1.121683,5.018247,8.367735,9.821404,31.571251,77.400299
0.2696450,1.024718,4.954801,8.382100,9.790797,31.116280,78.315208
0.2795200,0.950498,4.897339,8.352173,9.728626,30.849730,79.016327
0.2896510,0.951695,4.811148,8.298303,9.639227,30.583471,78.810745
0.2995270,1.015141,4.770447,8.271967,9.602766,30.524164,77.986763
0.3101900,1.115698,4.842273,8.262390,9.641549,31.023418,77.025040
0.3196150,1.199495,4.918888,8.218098,9.652532,31.636497,76.295609
0.3299690,1.231817,4.954801,8.184579,9.646489,31.956350,76.038696
0.3397560,1.306037,5.026627,8.141483,9.656939,32.534168,75.435242
0.3496090,1.307234,5.067328,8.112753,9.654192,32.824520,75.534615
0.3598580,1.253365,5.067328,8.048109,9.592747,32.967583,76.107162
0.3697170,1.144428,5.029021,7.936779,9.465369,33.017204,77.179817
0.3796250,1.128866,4.993108,7.811083,9.339084,33.239517,77.260468
0.3895950,1.145625,4.936844,7.789535,9.293101,33.048820,76.935394
0.3997340,1.155202,4.916493,7.964312,9.430624,32.379890,76.777367
0.4096720,1.289278,4.961983,7.936779,9.448596,32.860348,75.434845
0.4196000,1.333570,4.976348,8.360553,9.820453,31.642187,74.998260
0.4296680,1.508347,5.012261,8.500613,9.982900,31.622900,73.251808
0.4396310,1.728614,5.118803,8.441956,10.022818,32.618996,71.340240
0.4495650,1.842338,5.225345,8.418014,10.077767,33.352348,70.578506
0.4595840,1.845930,5.224148,8.347384,10.018883,33.574730,70.539368
0.4696640,1.820790,5.194221,8.343793,9.995704,33.411446,70.682312
0.4795910,1.884237,5.196615,8.401254,10.056650,33.343235,70.069901
0.4895520,1.974019,5.254076,8.397662,10.100633,33.757217,69.408195
0.4995880,1.899799,5.327099,8.481460,10.194233,33.696701,70.372284
0.5096920,1.866280,5.433641,8.398860,10.175869,34.373947,71.044060
0.5205530,1.751359,4.918888,8.209718,9.729449,32.456318,70.401848
0.5297160,1.905785,4.873397,8.570045,10.041299,31.407820,68.641586
0.5397300,1.916559,4.836287,8.781932,10.207115,30.641449,68.382217
0.5495550,1.897405,4.829105,8.517372,9.973266,31.348324,68.549629
0.5594960,1.851915,4.835090,8.361750,9.834965,31.765877,69.042381
0.5695029,1.855506,4.860229,8.207323,9.717247,32.369392,69.104477
0.5798020,1.999158,4.899734,8.050503,9.634034,33.318344,67.803871
0.5896999,2.018312,5.245696,8.005013,9.781163,35.073940,68.955482
0.5994949,1.990779,5.578490,7.745243,9.750463,37.406464,70.360199
0.6095530,1.970428,5.507861,7.475895,9.492530,38.042339,70.315414
0.6199059,1.942895,5.309142,7.497443,9.390074,37.018284,69.899765
0.6297140,2.009932,5.269638,7.698555,9.543409,36.226391,69.122269
0.6396760,1.765724,4.967968,7.606379,9.255025,34.728096,70.433685
0.6495820,1.880645,5.070919,7.508216,9.253344,35.766491,69.651756
0.6602960,2.196680,5.322310,8.145074,9.974699,35.256767,67.572563
0.6708040,2.294842,5.427655,8.033744,9.963272,36.260536,67.081093
0.6810240,2.466028,5.511452,7.952341,9.984845,37.208420,65.894493
0.6896629,2.665944,5.916072,7.703344,10.072173,40.109509,65.742371
0.6999610,2.540248,5.925649,7.437588,9.842961,40.919987,66.795822
0.7096560,2.391808,5.693412,7.399281,9.637688,39.848236,67.212677
0.7209500,2.276886,5.828684,7.171831,9.518032,41.105579,68.662666
0.7297420,2.309207,5.893328,6.873753,9.344102,42.639965,68.603058
0.7401730,2.260126,5.856217,6.890512,9.321084,42.333336,68.896591
0.7495940,1.922544,5.658696,6.805518,9.057157,41.288483,71.234787
0.7599509,1.856703,5.485116,7.125144,9.181586,39.101906,71.299118
0.7695780,2.324770,5.573701,7.424419,9.570408,39.125256,67.359169
0.7796960,2.682703,5.602432,7.886500,10.038975,38.224888,64.412750
0.7897170,3.254917,5.738902,7.772776,10.195368,40.325264,60.439510
0.7998819,3.518279,5.615600,7.845799,10.269850,40.185055,57.932079
0.8097270,3.525462,5.431247,7.771579,10.115570,39.800415,57.012104
0.8203050,3.211822,5.125986,7.635109,9.740966,38.388840,57.929714
0.8297009,2.813187,4.726154,7.484274,9.287890,36.311455,59.237282
0.8396130,2.583344,4.463989,7.436390,9.049905,34.743740,59.941715
0.8497310,2.598906,4.280833,7.374141,8.913911,34.181484,58.737942
0.8598480,2.436100,4.065354,7.265205,8.674381,33.117973,59.068508
0.8708600,2.409764,3.982754,7.076063,8.469945,33.339153,58.823982
0.8796460,2.268506,3.839103,6.854599,8.177430,33.045902,59.421375
0.8899210,1.905785,3.653552,6.518214,7.711522,32.300571,62.452320
0.8998449,1.810017,3.438074,6.581660,7.642955,30.555094,62.234882
0.9098510,1.892616,3.658340,6.627151,7.802857,31.861820,62.645535
0.9196480,2.497152,3.921702,6.827066,8.259803,34.254963,57.512966
0.9298630,3.513491,4.559757,6.477513,8.665689,41.626614,52.384186
0.9399199,3.907337,5.035006,6.641516,9.204798,43.819252,52.187313
0.9497219,4.231751,5.297171,6.640318,9.490077,45.596119,51.379688
0.9599390,5.926847,5.981913,7.031770,10.970716,50.136692,45.264935
0.9696880,5.852626,5.500679,4.757279,9.335010,59.361683,43.224426
0.9802940,4.544195,4.906917,5.580884,8.710557,50.155708,47.197865
0.9896560,3.700239,4.039018,8.246828,9.900283,33.592968,47.506474
1.0002229,4.039018,4.077325,6.873753,8.954704,39.859921,45.270420
1.0097849,4.435259,5.741296,5.978322,9.400763,50.510258,52.313240
1.0208369,3.405752,6.562507,9.103952,11.728068,39.081196,62.571987
1.0297910,4.381389,7.625533,10.001778,13.318441,41.325348,60.119690
1.0398760,6.455965,9.573215,7.982268,14.037185,55.343742,56.005142
1.0497470,7.575254,10.954670,5.615600,14.454211,67.138206,55.335789
1.0599730,7.026982,11.259931,4.284424,13.947071,72.109932,58.032963
1.0705080,5.383362,10.511743,4.255693,12.553416,70.183624,62.881721
1.0803120,3.519476,9.044097,4.440047,10.672227,65.415329,68.736687
1.0896540,1.880645,7.524976,4.472369,8.953444,60.032166,75.968048
1.1000550,0.729034,6.399701,4.259285,7.721993,56.524632,83.501053
1.1097900,0.237026,5.955577,4.065354,7.214720,55.703159,87.720886
1.1200501,0.405817,6.162675,4.011485,7.364460,56.995243,86.232468
1.1297690,1.218649,6.864176,3.839103,7.958689,61.159119,79.932747
1.1396799,2.370260,7.734468,3.803190,8.938925,64.819969,72.962097
1.1497380,3.582923,8.388085,3.973178,9.949042,66.462273,66.870522
1.1596160,5.163096,8.602366,4.171896,10.865680,67.421326,59.028038
1.1696829,5.324705,8.286332,4.453215,10.809574,65.671387,57.275654
1.1796559,5.263652,7.942764,4.675876,10.614017,63.861797,56.467651
1.1907990,5.159505,7.764396,4.795586,10.483510,62.777905,56.395638
1.1996920,5.148731,7.730877,4.806360,10.458345,62.640526,56.336559
1.2097870,5.260061,7.721301,4.772841,10.491270,62.939278,55.735729
1.2208729,5.386954,7.606379,4.762067,10.466784,62.937027,54.693291
1.2296839,5.740098,7.477092,4.760870,10.560375,63.203442,52.486866
1.2398300,6.356606,7.394492,4.891354,10.909184,63.360828,49.316311
1.2497149,6.714539,7.231686,5.176264,11.143430,62.321312,47.123642
1.2597740,6.667852,7.018602,5.602432,11.185181,59.941769,46.468029
1.2695889,6.347029,6.805518,5.458780,10.788796,59.604404,46.996487
1.2796519,5.862203,6.773197,5.584476,10.555945,58.059654,49.123810
1.2897780,5.376180,6.945579,5.258864,10.237188,59.089268,52.258572
1.3003609,5.038598,7.315483,4.616021,10.010565,62.540924,55.442558
1.3097620,4.817134,7.702147,4.497508,10.136835,63.661102,57.977009
1.3197041,4.752491,7.924808,3.883395,10.023447,67.205254,59.048973
1.3297269,4.790798,7.912837,3.332729,9.832182,70.186401,58.807346
1.3410261,4.759673,7.824251,3.459621,9.789912,69.305420,58.686882
1.3498379,4.815937,7.708132,3.053804,9.588236,71.428070,58.003414
1.3598130,4.746505,7.659051,3.286042,9.591061,69.963722,58.212475
1.3696949,4.637568,7.770381,3.088520,9.561633,71.154839,59.170135
1.3797660,4.392163,8.043321,3.365051,9.762667,69.837395,61.362663
1.3896290,4.161122,8.288726,3.092112,9.776455,71.561806,63.342346
1.3999609,4.127604,8.471883,2.640805,9.786918,74.345848,64.024094
1.4097589,4.334702,8.553286,2.801216,9.989752,73.715385,63.124657
1.4197969,4.655525,8.493430,2.864662,10.100424,73.523743,61.271420
1.4296060,4.845864,8.398860,2.869451,10.112220,73.515213,60.016476
1.4396509,4.856638,8.286332,3.060987,10.080668,72.323082,59.625336
1.4497670,4.606444,8.123527,3.171120,9.862404,71.244141,60.444607
1.4596690,4.505888,8.194156,3.174711,9.875525,71.247993,61.194027
1.4697250,4.515464,8.519767,3.276465,10.183863,71.232353,62.076473
1.4796770,4.545392,9.018958,3.533842,10.700011,70.715126,63.252720
1.4895160,4.837484,9.472659,3.658340,11.247932,71.019547,62.947571
1.4996530,5.046977,9.684546,3.737349,11.542538,71.107765,62.474304
1.5098649,5.147533,9.605537,3.781641,11.535349,70.862839,61.813488
1.5195279,5.063736,9.390059,4.177882,11.457284,68.614044,61.663540
1.5296719,5.051765,9.120711,4.022259,11.175253,68.904373,61.018875
1.5396760,5.157111,9.023746,4.121618,11.180856,68.368744,60.251846
1.5495110,4.902128,8.965088,4.179079,11.039400,67.755463,61.330074
1.5596120,4.623203,8.992621,4.498705,11.067050,66.015129,62.791817
1.5696610,4.410120,9.070433,4.322731,10.973054,66.800087,64.070595
1.5798539,4.228160,9.127894,4.248511,10.919966,67.104042,65.145805
1.5897449,4.055778,9.090784,3.963601,10.714561,68.288910,65.956360
1.5996220,3.881001,8.948329,4.169502,10.607522,66.854317,66.553024
1.6096070,3.672705,8.768764,3.965995,10.300927,67.355431,67.274132
1.6199939,3.066972,8.649054,3.714604,9.900037,67.962639,70.475388
1.6295850,2.774880,8.729259,3.484761,9.800178,69.170921,72.365448
1.6402420,2.626439,8.881291,3.159149,9.785486,71.165222,73.525620
1.6496519,2.543839,8.906430,2.785654,9.672408,73.261742,74.059692
1.6605170,2.408567,8.856153,2.974796,9.647903,72.041023,74.785522
1.6696509,2.288857,8.854955,2.711433,9.539442,73.486938,75.507217
1.6796280,2.146402,8.876503,2.515109,9.472335,74.602058,76.406403
1.6901029,1.938106,8.904037,2.420538,9.428527,75.124184,77.720200
1.6996629,1.630451,8.847773,2.363077,9.301913,75.283173,79.558777
1.7097940,1.351527,8.767567,2.055422,9.106131,76.954865,81.236794
1.7196440,1.173159,8.713697,1.930924,9.001849,77.613632,82.332153
1.7297660,1.011550,8.728063,1.974019,9.005502,77.337860,83.389122
1.7404679,1.019930,8.838196,1.863886,9.089996,78.167686,83.417175
1.7500249,1.165976,9.038112,1.880645,9.305041,78.339607,82.649063
1.7598969,1.511938,9.277532,1.869871,9.584100,78.749352,80.744003
1.7696840,1.941698,9.498995,1.947683,9.889113,78.641212,78.447273
1.7796820,2.444480,9.682152,2.215834,10.228854,77.489075,75.830490
1.7896199,2.647987,9.726444,2.446874,10.373174,76.356216,74.770538
1.8000579,2.643199,9.704897,2.681506,10.409707,75.072495,74.764618
1.8097359,2.564190,9.634268,2.717419,10.333371,74.753334,75.096062
1.8196290,2.193089,9.546879,3.093309,10.272346,72.474533,77.062592
1.8297189,1.838747,9.461885,2.828749,10.045402,73.644493,79.002670
1.8400290,1.593341,9.501390,2.541445,9.963638,75.222145,80.480324
1.8496920,1.556231,9.521740,2.258929,9.908993,76.822556,80.717659
1.8604579,1.720234,9.582792,2.132037,9.966680,77.648033,79.823067
1.8697190,1.990779,9.616311,2.229002,10.070009,77.211632,78.303795
1.8800089,2.188300,9.563639,2.407370,10.101846,76.213188,77.111755
1.8909739,2.238579,9.424775,2.588132,10.026766,75.041321,76.638664
1.8998749,2.146402,9.271546,2.626439,9.872527,74.571526,76.965408
1.9100959,2.045845,9.226056,2.455254,9.763906,75.435944,77.497169
1.9196680,1.930924,9.283517,2.237381,9.742588,76.723557,78.250298
1.9296860,1.917756,9.396045,1.959654,9.787936,78.450691,78.464233
1.9404879,1.971625,9.512163,1.762132,9.872875,79.718636,78.289886
1.9495769,1.972822,9.562442,1.611298,9.895888,80.629097,78.342888
1.9596028,1.933318,9.533711,1.523909,9.846404,81.096649,78.536583
1.9695590,1.806425,9.465476,1.520318,9.755500,81.034363,79.195389
1.9795868,1.806425,9.465476,1.522712,9.755874,81.020470,79.195389
1.9895929,2.027889,9.530120,1.437718,9.848988,81.606186,77.987350
1.9996150,2.256535,9.625888,1.460463,9.994129,81.597160,76.806747
2.0097220,2.668338,9.538500,1.854309,10.076778,79.396111,74.371361
2.0195761,2.835932,9.325416,2.565387,10.079042,75.254448,73.085075
2.0297329,2.557007,9.118318,3.513491,10.100822,69.644615,74.335159
2.0399768,1.923741,8.987833,4.134786,10.078610,65.779236,77.918793
2.0495811,1.339556,9.117120,4.276044,10.158781,65.107254,81.641479
2.0597959,1.194707,9.594764,4.262876,10.566879,66.207932,82.902260
2.0696590,1.370680,10.134656,4.193444,11.053280,67.704430,82.297661
2.0802619,1.715446,10.545261,4.248511,11.497615,68.314453,80.760368
2.0897081,1.762132,10.447099,4.052186,11.343156,69.069435,80.425926
2.0996740,1.669956,10.302250,3.561375,11.027624,71.158554,80.792656
2.1098108,1.567005,10.254366,3.017891,10.803481,73.778923,81.311646
2.1196899,1.515530,10.248381,2.516306,10.661047,76.347771,81.588074
2.1298020,1.509544,10.211270,2.081758,10.530075,78.597717,81.590805
2.1401358,1.577779,10.049662,1.776498,10.326715,80.094170,81.077499
2.1495638,1.529895,9.792285,1.546654,10.031031,81.130356,81.120193
2.1598170,1.464054,9.500193,1.510741,9.730337,81.068069,81.239189
2.1696579,1.276109,9.222465,1.523909,9.434225,80.704292,82.122025
2.1800990,1.000776,9.003395,1.482011,9.179273,80.708824,83.657303
2.1901910,0.750582,8.894460,1.349133,9.027455,81.405075,85.176376
2.2006299,0.628478,8.866926,1.122881,8.959812,82.800529,85.945717
2.2097988,0.603339,8.918402,0.928950,8.986927,84.066917,86.129784
2.2197781,0.646434,8.938752,0.805649,8.998236,84.863197,85.863670
2.2296178,0.774524,8.949526,0.787692,9.017447,84.988708,85.053741
2.2397161,1.021127,8.954314,0.841562,9.051557,84.665260,83.494240
2.2496178,1.308431,8.911219,0.957681,9.057536,83.930595,81.646965
2.2602539,1.617283,8.832211,1.151611,9.052610,82.691422,79.623413
2.2697608,1.908179,8.720880,1.482011,9.049378,80.574249,77.657860
2.2801800,2.175132,8.585608,1.880645,9.054318,78.011986,75.783447
2.2901900,2.408567,8.508993,2.206257,9.114369,75.991631,74.195236
2.2996879,2.574964,8.517372,2.493561,9.240883,74.345245,73.178932
2.3109550,2.753332,8.628703,2.683900,9.446623,73.494217,72.302643
2.3198488,2.901772,8.805874,2.890999,9.711929,72.681984,71.761559
2.3296120,3.031059,8.961497,3.015497,9.929198,72.320030,71.312851
2.3402932,3.072958,9.065644,3.058593,10.049078,72.280006,71.275017
2.3500428,3.072958,9.151836,3.069367,10.130162,72.362549,71.439232
2.3597219,3.072958,9.216479,3.064578,10.187159,72.492683,71.560585
2.3698051,3.035848,9.228451,2.922123,10.144924,73.259476,71.790543
2.3796458,2.858677,9.265560,3.159149,10.198179,71.954277,72.853584
2.3897080,2.752135,9.264363,3.043030,10.132261,72.522530,73.455063
2.3998539,2.655170,9.291897,2.906561,10.091451,73.260422,74.052658
2.4101830,2.487576,9.367314,3.044227,10.158834,72.562630,75.127846
2.4199090,2.387019,9.459491,2.882619,10.172970,73.539124,75.837578
2.4296679,2.333150,9.537302,2.723404,10.189241,74.497383,76.253479
2.4397581,2.355895,9.605537,2.694674,10.250750,74.759232,76.219421
2.4495590,2.354697,9.660604,2.680309,10.298346,74.914154,76.301697
2.4598639,2.357092,9.648633,2.565387,10.258324,75.517838,76.271927
2.4699697,2.328361,9.648633,2.477999,10.230243,75.982224,76.433044
2.4798348,2.238579,9.627085,2.421735,10.176286,76.232750,76.909676
2.4897749,2.133234,9.636662,2.525883,10.188033,75.645157,77.517921
2.5001469,2.087744,9.653421,2.448071,10.175474,76.078903,77.796593
2.5098028,2.055422,9.671378,2.452860,10.187092,76.067352,78.001663
2.5195870,2.055422,9.680955,2.428918,10.190451,76.210686,78.013184
2.5295789,2.055422,9.674969,2.355895,10.167597,76.602463,78.005981
2.5396090,2.030283,9.668983,2.207454,10.123446,77.405258,78.141373
2.5499389,2.007538,9.642648,1.989582,10.048348,78.579918,78.239380
2.5597029,1.941698,9.524135,1.848324,9.894221,79.233414,78.476952
2.5696819,2.037466,9.393650,1.871069,9.792488,78.984657,77.762207
2.5796421,2.112883,9.222465,1.980005,9.666362,78.180183,77.096123
2.5900919,2.159570,9.046491,2.140416,9.543800,77.039871,76.573677
2.5996690,2.221819,8.962694,2.339135,9.525645,75.784958,76.077255
2.6096230,2.318784,8.968679,2.561796,9.611283,74.541496,75.504036
2.6196327,2.401384,9.053674,2.682703,9.743334,74.017883,75.144997
2.6297729,2.513912,9.174581,2.677915,9.882505,74.277695,74.676582
2.6397297,2.616863,9.264363,2.574964,9.965281,75.025238,74.226845
2.6497309,2.699462,9.330204,2.467225,10.021327,75.747391,73.863518
2.6600900,2.698265,9.351752,2.371457,10.017969,76.306946,73.905540
2.6696010,2.608483,9.350554,2.250550,9.965040,76.947456,74.412727
2.6795897,2.461239,9.354146,2.129642,9.904198,77.583054,75.258606
2.6896429,2.352303,9.392453,2.014721,9.889925,78.245743,75.939705
2.6995740,2.319981,9.443929,1.935712,9.915497,78.742371,76.198112
2.7097750,2.346318,9.457097,1.897405,9.926834,78.980736,76.066193
2.7195210,2.391808,9.446322,1.902193,9.928348,78.954285,75.791336
2.7296469,2.409764,9.405622,1.923741,9.898154,78.793037,75.629662
2.7398989,2.403779,9.352949,1.966837,9.855165,78.487938,75.586502
2.7495008,2.418144,9.285912,2.024297,9.806802,78.087502,75.403786
2.7595890,2.455254,9.218874,2.121263,9.773211,77.464256,75.086647
2.7695978,2.529474,9.178172,2.189497,9.768878,77.048279,74.591972
2.7797749,2.607286,9.155427,2.248155,9.781308,76.712227,74.104088
2.7895360,2.713828,9.154230,2.286463,9.817979,76.533005,73.487221
2.7995708,2.809596,9.148245,2.324770,9.848288,76.345985,72.927307
2.8099849,2.858677,9.119514,2.333150,9.837742,76.280830,72.595459
2.8196449,2.837129,9.083601,2.313996,9.793655,76.333206,72.654572
2.8296030,2.786851,9.097966,2.251747,9.778030,76.686073,72.969345
2.8402901,2.725799,9.170990,2.200271,9.817242,77.048676,73.447014
2.8499520,2.703054,9.244013,2.142811,9.866606,77.456657,73.700485
2.8608398,2.712631,9.288305,2.092532,9.899983,77.797508,73.719666
2.8699450,2.699462,9.290700,2.054225,9.890604,78.012718,73.798492
2.8803539,2.674323,9.289502,2.037466,9.879176,78.098000,73.939598
2.8896389,2.655170,9.269152,2.055422,9.858593,77.966103,74.015518
2.9000950,2.649184,9.224859,2.086547,9.821909,77.734734,73.977058
2.9101219,2.649184,9.197326,2.121263,9.803506,77.503616,73.931557
2.9201579,2.639607,9.191340,2.148796,9.801306,77.335854,73.976776
2.9298728,2.633622,9.218874,2.134431,9.822392,77.449348,74.056572
2.9397109,2.665944,9.265560,2.152387,9.878797,77.415482,73.948090
2.9498019,2.709039,9.317036,2.185906,9.946066,77.304123,73.787582
2.9600050,2.744952,9.350554,2.189497,9.988070,77.337288,73.639854
2.9699898,2.777274,9.380483,2.197877,10.026833,77.337975,73.507591
2.9796479,2.837129,9.386468,2.251747,10.061086,77.067230,73.182175
2.9897268,2.882619,9.357738,2.292448,10.056444,76.823112,72.878731
2.9997540,2.902970,9.315839,2.316390,10.028846,76.645653,72.692101
3.0103140,2.931700,9.288305,2.334347,10.015820,76.522354,72.482559
3.0196688,2.936488,9.301474,2.319981,10.026100,76.620834,72.479019
3.0296509,2.948459,9.290700,2.276886,10.009732,76.851997,72.392853
3.0397890,2.966416,9.281123,2.250550,10.000192,76.994141,72.275177
3.0497940,2.993949,9.247604,2.219425,9.970345,77.138054,72.060432
3.0611839,3.019088,9.196129,2.201468,9.926235,77.186234,71.824997
3.0695848,3.027468,9.157822,2.165555,9.885387,77.345802,71.706726
3.0801148,3.026271,9.096769,2.133234,9.821417,77.455238,71.598984
3.0902259,3.057395,9.002198,2.106898,9.737878,77.504608,71.241089
3.0996690,3.096900,8.883685,2.092532,9.637912,77.460381,70.781174
3.1105311,3.155558,8.781932,2.074576,9.559484,77.466080,70.235428
3.1196520,3.197456,8.661025,2.070984,9.461821,77.356857,69.736984
3.1297750,3.252523,8.588001,2.032677,9.405554,77.519073,69.256882
3.1395950,3.374627,8.558074,2.020706,9.418704,77.611351,68.479645
3.1496308,3.452439,8.554482,1.993173,9.437757,77.807823,68.021866
3.1596999,3.543418,8.572439,2.015918,9.492442,77.738678,67.542244
3.1696267,3.624821,8.579621,1.996764,9.525560,77.899818,67.096329
3.1809971,3.681085,8.566454,1.964442,9.528564,78.102379,66.746353
3.1896298,3.721786,8.536526,1.935712,9.511621,78.257698,66.443581
3.1996620,3.745728,8.476671,1.885434,9.457235,78.500221,66.160004
3.2102787,3.790021,8.407239,1.845930,9.404965,78.680969,65.733932
3.2197540,3.900155,8.313866,1.883040,9.374295,78.412003,64.868050
3.2296598,4.019865,8.204929,1.951274,9.342786,77.944824,63.898247
3.2396069,4.156334,8.110358,1.942895,9.318147,77.965157,62.866116
3.2497888,4.252102,8.014590,1.871069,9.263635,78.347237,62.052029
3.2603359,4.420894,7.912837,1.677138,9.217921,79.517029,60.807953
3.2696161,4.663905,7.781156,1.472434,9.190563,80.780823,59.062176
3.2797911,4.945224,7.660248,1.504756,9.241155,80.628685,57.154942
3.2898548,5.139154,7.535750,1.557428,9.253325,80.310417,55.707191
3.2998049,5.073313,7.365762,1.576582,9.081771,80.002892,55.442108
3.3110468,4.827908,7.190985,1.636437,8.814583,79.300903,56.123245
3.3201830,4.472369,7.015011,1.692701,8.489859,78.499344,57.480751
3.3298581,4.080917,6.913258,1.686715,8.203172,78.134354,59.446518
3.3403130,3.883395,6.749255,1.617283,7.952911,78.266640,60.084682
3.3497908,3.809175,6.612785,1.446098,7.767235,79.270111,60.056686
3.3600628,3.746926,6.593631,1.206678,7.679290,80.959419,60.391975
3.3698258,3.782839,6.518214,0.881066,7.587705,83.331909,59.871311
3.3798020,3.713407,6.342240,0.781707,7.390837,83.928642,59.650860
3.3897500,3.462016,6.028600,0.938527,7.015012,82.311440,60.132744
3.3996978,3.033453,5.553351,1.140837,6.429857,79.780014,61.354939
3.4104807,2.460042,5.019444,1.236605,5.725017,77.525780,63.890408
3.4199688,1.855506,4.559757,1.249773,5.078998,75.755112,67.857071
3.4299541,1.211466,4.332308,1.057040,4.621025,76.776756,74.377136
3.4398551,0.697910,4.535815,0.976834,4.692004,77.983620,81.252701
3.4497180,0.457293,5.226542,0.775721,5.303546,81.589478,84.999680
3.4597130,0.387861,6.202179,0.497994,6.234217,85.418289,86.421600
3.4697027,0.432153,7.188591,0.193930,7.204179,88.457458,86.559715
3.4805939,0.701501,8.334216,-0.438139,8.375155,92.998749,85.188683
3.4895799,0.808043,8.556877,-0.307655,8.600450,92.050018,84.605438
3.4999528,0.288501,8.237251,-0.174777,8.244155,91.214767,87.994095
3.5101638,-0.390255,7.911640,0.135272,7.922414,89.021645,92.823921
3.5196669,-0.914585,7.733272,0.414197,7.798173,86.955322,96.744827
3.5296588,-1.398214,7.751228,0.799663,7.916817,84.202774,100.225403
3.5402899,-1.769315,7.864953,1.148020,8.142843,81.895142,102.678307
3.5496929,-1.889025,8.227674,1.358709,8.550387,80.856590,102.930672
3.5600460,-1.689109,8.878897,1.224634,9.120725,82.283623,100.771164
3.5706089,-1.411382,9.509769,0.772130,9.644890,85.408226,98.441864
3.5796969,-1.278504,9.977836,0.464475,10.070130,87.356346,97.301773
3.5897000,-1.292869,10.135853,0.490811,10.229756,87.249962,97.269058
3.5996499,-1.358709,9.970653,0.961272,10.108612,84.543251,97.759949
3.6097028,-1.522712,9.349358,1.346738,9.567802,81.908325,99.250435
3.6197608,-1.576582,8.562862,1.326388,8.807243,81.338188,100.432381
3.6297128,-1.229423,7.882909,1.121683,8.056669,81.997040,98.864464
3.6396639,-0.610521,7.420828,0.559046,7.466858,85.706230,94.703209
3.6497719,-0.026336,7.232883,0.089783,7.233489,89.288826,90.208626
3.6597278,0.295684,7.052121,-0.417788,7.070671,93.387436,87.599091
3.6697767,0.306458,7.076063,-0.630872,7.110737,95.090034,87.520119
3.6812987,0.093374,7.190985,-1.042675,7.266784,98.249565,89.256065
3.6897490,-0.174777,7.548918,-0.967257,7.612641,97.299698,91.326309
3.6996579,-0.395043,7.945158,-1.539472,8.102566,100.952667,92.846474
3.7098727,-0.593762,8.352173,-1.814805,8.567664,102.229050,94.066360
3.7198789,-0.745794,8.796297,-1.900996,9.030217,102.152534,94.846230
3.7296638,-0.973243,9.196129,-1.606509,9.385993,99.855286,96.041229
3.7398458,-1.430536,9.313444,-1.438915,9.531902,98.682434,98.732330
3.7499788,-2.120066,9.172187,-1.011550,9.468205,96.132988,103.014824
3.7606080,-2.724602,8.980651,-0.567426,9.401996,93.459999,106.877052
3.7697830,-3.154361,8.785523,-0.347159,9.341088,92.129875,109.750206
3.7796309,-3.259706,8.736442,-0.574608,9.342444,93.526207,110.461349
3.7896719,-3.090914,8.854955,-0.569820,9.396205,93.476761,109.242073
3.7995350,-2.656367,9.218874,-0.399832,9.602281,92.386444,106.074036
3.8099179,-2.229002,9.636662,-0.755371,9.919893,94.367134,103.023727
3.8195479,-1.892616,10.019734,-0.634463,10.216635,93.560417,100.696510
3.8296278,-1.679533,10.190920,-0.481235,10.339598,92.667671,99.358604
3.8395488,-1.575385,10.194510,-0.270545,10.319064,91.502350,98.784584
3.8494871,-1.389834,10.086772,-0.187945,10.183807,91.057472,97.845261
3.8596117,-1.146823,9.958682,-0.369904,10.031320,92.113258,96.569138
3.8696058,-0.955287,9.943120,-0.638055,10.009262,93.654877,95.487854
3.8797591,-0.835576,10.193314,-0.588974,10.244449,93.295868,94.686226
3.8896010,-0.760159,10.518925,-0.550666,10.560722,92.988922,94.133347
3.8998280,-0.657208,10.885238,-0.622492,10.922812,93.267067,93.455101
3.9097879,-0.559046,11.074380,-0.621295,11.105874,93.206970,92.889900
3.9208729,-0.472855,11.134235,-0.901417,11.180669,94.624367,92.431808
3.9297438,-0.472855,11.134235,-0.901417,11.180669,94.624367,92.431808
3.9396038,-0.480037,11.147403,-1.033098,11.205460,95.289948,92.465790
3.9496691,-0.514753,11.196485,-1.113304,11.263467,95.672493,92.632294
3.9595339,-0.421380,11.294646,-1.298854,11.376889,96.555527,92.136597
3.9695189,-0.276530,11.401189,-1.298854,11.478266,96.497375,91.389412
3.9795959,-0.156820,11.395203,-1.713051,11.524313,98.548508,90.788452
3.9895637,-0.272939,11.341333,-1.570596,11.452821,97.882164,91.378609
3.9995251,-0.556652,11.257536,-1.356315,11.352601,96.861618,92.830803
4.0095778,-0.933739,11.146206,-1.272518,11.257401,96.490494,94.788597
4.0195580,-1.211466,11.089942,-1.279701,11.229074,96.543823,96.234276
4.0299001,-1.193510,11.177331,-1.420959,11.330327,97.204552,96.094917
4.0399060,-0.982820,11.358093,-1.555034,11.506102,97.767212,94.945503
4.0496297,-0.843956,11.660959,-1.810017,11.830739,98.800400,94.139534
4.0597816,-0.918176,12.139800,-1.980005,12.334432,99.237465,94.325249
4.0697699,-1.216254,12.683284,-1.826776,12.871756,98.159035,95.477585
4.0796700,-1.522712,13.119028,-1.642422,13.308836,97.088852,96.620636
4.0896859,-1.723825,13.369223,-1.493982,13.562436,96.324303,97.347168
4.1000419,-1.810017,13.415909,-1.227028,13.592953,95.179108,97.683701
4.1096339,-1.746570,13.347674,-0.974440,13.496683,94.140274,97.454910
4.1194978,-1.522712,13.328521,-0.804452,13.439318,93.431664,96.517479
4.1297188,-1.233014,13.371616,-0.876278,13.456906,93.733589,95.268417
4.1395068,-0.921768,13.561955,-1.046266,13.633450,94.401352,93.888252
4.1495371,-0.615310,13.814544,-1.341950,13.893201,95.542862,92.550308
4.1596279,-0.430956,13.989321,-1.649605,14.092835,96.722038,91.764503
4.1695490,-0.365116,14.241909,-1.637634,14.340402,96.557327,91.468552
4.1796269,-0.477643,14.547170,-1.187524,14.603374,94.664352,91.880577
4.1895800,-0.622492,14.833277,-1.380257,14.910356,95.311493,92.403061
4.1997757,-0.863110,14.970943,-1.173159,15.041623,94.473282,93.299583
4.2095966,-1.306037,14.917073,-1.136049,15.017171,94.338570,95.003670
4.2197328,-1.920150,14.761451,-1.186327,14.933010,94.556564,97.411346
4.2298536,-2.463634,14.664485,-1.224634,14.920333,94.708031,99.536636
4.2396941,-2.839523,14.720749,-1.128866,15.034550,94.306091,100.917839
4.2496018,-3.110068,14.870387,-1.252167,15.243649,94.711784,101.812859
4.2596960,-3.320758,15.155296,-1.866280,15.626690,96.859154,102.359062
4.2696819,-3.371036,15.312117,-2.306813,15.847592,98.369850,102.415878
4.2804999,-3.119645,15.137341,-2.024297,15.587464,97.461906,101.645012
4.2904100,-2.437297,14.883554,-1.375469,15.144389,95.210991,99.300079
4.3002210,-1.582567,14.702792,-0.986411,14.820581,93.816246,96.143501
4.3096709,-0.895431,14.653711,-0.891840,14.708108,93.476318,93.496773
4.3200598,-0.385466,14.775816,-1.034295,14.816987,94.002769,91.494377
4.3299346,-0.051475,15.103822,-0.902614,15.130856,93.419945,90.195267
4.3397141,0.110133,15.563508,-1.484405,15.634525,95.448097,89.594559
4.3499141,-0.028730,15.953763,-1.990779,16.077518,97.112831,90.103180
4.3596640,-0.438139,16.087839,-2.220622,16.246283,97.856064,91.560020
4.3697386,-1.054646,15.996859,-2.134431,16.173050,97.583710,93.771957
4.3801022,-1.741782,15.811308,-1.885434,16.018307,96.759666,96.286385
4.3897033,-2.372654,15.626954,-1.804031,15.908668,96.511307,98.633331
4.3997669,-2.856283,15.449783,-1.727417,15.806269,96.274208,100.474304
4.4096961,-3.131616,15.269021,-1.335965,15.644003,94.898903,101.590408
4.4202719,-3.348291,14.803349,-1.037886,15.212739,93.912033,102.744972
4.4298539,-3.462016,14.513651,-0.975637,14.952708,93.741104,103.416344
4.4399495,-3.457227,14.283808,-0.973243,14.728435,93.788818,103.606102
4.4500837,-3.333926,13.995306,-0.946907,14.418055,93.765617,103.399124
4.4598308,-3.143587,13.611036,-0.936133,14.000671,93.833855,103.004921
4.4698358,-2.853889,13.141773,-0.919373,13.479471,93.910919,102.252205
4.4797335,-2.474407,12.615048,-0.839168,12.882793,93.734818,101.097519
4.4897866,-1.968034,12.111070,-0.865504,12.300417,94.034882,99.229820
4.4999709,-1.453280,11.647791,-0.906205,11.773032,94.414597,97.111969
4.5097108,-0.984017,11.226412,-1.025915,11.316055,95.201584,95.009285
4.5198445,-0.478840,10.918756,-1.025915,10.977297,95.362572,92.511086
4.5297399,0.108936,10.796653,-1.043872,10.847546,95.522186,89.421913
4.5403919,0.553061,10.729615,-1.072602,10.797268,95.701172,87.049286
4.5497117,0.755371,10.684125,-0.597353,10.727439,93.192146,85.955902
4.5596738,0.611719,10.496181,-0.585382,10.530274,93.186737,86.664566
4.5697761,0.463278,10.273520,-0.579397,10.300269,93.224625,87.418030
4.5803318,0.298078,10.047267,-0.561440,10.067355,93.196953,88.300674
4.5896716,0.118513,9.829395,-0.652420,9.851736,93.797127,89.309219
4.5997996,-0.052672,9.679757,-0.788889,9.711994,94.659172,90.311775
4.6098695,-0.298078,9.622296,-0.409408,9.635613,92.435181,91.774330
4.6196837,-0.677559,9.525331,-0.377087,9.556842,92.261322,94.068733
4.6306100,-0.984017,9.544485,-0.372298,9.602296,92.222015,95.886284
4.6403356,-1.216254,9.525331,-0.277727,9.606683,91.656639,97.276512
4.6496081,-1.441309,9.455899,-0.052672,9.565259,90.315506,98.666565
4.6596718,-1.602918,9.244013,-0.010774,9.381963,90.065796,99.837311
4.6700020,-1.659182,9.010578,0.007183,9.162066,89.955086,100.433411
4.6809497,-1.634043,8.750807,-0.093374,8.902553,90.600952,100.577057
4.6901307,-1.572991,8.493430,0.317232,8.643685,87.896713,100.492348
4.6996961,-1.412579,8.209718,0.357933,8.338043,87.539665,99.762825
4.7096853,-1.218649,8.000225,0.466869,8.105966,86.698181,98.661102
4.7198710,-1.001973,7.799112,0.640449,7.889250,85.343605,97.320847
4.7300930,-0.712275,7.632715,0.628478,7.691597,85.313156,95.331329
4.7396154,-0.604536,7.565677,1.003170,7.655801,82.470650,94.568520
4.7512665,-0.513556,7.522582,0.870292,7.590150,83.415939,93.905441
4.7600060,-0.324414,7.553706,0.823605,7.605396,83.783119,92.459213
4.7700372,-0.166397,7.589619,0.696713,7.623347,84.756310,91.255966
4.7803926,0.086191,7.703344,0.729034,7.738244,84.594040,89.358955
4.7897129,0.198719,7.787141,0.731429,7.823940,84.635818,88.538193
4.7998309,0.383072,7.875727,0.708684,7.916821,84.864227,87.215347
4.8097239,0.513556,7.904457,0.593762,7.943346,85.713165,86.282692
4.8199310,0.569820,7.898471,0.596156,7.941407,85.694794,85.873657
4.8297639,0.587777,7.848193,0.600945,7.893083,85.633522,85.716927
4.8396707,0.565032,7.820660,0.513556,7.857844,86.252716,85.867638
4.8497930,0.582988,7.846996,0.523133,7.885993,86.196381,85.751045
4.8598723,0.597353,7.916428,0.407014,7.949360,87.065125,85.684784
4.8698239,0.578200,8.027759,0.434548,8.060276,86.909561,85.880386
4.8801928,0.511162,8.075643,0.360327,8.099822,87.450310,86.378197
4.8898020,0.573411,7.994239,0.284910,8.019840,87.964104,85.897308
4.8999248,0.697910,7.857770,0.324414,7.895370,87.645103,84.924431
4.9098229,0.723049,7.653066,0.275333,7.692076,87.948692,84.602814
4.9197068,0.644040,7.486669,0.609324,7.538983,85.364120,85.083237
4.9296966,0.470461,7.299921,0.623690,7.341605,85.126694,86.312538
4.9403057,0.392649,7.109582,0.581791,7.144145,85.328888,86.838875
4.9506307,0.355539,6.925229,0.660800,6.965763,84.556511,87.061035
4.9596715,0.396240,6.728904,0.798466,6.787687,83.244400,86.629951
4.9707570,0.464475,6.575675,0.879869,6.650519,82.397430,85.959602
4.9797201,0.610521,6.441600,0.811634,6.521173,82.850349,84.585800
4.9896865,0.802058,6.436811,1.091756,6.577824,80.446106,82.897278
4.9999571,1.017536,6.459556,1.041478,6.621625,80.950699,81.048096
5.0099902,1.285686,6.574478,0.995988,6.772646,81.543388,78.935043
5.0200162,1.515530,6.702568,0.944513,6.936378,82.173836,77.258995
5.0300870,1.715446,6.809110,0.916979,7.081496,82.559906,75.859520
5.0398688,1.935712,6.902483,0.924162,7.228094,82.654228,74.334534
5.0496659,2.170344,6.991069,0.985214,7.386209,82.334724,72.753296
5.0599489,2.389413,7.029376,1.063026,7.500097,81.851746,71.226166
5.0697598,2.558204,7.065289,1.170765,7.604828,81.144081,70.095657
5.0798197,2.744952,7.085640,1.312023,7.711191,80.203735,68.823807
5.0897250,2.926912,7.020997,1.379060,7.730654,79.724091,67.369728
5.1000719,3.159149,6.898892,1.434127,7.722154,79.297127,65.395950
5.1103811,3.350685,6.710948,1.523909,7.654163,78.515930,63.467663
5.1196780,3.475184,6.509834,1.616086,7.554242,77.647186,61.905094
5.1297550,3.547010,6.296751,1.672350,7.418025,76.971008,60.607094
5.1396594,3.552995,6.127959,1.683124,7.280698,76.633675,59.894810
5.1511941,3.585317,6.039374,1.592144,7.201629,77.227463,59.304214
5.1601009,3.733757,6.072893,1.640028,7.315098,77.044296,58.415817
5.1696777,3.886986,6.253655,1.640028,7.543643,77.443321,58.136803
5.1806488,4.025850,6.482301,1.528698,7.782327,78.671616,58.157543
5.1898541,4.150349,6.788759,1.417367,8.082176,79.899834,58.560219
5.1997218,4.294001,7.126341,1.363498,8.431032,80.693039,58.928795
5.2097173,4.373009,7.433996,1.359907,8.731372,81.039734,59.534054
5.2197013,4.393360,7.673417,1.405396,8.953104,80.968750,60.207012
5.2297859,4.285621,7.881712,1.448492,9.087687,80.828476,61.465199
5.2398720,4.120421,8.069656,1.499967,9.184069,80.600189,62.950836
5.2496729,3.946841,8.176199,1.447295,9.193609,80.942589,64.232315
5.2600708,3.804387,8.270770,1.222240,9.185471,82.353409,65.298531
5.2697611,3.788824,8.412027,1.057040,9.286265,83.463951,65.752930
5.2797146,3.879804,8.577228,1.219846,9.492615,82.616806,65.660965
5.2896357,4.042610,8.506598,1.219846,9.496996,82.620232,64.581429
5.2998638,4.313154,8.203732,1.417367,9.376218,81.305481,62.266621
5.3097715,4.775235,7.893683,1.699883,9.380976,79.560020,58.828415
5.3198071,5.203797,7.558495,2.063802,9.405829,77.325188,55.453751
5.3298259,5.538986,7.375339,2.493561,9.554781,74.872063,53.092922
5.3396721,5.669470,7.335834,2.777274,9.678357,73.324127,52.301502
5.3497891,5.610812,7.702147,2.920926,9.966749,72.958336,53.927647
5.3598518,5.604826,8.028955,2.986767,10.237138,73.036766,55.082008
5.3697205,5.522226,8.268375,2.986767,10.381802,73.280136,56.262100
5.3796329,5.339070,8.373720,2.838326,10.328648,74.049828,57.478485
5.3897147,5.115212,8.403648,2.731784,10.210257,74.481293,58.671566
5.4002128,4.912902,8.505402,2.420538,10.116199,76.156334,59.988350
5.4096279,4.637568,8.750807,2.497152,10.213689,75.848259,62.078247
5.4196792,4.468778,9.631873,2.810793,10.983784,75.172852,65.110718
5.4297285,3.962404,10.182540,2.491167,11.206724,77.156303,68.737144
5.4396429,3.296816,10.067618,1.321599,10.675794,82.888885,71.868073
5.4499817,2.806004,9.868899,0.465672,10.270622,87.401306,74.128067
5.4596758,2.268506,9.674969,-0.026336,9.937396,90.151848,76.804138
5.4697738,1.878251,9.518148,-0.069432,9.701948,90.410042,78.837036
5.4797368,1.661576,9.198523,0.117316,9.348124,89.280937,79.760780
5.4897718,2.038663,8.956709,0.411803,9.195018,87.433128,77.177200
5.5006466,2.693477,8.890868,0.761356,9.321053,85.314781,73.145882
5.5097704,3.488352,8.972271,1.138443,9.693622,83.255478,68.754295
5.5199819,4.477157,9.185355,1.446098,10.320217,81.945045,64.014313
5.5311451,5.334281,9.415198,1.900996,10.987006,80.036415,60.465813
5.5397949,5.955577,9.490616,2.424129,11.463729,77.792030,57.890797
5.5497179,6.345831,9.428367,2.870648,11.721957,75.824371,56.057186
5.5596399,6.485892,9.338584,3.106477,11.786694,74.718719,55.219006
5.5695577,6.549339,9.236830,3.180697,11.761365,74.309784,54.661598
5.5796814,6.384139,9.011775,3.129222,11.478735,74.180344,54.685406
5.5899138,6.062119,8.687361,2.980781,11.004752,74.284370,55.092319
5.5995035,5.816713,8.414422,2.918532,10.637409,74.075829,55.344711
5.6095610,5.685032,8.317456,2.895787,10.482616,73.963684,55.647156
5.6200991,5.658696,8.421604,2.786851,10.521919,74.641281,56.101814
5.6297588,5.772420,8.564059,2.524686,10.631932,76.263176,56.018906
5.6397128,5.928043,8.667010,2.385822,10.768050,77.199036,55.628735
5.6496491,6.070498,8.744822,2.269703,10.884595,77.964111,55.232311
5.6598525,6.133945,8.775947,2.042254,10.900152,79.201233,55.048389
5.6696029,6.174646,8.888474,1.578976,10.937293,81.699417,55.213055
5.6796231,6.359000,9.181764,1.264138,11.240094,83.542458,55.294746
5.6901550,6.906075,9.496601,0.956484,11.781094,85.343147,53.974773
5.6996112,7.530962,9.566033,0.678756,12.193649,86.808998,51.788033
5.7096558,8.180987,9.327810,0.220267,12.409074,88.982918,48.747509
5.7195768,8.987833,8.811859,-0.280122,12.590014,91.274910,44.433575
5.7297349,9.751583,8.158242,-0.328006,12.718408,91.477814,39.916088
5.7396531,10.402806,7.553706,0.281319,12.859082,88.746437,35.984226
5.7503610,10.971429,7.125144,1.005565,13.120636,85.604546,33.000793
5.7597051,11.356895,6.819883,2.097321,13.412257,81.003540,30.985067
5.7697592,11.275493,6.613982,3.411737,13.510050,75.372528,30.395048
5.7795987,10.942698,6.525397,4.171896,13.406274,71.869049,30.808649
5.7895708,10.773908,6.514623,4.432865,13.347946,70.603661,31.159954
5.7997808,10.837354,6.605602,4.447230,13.448422,70.689468,31.363214
5.8098097,11.203667,6.909666,4.605247,13.945391,70.717003,31.663485
5.8199406,11.358093,7.727286,4.637568,14.499113,71.346031,34.228748
5.8296599,11.326968,7.967903,4.641160,14.605755,71.472343,35.124294
5.8398614,11.002554,8.066066,4.783615,14.456852,70.677246,36.245461
5.8503542,10.647015,8.203732,4.766856,14.261243,70.472916,37.614952
5.8596139,10.219650,8.397662,4.781221,14.064922,70.126816,39.410534
5.8697867,10.099940,8.614338,4.473566,14.008155,71.376114,40.461185
5.8796620,9.970653,9.069236,4.422091,14.185198,71.835892,42.289436
5.8897815,9.770737,9.469068,3.772065,14.119454,74.505035,44.101711
5.8996477,9.038112,9.561244,3.014300,13.497809,77.096024,46.611099
5.9095058,7.831434,9.538500,2.130840,12.524169,80.204147,50.612839
5.9196157,6.308722,9.458294,1.260547,11.438892,83.673248,56.296547
5.9296031,4.462792,9.160215,0.362722,10.195961,87.961273,64.024986
5.9395900,2.370260,8.601170,-0.306458,8.927047,91.967300,74.593170
5.9496737,0.469264,7.826645,-0.593762,7.863151,94.330643,86.568817
5.9596057,-1.540669,6.965930,-0.341174,7.142426,92.737900,102.471451
5.9696984,-3.435679,6.208165,0.068235,7.095764,89.449020,118.960716
5.9796205,-4.898537,5.483919,0.074220,7.353539,89.421700,131.772980
5.9897399,-5.675455,4.920084,-0.184354,7.513455,91.405975,139.077805
5.9996948,-5.881356,4.279635,-0.011971,7.273636,90.094299,143.958069
6.0098209,-5.341464,3.639187,0.907402,6.526737,82.008369,145.733047
6.0197859,-4.368221,3.144784,2.437297,5.908590,65.637978,144.249008
6.0297680,-3.268085,2.966416,4.108450,6.029872,47.050819,137.770218
6.0401940,-2.068590,3.022680,4.950012,6.157782,36.499420,124.386040
6.0497198,-0.763750,3.354277,5.758055,6.707435,30.856050,102.827240
6.0597467,0.568623,3.791218,6.174646,7.267938,31.834709,81.470116
6.0697861,1.648408,4.077325,6.822278,8.116976,32.807575,67.987175
6.0798917,2.347515,3.988740,7.094019,8.470301,33.121174,59.521679
6.0896878,2.804807,3.864242,7.479486,8.873670,32.553932,54.026489
6.0997138,3.125630,3.948039,7.966706,9.424701,32.295830,51.631622
6.1097240,3.257311,4.167108,8.378509,9.908294,32.263119,51.986259
6.1198225,3.117251,4.335899,8.567651,10.095638,31.934999,54.286137
6.1308055,2.893393,4.389769,8.566454,10.051166,31.538967,56.610249
6.1399298,2.631228,4.380192,8.414422,9.844386,31.268625,59.006313
6.1496677,2.305616,4.321534,8.173804,9.529039,30.931948,61.919277
6.1598239,2.060210,4.404134,7.979874,9.344477,31.354206,64.930267
6.1697617,4.515464,9.267955,6.882133,12.395490,56.274635,64.024071
6.1801748,3.496732,8.312668,7.710526,11.865066,49.469620,67.185898
6.1919999,3.627216,10.520123,7.344213,13.332934,56.575855,70.976402
6.2098045,-0.015562,5.698200,7.097611,9.101968,38.758774,90.156479
6.2197599,-1.140837,3.537433,7.621941,8.479913,25.996204,107.874733
6.2297935,-1.454478,2.829947,8.220491,8.814793,21.159513,117.201324
6.2398624,-0.915782,3.361459,8.621520,9.298853,22.003717,105.239578
6.2498078,-0.638055,3.701436,8.629900,9.411850,23.520323,99.780548
6.2599311,-0.484826,3.670311,9.080010,9.805755,22.182203,97.524857
6.2696929,0.087388,4.449624,8.735245,9.803637,26.998186,88.874886
6.2797565,1.300052,6.039374,8.778340,10.734218,35.135788,77.851738
6.2896166,1.349133,5.712565,8.836999,10.608775,33.592926,76.711975
6.2996407,2.416947,6.544550,8.777143,11.212092,38.479733,69.730469
6.3097878,2.954445,6.886921,8.791509,11.552015,40.444313,66.780975
6.3200698,3.116054,6.673837,8.858546,11.520578,39.741882,64.971855
6.3296366,3.171120,6.215348,8.146272,10.726057,40.581245,62.968960
6.3403401,2.960430,5.154716,8.350976,10.250564,35.443813,60.130608
6.3503218,3.689465,5.592855,9.005790,11.224813,36.648655,56.588173
6.3599019,2.919729,3.801992,8.334216,9.614527,29.907001,52.477642
6.3698120,2.049437,1.928530,7.425617,7.940982,20.755613,43.259079
6.3796101,1.731008,1.392228,5.736507,6.151602,21.168489,38.809292
6.3899598,1.739388,2.048239,5.074511,5.742074,27.902925,49.661720
6.3997207,3.476381,4.175488,7.659051,9.390473,35.351357,50.220291
6.4102769,7.833828,10.050858,13.026852,18.223269,44.369328,52.066479
6.4198699,9.127894,13.582306,14.037205,21.560162,49.377567,56.097198
6.4298458,4.542998,8.246828,10.256760,13.923007,42.550884,61.150589
6.4398465,1.460463,5.090073,7.219715,8.953551,36.258957,73.990555
6.4500570,-0.454898,3.711013,6.135142,7.184602,31.358360,96.988487
6.4605041,-0.827197,3.391387,6.179435,7.097265,29.462435,103.707428
6.4707670,-0.676362,3.331532,6.628347,7.449265,27.152029,101.476120
6.4798613,-0.058658,4.107253,7.115568,8.216099,29.996969,90.818214
6.4896498,-0.027533,4.430470,7.606379,8.802661,30.219908,90.356064
6.5005198,-0.019154,4.483143,8.045714,9.210454,29.127167,90.244789
6.5097628,0.395043,4.730943,8.609550,9.831695,28.872864,85.226761
6.5200787,1.157596,4.973954,8.878897,10.242805,29.906254,76.898674
6.5298638,1.868674,4.492720,10.000581,11.121515,25.945545,67.415916
6.5397925,4.466383,5.395334,10.963050,13.009484,32.574009,50.381248
6.5498638,4.054581,5.647922,10.747571,12.800349,32.898815,54.325851
6.5596437,3.254917,5.378574,9.795877,11.639706,32.691448,58.819199
6.5703740,2.533065,5.303157,9.205706,10.921763,32.554794,64.468414
6.5796561,1.977611,4.862624,8.881291,10.316656,30.585686,67.868614
6.5899906,1.956063,4.945224,8.271967,9.833964,32.736870,68.418930
6.5996418,1.746570,3.946841,7.382521,8.551590,30.311733,66.129486
6.6102638,2.900575,6.497863,7.909245,10.639160,41.977390,65.944534
6.6205778,2.203863,6.969521,7.362170,10.374622,44.794971,72.452301
6.6297288,0.956484,6.689400,7.410054,10.028551,42.362564,81.862717
6.6397719,0.192733,6.252458,7.044939,9.421334,41.602905,88.234406
6.6496840,0.041899,6.707356,7.438785,10.016282,42.040707,89.642097
6.6601505,-0.502782,6.435614,6.399701,9.089890,45.247471,94.467155
6.6700397,-1.104924,5.264850,5.700594,7.838130,43.340305,101.852539
6.6796880,-1.289278,4.441244,5.791574,7.411425,38.607510,106.187828
6.6897521,-1.119289,4.887763,6.154295,7.938412,39.171818,102.898239
6.6998725,-1.447295,5.517438,6.574478,8.704053,40.945332,104.698273
6.7099695,-1.610101,5.944803,6.743269,9.132622,42.407108,105.154518
6.7206430,-1.556231,6.597223,7.173028,9.869020,43.379307,103.272964
6.7298350,-1.460463,6.992266,7.173028,10.123096,44.880463,101.797661
6.7397728,-0.910994,7.198167,7.268796,10.270293,44.947884,97.212959
6.7497759,0.159214,7.377733,7.527370,10.541232,44.431473,88.763725
6.7596660,0.244209,7.485472,7.915231,10.896917,43.416782,88.131424
6.7698336,0.509965,7.477092,8.167819,11.085135,42.538239,86.098259
6.7796507,0.344765,7.031770,7.960721,10.627216,41.488556,87.193054
6.7901940,0.239420,6.866570,7.890092,10.462345,41.049561,88.003052
6.7999201,-0.120907,6.506243,7.884106,10.222766,39.535511,91.064621
6.8098240,-0.468066,6.218939,7.809886,9.994429,38.608860,94.304230
6.8205647,-0.729034,6.198588,7.508216,9.763570,39.735538,96.707909
6.8298302,-0.990002,6.010643,7.140707,9.386034,40.466991,99.353111
6.8396935,-1.138443,5.743690,7.084443,9.191048,39.574383,101.211151
6.8496389,-0.980426,5.892130,6.995857,9.198937,40.491077,99.447220
6.8597088,-1.031901,6.160281,7.135918,9.483418,41.195839,99.509262
6.8699508,-1.048660,6.384139,7.111976,9.614423,42.292473,99.328117
6.8803158,-1.144428,6.429629,7.028179,9.594016,42.898678,100.092545
6.8898001,-1.069011,6.303933,6.726510,9.280533,43.547970,99.624565
6.9002385,-0.719458,6.473921,6.611588,9.281292,44.573032,96.341354
6.9100418,-0.586579,6.698977,6.691794,9.486857,45.140137,95.004204
6.9197187,-0.738611,6.593631,6.764817,9.475456,44.444389,96.391563
6.9298391,-0.944513,6.452374,6.908469,9.500114,43.347950,98.327934
6.9416218,-1.004368,6.508637,6.892907,9.533272,43.694221,98.772293
6.9504061,-0.896629,6.484695,6.505046,9.228805,45.181499,97.872284
6.9613447,-1.307234,6.053739,7.056910,9.389174,41.270779,102.185257
6.9704199,-1.022324,6.113594,6.867768,9.251347,42.067730,99.493248
6.9799576,-0.925359,6.179435,6.804321,9.237991,42.560925,98.516655
6.9898586,-0.817620,6.277597,7.111976,9.521393,41.673389,97.420662
7.0001812,-0.523133,6.555324,7.497443,9.972842,41.254681,94.562691
7.0097675,-0.360327,6.653487,7.581240,10.093261,41.312603,93.099892
7.0198669,-0.136469,6.862979,7.498640,10.166056,42.471321,91.139168
7.0298128,-0.011971,6.876147,7.339425,10.057272,43.133469,90.099747
7.0397668,0.069432,6.776788,7.286753,9.951202,42.924774,89.412994
7.0497627,0.073023,6.755240,6.962338,9.701173,44.136723,89.380669
7.0597076,-0.489614,6.465542,7.627927,10.011405,40.365917,94.330559
7.0696812,-0.380678,6.739678,7.590816,10.158183,41.646309,93.232811
7.0797958,-0.409408,6.824672,7.510611,10.156428,42.311729,93.433029
7.0899668,-0.274136,6.963536,7.408857,10.171389,43.247425,92.254417
7.0997157,-0.186748,7.024588,7.364564,10.179220,43.656616,91.522842
7.1099381,-0.167594,6.934805,7.412448,10.152044,43.101582,91.384407
7.1206379,-0.238223,6.807912,7.633912,10.231375,41.743946,92.004082
7.1297770,-0.360327,6.768408,7.856573,10.376267,40.784870,93.047356
7.1397476,-0.398635,6.728904,8.000225,10.461389,40.116276,93.390358
7.1497431,-0.237026,6.670246,8.158242,10.540649,39.287437,92.035141
7.1596274,0.096965,6.780379,8.170214,10.617690,39.691822,89.180679
7.1695881,0.328006,6.743269,8.022970,10.485577,40.080242,87.215218
7.1795616,0.389058,6.443994,7.928399,10.224281,39.154324,86.544945
7.1898122,0.336385,6.212954,8.115147,10.225925,37.478142,86.900887
7.2001710,0.094571,6.148310,8.339005,10.360968,36.404419,89.118767
7.2100949,-0.223858,5.950788,8.042124,10.006886,36.519051,92.154350
7.2195859,-0.215478,6.056133,7.910442,9.964852,37.454700,92.037735
7.2295551,-0.069432,6.228516,7.550115,9.787925,39.522896,90.638672
7.2395625,0.077812,6.236896,7.271191,9.579934,40.623692,89.285217
7.2495618,0.026336,6.136339,7.236475,9.487988,40.297318,89.754097
7.2595439,-0.349553,5.781997,7.212533,9.250638,38.768761,93.459633
7.2695742,-0.588974,5.597643,7.374141,9.276770,37.353813,96.006454
7.2795181,-0.678756,5.562928,7.615956,9.455668,36.347412,96.956512
7.2898474,-0.398635,5.741296,7.711724,9.622478,36.733311,93.971832
7.2996111,0.003591,5.962759,7.723695,9.757560,37.668461,89.965492
7.3096337,0.210690,5.859808,7.642292,9.632568,37.497444,87.940811
7.3195214,0.401029,5.722142,7.718906,9.616925,36.617279,85.991058
7.3297195,0.459687,5.713762,7.999028,9.840876,35.625954,85.400314
7.3396158,0.312443,5.706580,8.080431,9.897274,35.271000,86.866104
7.3495417,0.129287,5.799953,8.179790,10.028218,35.345608,88.723030
7.3596048,0.096965,5.902905,7.949947,9.902289,36.597904,89.058907
7.3695607,0.161609,6.054936,7.858967,9.922285,37.622295,88.471115
7.3797770,0.180762,6.047753,8.007407,10.036263,37.074955,88.287987
7.3894877,0.063446,5.758055,8.020576,9.873645,35.676613,89.368698
7.3997049,-0.004788,5.606023,7.967903,9.742433,35.129295,90.048943
7.4096179,0.079009,5.682638,7.900866,9.732537,35.727909,89.203438
7.4196558,0.102951,5.719748,7.892486,9.747690,35.935562,88.968834
7.4295268,0.146046,5.862203,7.897274,9.836346,36.595268,88.572876
7.4395967,0.189142,6.078878,7.898471,9.968670,37.596256,88.217842
7.4495759,0.136469,6.171055,7.890092,10.017689,38.036720,88.733139
7.4597697,0.035913,6.151901,7.832631,9.959784,38.147263,89.665527
7.4695020,-0.061052,6.111200,7.838616,9.939537,37.942337,90.572380
7.4795389,-0.095768,6.001067,7.852982,9.883890,37.389740,90.914276
7.4895787,-0.094571,5.858612,7.820660,9.772154,36.841194,90.924797
7.4995041,-0.138864,5.720945,7.778761,9.656999,36.340935,91.390457
7.5095468,-0.080206,5.829881,7.868544,9.793260,36.537701,90.788208
7.5195298,-0.003591,6.027403,7.903260,9.939371,37.330868,90.034142
7.5298266,-0.023942,6.104017,7.982268,10.048692,37.405251,90.224731
7.5398717,0.002394,6.120777,7.914034,10.004791,37.718655,89.977585
7.5496688,-0.009577,6.112397,7.831434,9.934427,37.971905,90.089767
7.5600271,-0.102951,6.107608,7.779958,9.891473,38.137424,90.965691
7.5696239,-0.392649,5.912481,7.680599,9.700681,37.649822,93.799446
7.5796351,-0.550666,5.887342,7.523779,9.569288,38.164284,95.343552
7.5913577,-0.497994,6.005855,7.364564,9.516045,39.293667,94.740013
7.5996556,-0.360327,6.126762,7.290344,9.529752,40.092224,93.365807
7.6099114,-0.322020,6.118382,7.351396,9.569814,39.808735,93.012787
7.6197863,-0.335188,6.007052,7.405266,9.541225,39.092079,93.193741
7.6298289,-0.300472,6.030994,7.349002,9.511624,39.409012,92.852196
7.6422167,-0.239420,6.163872,7.291541,9.550771,40.230656,92.224396
7.6596937,-0.238223,6.248867,7.393295,9.683279,40.225254,92.183205
7.6699171,-0.360327,6.076484,7.420828,9.598030,39.361347,93.393593
7.6796298,-0.418985,6.100426,7.405266,9.603578,39.547726,93.928978
7.6897707,-0.314838,6.034585,7.380127,9.538428,39.310360,92.986542
7.7000437,-0.203507,6.050148,7.465121,9.611126,39.039074,91.926514
7.7097039,-0.189142,6.026206,7.572860,9.679832,38.525238,91.797729
7.7200069,-0.245406,5.938818,7.614758,9.659934,37.974689,92.366249
7.7300029,-0.191536,6.114791,7.665037,9.807148,38.594852,91.794113
7.7398691,-0.111330,6.260838,7.645883,9.882814,39.316807,91.018730
7.7498479,-0.034716,6.251261,7.698555,9.917017,39.077183,90.318184
7.7599607,-0.034716,6.242881,7.767987,9.965761,38.788151,90.318611
7.7698035,0.043096,6.287174,7.773973,9.998253,38.964733,89.607269
7.7797642,0.069432,6.325481,7.807492,10.048555,39.015423,89.371117
7.7898669,-0.035913,6.240487,7.866150,10.040979,38.426632,90.329727
7.7998438,-0.073023,6.229713,7.829040,10.005424,38.511837,90.671577
7.8096719,0.005986,6.259640,7.684190,9.911100,39.166714,89.945213
7.8200698,0.052672,6.241684,7.675811,9.893405,39.117725,89.516502
7.8301640,-0.016759,6.174646,7.735666,9.897832,38.597145,90.155510
7.8412485,-0.113725,6.111200,7.739257,9.861835,38.300735,91.066109
7.8496165,-0.143652,6.174646,7.687782,9.861485,38.778179,91.332733
7.8598051,-0.095768,6.274005,7.615956,9.867882,39.484886,90.874512
7.8697219,0.026336,6.423643,7.578846,9.934928,40.284031,89.765099
7.8798819,0.135272,6.455965,7.562086,9.943990,40.494526,88.799652
7.8898387,0.171185,6.398504,7.613562,9.946682,40.054089,88.467476
7.8999624,0.136469,6.354211,7.663840,9.956358,39.669155,88.769646
7.9097495,0.075417,6.287174,7.625533,9.883471,39.507256,89.312744
7.9198885,0.001197,6.235698,7.558495,9.798713,39.522362,89.988998
7.9297318,0.001197,6.278794,7.545327,9.816069,39.765312,89.989075
7.9397097,-0.008380,6.327875,7.566875,9.864059,39.904423,90.075874
7.9497375,-0.099359,6.293159,7.636306,9.895802,39.495792,90.904541
7.9598551,-0.100556,6.284780,7.651869,9.902508,39.401199,90.916656
7.9696784,-0.052672,6.234501,7.620744,9.846193,39.287468,90.484055
7.9810085,-0.039504,6.072893,7.589619,9.720283,38.665909,90.372704
7.9899006,-0.016759,6.008249,7.565677,9.661201,38.454800,90.159821
8.0004854,0.001197,6.086061,7.521385,9.675297,38.978661,89.988731
8.0099669,0.087388,6.270414,7.510611,9.784427,39.860371,89.201546
8.0197668,0.214281,6.418855,7.508216,9.880330,40.543247,88.087997
8.0298042,0.312443,6.457162,7.530962,9.925117,40.643398,87.229782
8.0401993,0.266953,6.430826,7.532158,9.907582,40.514481,87.622925
8.0497599,0.124498,6.367379,7.475895,9.820795,40.427147,88.879868
8.0597916,-0.038307,6.351817,7.511808,9.837394,40.217632,90.345543
8.0697317,-0.314838,6.275203,7.535750,9.811463,39.820389,92.872215
8.0796633,-0.474052,6.196194,7.469909,9.716846,39.757454,94.375000
8.0900288,-0.367510,6.248867,7.447165,9.728497,40.048500,93.365814
8.0996590,-0.160412,6.418855,7.455544,9.839337,40.735664,91.431564
8.1097002,-0.001197,6.464345,7.521385,9.917609,40.677803,90.010612
8.1201391,0.052672,6.445191,7.590816,9.958100,40.334778,89.531769
8.1297932,0.037110,6.485892,7.621941,10.008105,40.396595,89.672173
8.1414528,0.013168,6.514623,7.566875,9.984892,40.726521,89.884186
8.1497850,0.052672,6.520608,7.544129,9.971710,40.838726,89.537186
8.1596918,0.065841,6.517017,7.551312,9.974876,40.796661,89.421165
8.1696329,-0.014365,6.422446,7.505822,9.878531,40.552414,90.128151
8.1801596,-0.055067,6.396110,7.435194,9.807923,40.704746,90.493271
8.1899509,-0.093374,6.432023,7.395689,9.801829,41.016441,90.831703
8.1997585,-0.062249,6.521805,7.384915,9.852654,41.449833,90.546860
8.2097712,0.002394,6.523003,7.420828,9.880196,41.315887,89.978973
8.2204351,0.015562,6.373365,7.448361,9.802964,40.552811,89.860100
8.2299376,0.009577,6.301539,7.471107,9.773787,40.146145,89.912926
8.2399082,0.031125,6.321889,7.523779,9.827233,40.039158,89.717918
8.2497120,0.087388,6.363788,7.487866,9.827186,40.363216,89.213257
8.2610188,0.041899,6.294356,7.477092,9.773821,40.091927,89.618614
8.2696962,-0.013168,6.272809,7.454347,9.742463,40.080563,90.120277
8.2797976,-0.021548,6.337452,7.372944,9.722349,40.681042,90.194809
8.2898436,-0.052672,6.372168,7.343017,9.722509,40.951962,90.473595
8.2997818,-0.083797,6.348226,7.359776,9.719737,40.782104,90.756264
8.3097153,-0.038307,6.386533,7.366959,9.749941,40.923042,90.343666
8.3201952,0.071826,6.459556,7.374141,9.803518,41.219269,89.362938
8.3297758,0.122104,6.476315,7.388506,9.825864,41.240883,88.919876
8.3408890,0.131681,6.511032,7.420828,9.873174,41.269508,88.841393
8.3498106,0.143652,6.549339,7.404069,9.886086,41.501503,88.743484
8.3597870,0.144849,6.538565,7.398083,9.874485,41.477833,88.730934
8.3697309,0.075417,6.460753,7.399281,9.823256,41.128082,89.331207
8.3796511,0.016759,6.426037,7.426814,9.820988,40.868038,89.850571
8.3905058,-0.035913,6.414066,7.437588,9.821366,40.774437,90.320801
8.3996849,-0.020351,6.411672,7.418434,9.805260,40.836643,90.181854
8.4110947,0.059855,6.441600,7.375339,9.792518,41.135094,89.467628
8.4197264,0.117316,6.477513,7.372944,9.814899,41.305637,88.962418
8.4297056,0.155623,6.555324,7.375339,9.868744,41.639244,88.640053
8.4397812,0.148441,6.590040,7.412448,9.919428,41.645924,88.709633
8.4495859,0.142455,6.558916,7.456741,9.931901,41.341412,88.755775
8.4605455,0.152032,6.542156,7.461530,9.924582,41.251461,88.668755
8.4697714,0.152032,6.540959,7.450756,9.915695,41.287308,88.668510
8.4796572,0.111330,6.543353,7.407660,9.884397,41.459003,89.025246
8.4896374,0.043096,6.525397,7.396886,9.863903,41.418758,89.621605
8.4996805,0.005986,6.472724,7.360973,9.802047,41.326141,89.947014
8.5098419,-0.002394,6.398504,7.368156,9.758616,40.971043,90.021439
8.5199003,0.068235,6.481104,7.368156,9.813210,41.336754,89.396797
8.5303564,0.168791,6.544550,7.368156,9.856437,41.621609,88.522606
8.5398273,0.330400,6.652289,7.386112,9.945691,42.042831,87.156624
8.5496769,0.440533,6.736086,7.422025,10.032716,42.287128,86.258247
8.5596733,0.395043,6.635530,7.408857,9.953768,41.898678,86.592941
8.5698805,0.290895,6.506243,7.429208,9.879725,41.239109,87.440002
8.5797482,0.065841,6.333860,7.444770,9.774800,40.391994,89.404434
8.5898228,-0.113725,6.315904,7.402872,9.731705,40.474380,91.031563
8.5996552,-0.190339,6.323087,7.285556,9.648678,40.967350,91.724213
8.6106386,0.102951,6.588843,7.226898,9.780158,42.359257,89.104828
8.6196785,0.102951,6.248867,7.461530,9.733106,39.949257,89.056129
8.6298761,0.270545,6.408081,7.682993,10.008251,39.855247,87.582451
8.6396971,0.362722,6.523003,7.923611,10.269603,39.505852,86.817261
