Keuwl Accelerometer Data File
2019-06-26 17-24-42

Time (s), X (m/s2), Y (m/s2), Z (m/s2), R (m/s2), Theta (deg), Phi (deg)
0.0000000,3.002329,8.775947,1.083376,9.338358,83.337914,71.113731
0.0121945,3.002329,8.775947,1.083376,9.338358,83.337914,71.113731
0.0220285,3.254917,8.552089,1.124078,9.219341,82.996727,69.163223
0.0322365,3.624821,8.462306,1.288081,9.295650,82.035004,66.812172
0.0419855,4.004303,8.662222,1.634043,9.681870,80.283485,65.190224
0.0522045,4.517859,9.552865,1.800440,10.719602,80.330902,64.689018
0.0621915,4.942830,10.579977,1.367089,11.757398,83.322838,64.958626
0.0721535,4.416105,10.627861,0.906205,11.544463,85.497826,67.436066
0.0822155,3.560178,9.689334,1.077391,10.378768,84.041550,69.825020
0.0920045,3.039439,8.598776,1.788469,9.293857,78.905045,70.532852
0.1020225,3.046622,8.240842,2.188300,9.054394,76.014061,69.710754
0.1123075,3.339911,8.378509,2.219425,9.288717,76.176147,68.266373
0.1220395,3.603274,8.749610,2.072181,9.686753,77.647881,67.617104
0.1323935,3.699042,9.156625,1.823185,10.042444,79.540070,68.002556
0.1419925,3.658340,9.435549,1.551443,10.238164,81.284096,68.807747
0.1521465,3.637990,9.576807,1.405396,10.340471,82.188629,69.199471
0.1621185,3.616442,9.570822,1.407791,10.327689,82.165489,69.300369
0.1721455,3.557784,9.479841,1.465251,10.230943,81.765923,69.428886
0.1821615,3.482366,9.329007,1.533486,10.075159,81.245285,69.530220
0.1920725,3.374627,9.203311,1.549049,9.924142,81.020042,69.863258
0.2021515,3.286042,9.113529,1.503559,9.803835,81.178055,70.172348
0.2122055,3.224990,9.076419,1.414973,9.735712,81.643120,70.439102
0.2220005,3.236961,9.099164,1.382651,9.756250,81.852638,70.417358
0.2335785,3.308787,9.149442,1.361104,9.824100,82.036201,70.118080
0.2421625,3.381810,9.172187,1.362301,9.870234,82.066643,69.760933
0.2520705,3.430891,9.167398,1.413776,9.889943,81.781364,69.481682
0.2622755,3.446453,9.127894,1.482011,9.868782,81.363129,69.314781
0.2721215,3.427300,9.107543,1.478420,9.842736,81.361244,69.377960
0.2822275,3.374627,9.093178,1.448492,9.806739,81.506119,69.639282
0.2920655,3.377022,9.109938,1.408988,9.817356,81.748413,69.660439
0.3022325,3.415329,9.123106,1.367089,9.836893,82.011421,69.476097
0.3121685,3.428497,9.129091,1.376666,9.848356,81.964516,69.415962
0.3224215,3.435679,9.115923,1.389834,9.840508,81.880623,69.349190
0.3322905,3.418920,9.091981,1.385046,9.811803,81.884956,69.391891
0.3420315,3.391387,9.069236,1.375469,9.779799,81.914894,69.497017
0.3520995,3.379416,9.071630,1.377863,9.778213,81.899406,69.568344
0.3632305,3.388993,9.083601,1.363498,9.790618,81.994637,69.540001
0.3722285,3.404555,9.074024,1.353921,9.785807,82.047295,69.434013
0.3821845,3.418920,9.060856,1.367089,9.780442,81.965012,69.327072
0.3921505,3.442862,9.023746,1.397017,9.758738,81.769516,69.116470
0.4020415,3.472790,9.008183,1.412579,9.757203,81.675865,68.917603
0.4121315,3.487155,9.022549,1.414973,9.775928,81.677742,68.868813
0.4221275,3.490746,9.038112,1.385046,9.787294,81.864494,68.882187
0.4322045,3.489549,9.047688,1.373075,9.794025,81.940865,68.909172
0.4419905,3.470395,9.034520,1.401805,9.779123,81.758446,68.986916
0.4520895,3.472790,9.017760,1.329979,9.754440,82.163536,68.938026
0.4621325,3.478775,8.973468,1.286883,9.709844,82.383957,68.810013
0.4721965,3.500323,8.926781,1.329979,9.680316,82.103149,68.589119
0.4820265,3.539827,8.918402,1.400608,9.696905,81.695229,68.351242
0.4922405,3.566164,8.931569,1.447295,9.725488,81.441757,68.234344
0.5019954,3.606865,8.981848,1.442507,9.785903,81.523338,68.120949
0.5121375,3.665523,8.980651,1.389834,9.798969,81.845970,67.796791
0.5221265,3.769670,8.943541,1.436521,9.811265,81.580742,67.144753
0.5323345,3.916914,8.950723,1.522712,9.888190,81.141602,66.365395
0.5420375,4.054581,8.945934,1.555034,9.944219,81.003410,65.618462
0.5524935,4.139575,8.924387,1.489193,9.949797,81.392151,65.115784
0.5623305,4.133589,8.950723,1.517924,9.975274,81.247375,65.211739
0.5724314,4.036624,8.975863,1.513135,9.957411,81.259430,65.785606
0.5820985,3.839103,8.935161,1.399411,9.825180,81.811455,66.748619
0.5921155,3.597288,8.884883,1.346738,9.679635,82.002426,67.958092
0.6020734,3.402161,8.864532,1.286883,9.581789,82.281563,69.003464
0.6121244,3.286042,8.889671,1.157596,9.548002,83.036346,69.713310
0.6220295,3.260903,8.929175,0.993594,9.557766,84.032944,69.937988
0.6322645,3.335123,8.954314,0.927753,9.600183,84.454330,69.571655
0.6420335,3.476381,9.023746,0.964863,9.718240,84.302071,68.930916
0.6520965,3.581726,8.993818,0.997185,9.732004,84.118896,68.285423
0.6620835,3.703830,8.926781,1.086968,9.725599,83.583015,67.465843
0.6721115,3.867833,8.906430,1.224634,9.786948,82.811775,66.525940
0.6820974,3.985149,8.860941,1.335965,9.807266,82.170715,65.784485
0.6921195,4.040215,8.841787,1.420959,9.824443,81.683853,65.442177
0.7021415,4.052186,8.829816,1.443704,9.821921,81.547592,65.348625
0.7121965,3.989937,8.807071,1.385046,9.767417,81.847832,65.627670
0.7220325,3.872621,8.828619,1.380257,9.738933,81.852280,66.315628
0.7321914,3.739743,8.854955,1.335965,9.704675,82.087425,67.104042
0.7423035,3.722984,8.951921,1.169568,9.765519,83.121460,67.418228
0.7522375,3.693056,9.083601,1.084573,9.865434,83.688332,67.875160
0.7620444,3.646369,9.105149,0.963666,9.855374,84.388611,68.175217
0.7721785,3.770868,9.076419,0.970849,9.876405,84.358727,67.439186
0.7821075,3.894169,9.042900,1.006762,9.897079,84.161598,66.701706
0.7920165,4.028244,9.044097,0.994791,9.950480,84.262321,65.991791
0.8024665,4.126407,9.042900,1.010353,9.991100,84.196022,65.472099
0.8120375,4.194642,9.011775,1.073799,9.998008,83.834465,65.039795
0.8220455,4.240131,8.969876,1.116895,9.984230,83.577110,64.699532
0.8325495,4.258088,8.951921,1.149217,9.979424,83.387222,64.561348
0.8421415,4.271256,8.929175,1.165976,9.966609,83.281685,64.435959
0.8524385,4.260482,8.910022,1.154005,9.943436,83.335403,64.444397
0.8621315,4.207809,8.870518,1.137246,9.883576,83.392670,64.622261
0.8725025,4.209007,8.851364,1.167173,9.870395,83.208885,64.567947
0.8820245,4.260482,8.863335,1.187524,9.905585,83.114578,64.327049
0.8926275,4.308366,8.937555,1.185130,9.992319,83.188454,64.263519
0.9024215,4.338294,8.967483,1.159991,10.029063,83.358139,64.183205
0.9121605,4.345476,9.021352,1.097741,10.073380,83.743797,64.280441
0.9222435,4.274847,9.138668,1.069011,10.145558,83.951668,64.930946
0.9321895,4.214992,9.143456,0.995988,10.117358,84.350456,65.251030
0.9422385,4.214992,9.069236,0.950498,10.045927,84.570824,65.073013
0.9523134,4.267664,8.980651,0.955287,9.988875,84.512131,64.582626
0.9627105,4.323928,8.933964,0.991199,9.974695,84.297028,64.173592
0.9728525,4.370615,8.906430,1.007959,9.972099,84.198753,63.861622
0.9821935,4.423288,8.895657,0.997185,9.984616,84.268188,63.561539
0.9922605,4.497508,8.900445,0.963666,10.018690,84.480370,63.191948
1.0025225,4.643554,8.889671,0.984017,10.077557,84.396461,62.419510
1.0121875,4.795586,8.866926,1.013944,10.131540,84.256340,61.593716
1.0221754,4.932055,8.816648,1.043872,10.156186,84.100616,60.777237
1.0327895,4.973954,8.768764,1.076194,10.138522,83.906631,60.436554
1.0419915,4.982334,8.724471,1.126472,10.109845,83.602631,60.270359
1.0522285,4.945224,8.682572,1.155202,10.058668,83.405235,60.336002
1.0623225,4.860229,8.628703,1.139640,9.968708,83.435493,60.609047
1.0725725,4.707001,8.586804,1.046266,9.848032,83.901321,61.269913
1.0820215,4.554969,8.561666,0.931344,9.742549,84.514404,61.986176
1.0920614,4.493917,8.591593,0.804452,9.729229,85.257141,62.387745
1.1020606,4.479551,8.649054,0.703895,9.765653,85.866615,62.619282
1.1123714,4.465186,8.757990,0.627281,9.850572,86.348953,62.985630
1.1223276,4.400543,8.816648,0.533907,9.868288,86.898598,63.475418
1.1321135,4.333505,8.816648,0.474052,9.835510,87.237389,63.825241
1.1421605,4.314352,8.757990,0.459687,9.773808,87.304245,63.774269
1.1522825,4.316746,8.711303,0.499191,9.735003,87.060699,63.640026
1.1621186,4.273650,8.635885,0.530316,9.650069,86.849747,63.670521
1.1725055,4.216189,8.588001,0.529119,9.581753,86.834435,63.851753
1.1821364,4.220978,8.572439,0.525527,9.569720,86.851982,63.784855
1.1920774,4.268862,8.567651,0.562637,9.588763,86.636139,63.515060
1.2020884,4.320337,8.531737,0.580594,9.580864,86.525787,63.143066
1.2120875,4.426879,8.513782,0.650026,9.617914,86.124718,62.527092
1.2223055,4.564546,8.530540,0.751779,9.704142,85.556847,61.849529
1.2320715,4.678270,8.577228,0.772130,9.800573,85.481316,61.390659
1.2421265,4.724957,8.580819,0.799663,9.828282,85.333054,61.160984
1.2521405,4.781221,8.611943,0.877475,9.889166,84.909401,60.961628
1.2621615,4.808754,8.633492,0.873884,9.920936,84.946564,60.882702
1.2727334,4.802769,8.674192,0.873884,9.953485,84.963135,61.027367
1.2822515,4.782418,8.689755,0.865504,9.956529,85.013084,61.173756
1.2921844,4.756082,8.718486,0.854730,9.968093,85.081039,61.386787
1.3022095,4.703409,8.720880,0.820014,9.942245,85.268997,61.660801
1.3120825,4.681861,8.692149,0.814029,9.906358,85.286560,61.691715
1.3222914,4.746505,8.725668,0.840365,9.968591,85.164154,61.455120
1.3326145,4.868609,8.747216,0.873884,10.048922,85.011093,60.900146
1.3421665,4.887763,8.708909,0.851139,10.022961,85.128639,60.697243
1.3524665,4.868609,8.665813,0.835576,9.974861,85.194801,60.671944
1.3620524,4.856638,8.634688,0.859518,9.944020,85.041412,60.644135
1.3724145,4.859032,8.617929,0.864307,9.931059,85.007195,60.584469
1.3821295,4.806360,8.672996,0.884658,9.955128,84.901711,61.005863
1.3926274,4.675876,8.662222,0.871489,9.882175,84.940628,61.639782
1.4020236,4.577713,8.672996,0.812831,9.840580,85.261971,62.174358
1.4120845,4.576517,8.643068,0.763750,9.809711,85.534630,62.098721
1.4221085,4.623203,8.619126,0.706290,9.806232,85.869720,61.791386
1.4326024,4.736928,8.597578,0.627281,9.836174,86.343605,61.146961
1.4420404,4.836287,8.615535,0.666785,9.902612,86.139107,60.692543
1.4521585,4.808754,8.653842,0.752976,9.928750,85.650627,60.940014
1.4621174,4.661511,8.689755,0.821211,9.895247,85.239525,61.789223
1.4725035,4.526238,8.752005,0.876278,9.892031,84.917839,62.653534
1.4820815,4.501099,8.842984,0.938527,9.966901,84.596771,63.023804
1.4924244,4.484340,8.892065,0.986411,10.007553,84.343361,63.237823
1.5021363,4.389769,8.872911,0.982820,9.948093,84.330223,63.676640
1.5121285,4.271256,8.831013,0.942118,9.854847,84.514175,64.188545
1.5235314,4.197036,8.803479,0.908600,9.794993,84.677498,64.510651
1.5321025,4.255693,8.826224,0.896629,9.839568,84.771683,64.258278
1.5420325,4.426879,8.898050,0.896629,9.978803,84.844833,63.549145
1.5524125,4.580108,8.984241,0.955287,10.129490,84.588539,62.987808
1.5620185,4.683059,9.010578,0.962469,10.200388,84.585739,62.537792
1.5729625,4.741716,8.980651,0.831985,10.189610,85.316566,62.166283
1.5822195,4.655525,8.939949,0.835576,10.114089,85.261101,62.491516
1.5923564,4.503493,8.832211,0.916979,9.956417,84.715607,62.983227
1.6020044,4.375403,8.753201,0.979228,9.834713,84.285675,63.441219
1.6120294,4.290410,8.718486,0.990002,9.767278,84.182564,63.797974
1.6220404,4.277241,8.681376,0.969652,9.726319,84.278473,63.770920
1.6324434,4.270059,8.687361,0.972046,9.728746,84.265732,63.824711
1.6420854,4.320337,8.712500,0.984017,9.774520,84.222153,63.624199
1.6525474,4.417302,8.707711,0.952892,9.810443,84.426048,63.101948
1.6620314,4.497508,8.737639,0.945710,9.872602,84.503136,62.763847
1.6723695,4.566940,8.755595,1.061828,9.932013,83.862793,62.453346
1.6820314,4.619612,8.711303,1.041478,9.915256,83.970650,62.062950
1.6922455,4.614824,8.659827,1.016339,9.865199,84.086746,61.946835
1.7020925,4.589684,8.584411,1.021127,9.787748,84.011604,61.868660
1.7121605,4.584896,8.522161,1.010353,9.729815,84.039612,61.719887
1.7220534,4.632780,8.480263,1.031901,9.718144,83.904678,61.352154
1.7320315,4.674679,8.453926,1.043872,9.716540,83.832672,61.059185
1.7420346,4.660314,8.434772,1.162385,9.706444,83.122101,61.078819
1.7524375,4.648343,8.459911,1.182736,9.725022,83.014519,61.213177
1.7621204,4.624401,8.530540,1.138443,9.769916,83.308388,61.537907
1.7722644,4.578911,8.626308,1.112107,9.829364,83.503571,62.040295
1.7821765,4.559757,8.692149,1.034295,9.869884,83.984756,62.319241
1.7922984,4.554969,8.755595,0.972046,9.917311,84.375122,62.514961
1.8020384,4.571728,8.766370,0.952892,9.932671,84.494850,62.457619
1.8120915,4.581305,8.735245,0.939724,9.908378,84.557808,62.324692
1.8220174,4.559757,8.693346,0.980426,9.865438,84.296539,62.322487
1.8324585,4.559757,8.643068,1.033098,9.826561,83.965157,62.185558
1.8420144,4.533421,8.573636,1.040281,9.754042,83.877693,62.131771
1.8523184,4.489128,8.523358,1.078588,9.693465,83.611496,62.224880
1.8623955,4.418499,8.540117,1.097741,9.677901,83.487061,62.643787
1.8720994,4.380192,8.591593,1.100136,9.706279,83.491959,62.986465
1.8821805,4.340688,8.632295,0.995988,9.713396,84.114685,63.304790
1.8921905,4.295198,8.644265,0.897826,9.694232,84.685966,63.577950
1.9021084,4.305972,8.655039,0.867898,9.705892,84.869774,63.549179
1.9131124,4.380192,8.693346,0.928950,9.778716,84.548843,63.258492
1.9220054,4.475960,8.659827,0.980426,9.797350,84.256767,62.667149
1.9321345,4.560954,8.577228,1.000776,9.765894,84.118195,61.998119
1.9420274,4.571728,8.494628,1.063026,9.705124,83.711639,61.711285
1.9524454,4.558560,8.404845,1.145625,9.629868,83.167580,61.525799
1.9624244,4.580108,8.378509,1.209072,9.624897,82.783485,61.336800
1.9721085,4.606444,8.408437,1.218649,9.664691,82.756126,61.284489
1.9823134,4.589684,8.495825,1.176750,9.727743,83.052002,61.620831
1.9920944,4.584896,8.620323,1.126472,9.828539,83.418732,61.992805
2.0020053,4.593276,8.724471,1.045069,9.914976,83.949608,62.234009
2.0123146,4.602853,8.810662,0.966060,9.987357,84.449196,62.416599
2.0221093,4.608838,8.914810,0.888249,10.074930,84.941994,62.661640
2.0333095,4.633977,8.991425,0.867898,10.152473,85.096008,62.734444
2.0421643,4.677073,9.039309,0.869095,10.214667,85.119202,62.642281
2.0525305,4.671088,9.056067,0.912191,10.230518,84.884506,62.715477
2.0620904,4.660314,8.965088,0.962469,10.149762,84.558647,62.533276
2.0720465,4.690241,8.900445,1.076194,10.118027,83.894241,62.212246
2.0824294,4.721366,8.895657,1.179144,10.139743,83.321999,62.042892
2.0926614,4.715380,8.896853,1.225831,10.143543,83.058929,62.076172
2.1020525,4.675876,8.886080,1.216254,10.114618,83.093628,62.246548
2.1121805,4.604050,8.848969,1.198298,10.046763,83.149910,62.512394
2.1222274,4.501099,8.792706,1.213860,9.952136,82.994202,62.891510
2.1321404,4.399345,8.720880,1.218649,9.843429,82.888351,63.230827
2.1422365,4.333505,8.664616,1.222240,9.764666,82.809448,63.428616
2.1524894,4.310760,8.664616,1.225831,9.755043,82.781052,63.549049
2.1620915,4.305972,8.714894,1.219846,9.796877,82.847321,63.706326
2.1722865,4.297592,8.705317,1.210269,9.783486,82.894005,63.725628
2.1820095,4.255693,8.677784,1.224634,9.742412,82.778740,63.876091
2.1920912,4.217386,8.678981,1.236605,9.728322,82.697151,64.083443
2.2022164,4.218584,8.693346,1.204283,9.737608,82.895844,64.114288
2.2122264,4.237737,8.707711,1.132457,9.750134,83.330162,64.049438
2.2220445,4.265270,8.713697,1.085770,9.762169,83.614220,63.918701
2.2320693,4.298789,8.744822,1.031901,9.798791,83.955032,63.822140
2.2420654,4.362236,8.738836,1.012747,9.819471,84.080177,63.472633
2.2520895,4.393360,8.698134,1.023521,9.798304,84.003998,63.202015
2.2620914,4.459201,8.716091,1.059434,9.847696,83.824059,62.905460
2.2723174,4.542998,8.754398,1.036689,9.917311,83.999718,62.573444
2.2821884,4.636372,8.781932,1.004368,9.981334,84.224861,62.168438
2.2922385,4.738125,8.814254,1.013944,10.058279,84.214363,61.739632
2.3022964,4.809951,8.834604,1.031901,10.111908,84.142876,61.434162
2.3125346,4.855441,8.822633,1.046266,10.124664,84.068558,61.174286
2.3222876,4.827908,8.769960,1.034295,10.064326,84.101387,61.166996
2.3323054,4.788404,8.724471,1.047463,10.007116,83.991737,61.239933
2.3421724,4.771644,8.705317,1.069011,9.984685,83.853844,61.271538
2.3524954,4.734534,8.665813,1.069011,9.932518,83.821434,61.350185
2.3621445,4.663905,8.628703,1.084573,9.868274,83.690155,61.608311
2.3724885,4.588488,8.590396,1.072602,9.797938,83.715103,61.891472
2.3823814,4.498705,8.560468,1.069011,9.729478,83.691978,62.277134
2.3923063,4.405331,8.510190,1.043872,9.639500,83.783188,62.631489
2.4021707,4.309563,8.492233,1.036689,9.579410,83.787247,63.093521
2.4126205,4.229357,8.482656,1.031901,9.534555,83.786850,63.499672
2.4222214,4.161122,8.497022,1.017536,9.515760,83.861534,63.908298
2.4338164,4.139575,8.508993,1.009156,9.516167,83.912537,64.057358
2.4422915,4.185065,8.535329,0.993594,9.557920,84.033035,63.880241
2.4527555,4.247314,8.602366,0.995988,9.645329,84.073006,63.722702
2.4623034,4.329914,8.663419,1.023521,9.739126,83.967430,63.444450
2.4723504,4.400543,8.696938,1.030704,9.801217,83.963570,63.161156
2.4823344,4.430470,8.711303,1.063026,9.830864,83.792389,63.042625
2.4923785,4.431667,8.710106,1.095347,9.833890,83.604843,63.033188
2.5022404,4.440047,8.714894,1.102530,9.842711,83.568527,63.002155
2.5136003,4.481946,8.756793,1.057040,9.893765,83.866867,62.895500
2.5228746,4.526238,8.809465,1.005565,9.955133,84.202682,62.806236
2.5327454,4.556166,8.835801,0.950498,9.986665,84.538506,62.722183
2.5423884,4.610035,8.863335,0.942118,10.034875,84.612885,62.519962
2.5527694,4.667496,8.856153,0.946907,10.055525,84.596573,62.209232
2.5621345,4.662708,8.835801,0.960075,10.036632,84.510857,62.179108
2.5727243,4.663905,8.792706,0.988805,10.002070,84.326469,62.057228
2.5820634,4.689044,8.784326,1.012747,10.008854,84.192581,61.906849
2.5924735,4.717774,8.730456,1.040281,9.977998,84.015610,61.614048
2.6021445,4.738125,8.674192,1.066617,9.941283,83.840782,61.355202
2.6121316,4.740520,8.615535,1.131260,9.898470,83.437531,61.179123
2.6221235,4.747702,8.542512,1.186327,9.844925,83.078964,60.935852
2.6335936,4.734534,8.517372,1.216254,9.820423,82.885681,60.931721
2.6422336,4.692636,8.541314,1.228225,9.822598,82.816887,61.215412
2.6521945,4.590882,8.547300,1.176750,9.773294,83.084541,61.759094
2.6622126,4.472369,8.579621,1.103727,9.738080,83.492035,62.467957
2.6720254,4.396951,8.628703,1.055843,9.741792,83.777901,62.997852
2.6824906,4.334702,8.633492,0.967257,9.708883,84.282364,63.339695
2.6923513,4.276044,8.622718,0.926556,9.669247,84.501190,63.622982
2.7020626,4.288015,8.652645,0.948104,9.703311,84.392723,63.638237
2.7121184,4.313154,8.694544,0.952892,9.752251,84.392685,63.615093
2.7221293,4.346673,8.763975,0.957681,9.829444,84.408813,63.619946
2.7321184,4.473566,8.728063,0.954089,9.854043,84.443794,62.862606
2.7421277,4.547786,8.711303,0.999579,9.877667,84.191963,62.432926
2.7528775,4.651934,8.692149,1.060631,9.915588,83.859550,61.844845
2.7622924,4.754885,8.671799,1.106121,9.951509,83.618324,61.263344
2.7730293,4.830302,8.661025,1.128866,9.980957,83.505836,60.851349
2.7822344,4.854244,8.651448,1.113304,9.982519,83.596748,60.703640
2.7923555,4.872200,8.643068,1.115698,9.984275,83.584053,60.589527
2.8022163,4.917690,8.661025,1.101333,10.020477,83.689972,60.412289
2.8125274,4.932055,8.690952,1.073799,10.050417,83.866737,60.425388
2.8220594,4.912902,8.675390,1.047463,10.024778,84.002365,60.476978
2.8320775,4.891354,8.682572,1.070208,10.022861,83.870461,60.605129
2.8420334,4.868609,8.689755,1.070208,10.018011,83.867477,60.739399
2.8521326,4.809951,8.692149,1.034295,9.987935,84.056114,61.041290
2.8621504,4.765658,8.677784,1.004368,9.951090,84.207253,61.225327
2.8721285,4.718972,8.664616,0.981623,9.915030,84.318207,61.426155
2.8820684,4.691438,8.639477,0.995988,9.881404,84.215096,61.497002
2.8922894,4.650737,8.627506,1.007959,9.852878,84.128311,61.672703
2.9022436,4.586093,8.602366,1.012747,9.800950,84.068954,61.937031
2.9120774,4.541800,8.595184,1.004368,9.773121,84.101395,62.147480
2.9221895,4.508282,8.592790,0.976834,9.752685,84.251587,62.315861
2.9322696,4.480749,8.565256,0.950498,9.713093,84.384193,62.384552
2.9429166,4.473566,8.559271,0.944513,9.703918,84.414383,62.405849
2.9522076,4.496311,8.582016,0.982820,9.738262,84.207649,62.348949
2.9627173,4.525041,8.566454,0.978031,9.737386,84.235443,62.155731
2.9724574,4.572925,8.542512,0.986411,9.739567,84.187187,61.839241
2.9825664,4.631583,8.512584,1.016339,9.744157,84.013023,61.449978
2.9926252,4.616021,8.471883,1.015141,9.701080,83.993454,61.415642
3.0026104,4.655525,8.513782,1.049857,9.760153,83.824997,61.329182
3.0128124,4.740520,8.651448,1.102530,9.926513,83.623047,61.279675
3.0223064,4.882974,8.819042,1.140837,10.144972,83.543236,61.027348
3.0322623,5.090073,8.996213,1.109712,10.395775,83.872200,60.498745
3.0421214,5.321113,9.063251,0.954089,10.553059,84.812874,59.582436
3.0523305,5.506664,8.951921,0.999579,10.557433,84.567093,58.402760
3.0621824,5.670667,8.832211,1.319205,10.578502,82.836205,57.297756
3.0722523,5.649119,8.553286,1.288081,10.331039,82.837685,56.556759
3.0824814,5.510255,8.322245,1.254562,10.059651,82.835861,56.490993
3.0927534,5.315128,7.994239,1.012747,9.653192,83.977837,56.381268
3.1020725,5.197812,7.881712,1.212663,9.518886,82.680885,56.596046
3.1122324,5.204995,7.985860,1.198298,9.607385,82.835022,56.904644
3.1220593,5.388151,8.025364,1.011550,9.719150,84.025948,56.122978
3.1321404,5.597643,7.957129,0.973243,9.777358,84.287292,54.874561
3.1420205,5.863400,7.808689,0.754174,9.794072,85.583679,53.097790
3.1521034,6.441600,7.692570,0.345962,10.039399,88.025169,50.057888
3.1620233,7.314286,7.744045,-0.014365,10.652194,90.077271,46.634754
3.1722722,8.207323,7.641095,-0.533907,11.226377,92.725914,42.953819
3.1821964,8.858546,7.384915,-1.072602,11.582802,95.313377,39.816231
3.1925673,9.756371,7.256825,-2.565387,12.426967,101.913643,36.642010
3.2024093,10.056845,6.209362,-3.768473,12.405551,107.684372,31.692280
3.2121375,10.550050,5.491102,-4.535815,12.729075,110.875290,27.496126
3.2221386,11.761516,5.000290,-4.428076,13.525680,109.110008,23.032284
3.2321603,13.702016,4.894945,-2.250550,14.723135,98.792587,19.658897
3.2427855,14.247894,4.141969,-0.269348,14.840180,91.039970,16.209541
3.2523904,11.862072,2.838326,-1.318008,12.267925,96.167496,13.456582
3.2622204,9.196129,2.512715,-3.446453,10.137088,109.875931,15.282252
3.2725365,9.248801,3.580529,-4.938041,11.079023,116.468826,21.163134
3.2823684,10.273520,4.994305,-6.217742,13.005713,118.559929,25.925951
3.2940845,9.859323,6.782773,-6.537368,13.636328,118.646759,34.526234
3.3040476,8.633492,8.619126,-5.657499,13.447446,114.879532,44.952293
3.3122194,8.166622,9.895236,-5.844246,14.098391,114.489906,50.466854
3.3225164,8.373720,10.881647,-6.101623,15.025286,113.959473,52.420750
3.3322403,8.348581,11.840525,-5.318719,15.433263,110.159027,54.812893
3.3424973,7.194576,12.638990,-3.185485,14.888026,102.354691,60.349884
3.3523614,6.111200,12.987347,-2.434903,14.558390,99.628014,64.800659
3.3622713,5.105635,13.114240,-2.674323,14.324901,100.759712,68.728043
3.3731565,3.855862,12.350490,-1.447295,13.019099,96.382599,72.661469
3.3828022,3.584120,9.228451,-1.717840,10.047945,99.843887,68.774963
3.3923225,4.244920,5.918467,-3.527856,8.092797,115.844193,54.350658
3.4027483,5.506664,3.584120,-4.935647,8.217656,126.913956,33.058880
3.4123733,7.383718,2.547431,-4.663905,9.097291,120.841820,19.034765
3.4222684,10.030508,3.075352,-2.885013,10.880817,105.375671,17.045532
3.4327104,12.391191,5.347449,1.836353,13.620169,82.251442,23.342733
3.4421833,13.523648,8.546103,6.497863,17.266939,67.894188,32.290333
3.4525685,13.084312,11.048044,9.779117,19.720285,60.271461,40.176853
3.4625583,11.174936,12.331336,11.253945,20.089607,55.931240,47.816418
3.4730942,8.186973,11.660959,9.589975,17.174751,56.056412,54.927921
3.4825485,5.035006,9.106346,5.464766,11.753318,62.292679,61.061275
3.4923544,2.625242,5.953183,2.014721,6.811122,72.794563,66.203415
3.5023954,1.400608,3.242946,0.737414,3.608626,78.208687,66.640793
3.5125065,1.435324,1.447295,0.808043,2.192658,68.375504,45.237938
3.5221813,2.347515,0.523133,1.225831,2.699473,62.992947,12.562834
3.5325003,3.554192,0.407014,1.489193,3.875002,67.399231,6.532864
3.5423055,4.696227,1.025915,1.533486,5.045654,72.306671,12.322969
3.5524344,5.544971,2.327164,1.112107,6.115487,79.522415,22.767263
3.5622444,5.843049,3.914520,0.174777,7.035285,88.576462,33.819897
3.5720885,5.697003,5.416882,-1.151611,7.945102,98.334152,43.556187
3.5820515,5.312734,6.750452,-2.579752,8.969329,106.715485,51.796581
3.5922103,4.769250,7.909245,-3.845088,10.004330,112.602921,58.910156
3.6020746,4.197036,8.832211,-4.763264,10.877120,115.970985,64.583099
3.6121972,3.817555,9.313444,-5.239710,11.347622,117.499779,67.711411
3.6220505,3.979163,9.291897,-5.181053,11.358538,117.138130,66.817444
3.6323204,4.721366,8.852561,-4.708198,11.082701,115.139526,61.927513
3.6425283,5.875371,8.240842,-3.847482,10.827492,110.814514,54.512741
3.6524065,7.062895,7.617153,-2.935291,10.794510,105.778816,47.162224
3.6623163,8.327033,7.171831,-2.420538,11.253161,102.421303,40.737362
3.6728394,9.455899,6.898892,-2.348712,11.938392,101.346153,36.113968
3.6825354,10.298658,6.789956,-2.634819,12.613808,102.056946,33.397060
3.6921353,10.891224,6.830657,-2.634819,13.123220,101.582306,32.094738
3.7024593,11.859678,7.674613,-3.081338,14.458433,102.305077,32.907642
3.7122355,12.138602,8.197746,-3.227384,14.998823,102.425842,34.032936
3.7222934,12.278664,8.560468,-3.432088,15.356641,102.914223,34.883530
3.7323093,12.033257,8.522161,-3.533842,15.162933,103.477173,35.306786
3.7423012,11.498154,8.113950,-3.268085,14.447287,103.073898,35.209633
3.7528603,10.849325,7.505822,-2.742558,13.474674,101.743713,34.676411
3.7621424,10.201694,6.947973,-2.015918,12.506511,99.275948,34.257244
3.7722673,9.685743,6.677429,-1.344344,11.840985,96.519028,34.582691
3.7821705,9.362526,6.801927,-0.866701,11.604924,94.283058,35.998615
3.7928853,9.173384,7.261614,-0.573411,11.713701,92.805878,38.364998
3.8023872,9.082404,7.886500,-0.506374,12.039243,92.410583,40.968678
3.8122873,9.095572,8.482656,-0.490811,12.446919,92.259895,43.003025
3.8222735,9.135077,8.851364,-0.526724,12.730817,92.371231,44.096310
3.8325045,9.064447,8.898050,-0.545878,12.713674,92.460823,44.469250
3.8430665,8.791509,8.511387,-0.398635,12.243090,91.865875,44.072502
3.8521965,8.504205,7.990648,-0.055067,11.669404,90.270370,43.216709
3.8623524,8.315063,7.569269,0.401029,11.251441,87.957405,42.311848
3.8724432,8.080431,7.315483,0.798466,10.929191,85.810341,42.155590
3.8823853,7.770381,7.368156,1.092953,10.763972,84.172256,43.478027
3.8923824,7.242460,7.720103,1.194707,10.652725,83.560715,46.828407
3.9021544,6.374562,8.297106,1.039083,10.514595,84.328606,52.465378
3.9125445,5.201403,8.990228,0.985214,10.433094,84.581390,59.947964
3.9223223,3.952827,9.682152,0.921768,10.498503,84.962952,67.791817
3.9324133,2.613271,10.126276,1.052252,10.510846,84.254433,75.529503
3.9423726,1.780089,10.208876,1.222240,10.434737,83.273399,80.108963
3.9524524,1.195904,9.605537,1.428141,9.784484,81.607140,82.903107
3.9622993,0.948104,8.762778,1.827973,9.001482,78.283188,83.824806
3.9726434,1.080982,8.171411,2.366668,8.575640,73.979828,82.464195
3.9822855,1.586159,8.101978,2.886210,8.745751,70.730446,78.923065
3.9923823,2.285265,8.414422,3.150769,9.271045,70.132233,74.805595
4.0022545,2.879028,8.898050,3.258508,9.903635,70.790611,72.070641
4.0122485,3.174711,9.291897,2.881422,10.233315,73.645912,71.136520
4.0227866,2.954445,9.448717,2.296039,10.162618,76.942436,72.636467
4.0322475,2.373851,9.411607,1.654393,9.846346,80.327225,75.843788
4.0422912,1.736993,9.257181,1.109712,9.483882,83.280403,79.372742
4.0529904,1.403002,9.117120,0.684742,9.249820,85.754646,81.251579
4.0624566,1.425747,9.016563,0.384269,9.136675,87.589546,81.014481
4.0723205,1.572991,8.887277,0.161609,9.026855,88.974174,79.962967
4.0823274,1.687912,8.702923,0.015562,8.865108,89.899422,79.023888
4.0921292,1.675941,8.394072,-0.049081,8.559884,90.328529,78.708923
4.1021266,1.610101,7.936779,0.019154,8.098472,89.864487,78.532272
4.1126223,1.567005,7.509414,0.266953,7.675810,88.006935,78.213112
4.1222544,1.665167,7.177817,0.503979,7.385650,86.087227,76.939102
4.1324825,1.824382,7.072472,0.735020,7.340877,84.253517,75.535568
4.1421466,2.011129,7.290344,0.993594,7.627646,82.515259,74.577835
4.1521735,2.303222,7.692570,1.156399,8.112812,81.805153,73.331848
4.1630135,2.576161,8.086416,1.271321,8.581550,81.480507,72.329224
4.1723766,2.877831,8.418014,1.271321,8.986719,81.867279,71.126198
4.1825843,3.434482,8.711303,1.441309,9.474167,81.249588,68.482872
4.1924944,3.594894,8.736442,1.565808,9.576034,80.589127,67.633682
4.2023716,3.659537,8.717288,1.717840,9.609074,79.701721,67.227226
4.2124505,3.705027,8.705317,1.899799,9.649819,78.645775,66.945152
4.2224503,3.882198,8.707711,2.074576,9.757027,77.723846,65.971039
4.2323093,4.059369,8.621520,2.384625,9.823214,75.950859,64.787003
4.2421026,4.222175,8.558074,2.572570,9.883597,74.912918,63.740311
4.2521873,4.315548,8.518570,2.686294,9.919989,74.288353,63.133007
4.2622633,4.223372,8.456321,2.788048,9.854919,73.566086,63.460911
4.2723975,4.072537,8.464700,2.894590,9.829310,72.873306,64.306862
4.2828684,4.053383,8.552089,2.917335,9.903483,72.867844,64.640724
4.2923284,4.097676,8.643068,2.907758,9.997431,73.091118,64.634384
4.3029227,4.198233,8.760384,2.758120,10.098352,74.149643,64.394897
4.3128638,4.285621,8.880095,2.590526,10.194776,75.279541,64.237587
4.3223534,4.327519,9.078813,2.511518,10.366290,75.979012,64.514664
4.3330503,4.248511,9.194932,2.419341,10.413925,76.566429,65.200745
4.3421402,4.107253,9.277532,2.408567,10.428006,76.645752,66.120567
4.3525505,3.927688,9.370906,2.437297,10.448973,76.511093,67.259666
4.3623571,3.778050,9.408015,2.342726,10.405420,76.988609,68.120697
4.3724532,3.663129,9.442732,2.078167,10.339365,78.404816,68.797180
4.3822894,3.552995,9.598354,1.765724,10.386046,80.211647,69.687103
4.3922014,3.391387,9.791088,1.538275,10.475362,81.555756,70.895203
4.4021683,3.239355,9.932345,1.466449,10.549663,82.009766,71.936676
4.4125886,3.122039,9.848549,1.567005,10.449716,81.375580,72.411125
4.4233141,3.063381,9.482236,1.799243,10.125926,79.764954,72.096161
4.4321461,3.041833,8.871715,2.075773,9.605670,77.520004,71.074760
4.4421992,3.031059,8.157045,2.346318,9.012764,74.910194,69.615540
4.4532557,3.084929,7.565677,2.591723,8.571656,72.400612,67.816666
4.4625063,3.196259,7.174225,2.647987,8.288390,71.368431,65.986084
4.4722633,3.396175,7.137115,2.598906,8.320260,71.798561,64.552696
4.4826221,3.594894,7.566875,2.334347,8.696552,74.429604,64.588402
4.4923153,3.773262,8.532935,2.051831,9.552931,77.597061,66.144997
4.5023766,4.023456,9.771935,1.746570,10.711182,80.615417,67.621277
4.5124841,4.448427,10.910378,1.473631,11.874191,82.871002,67.818085
4.5223083,5.008670,11.465832,1.154005,12.565183,84.730446,66.402641
4.5334897,5.495890,11.249157,1.112107,12.569213,84.923912,63.961704
4.5422096,5.559336,10.295067,1.392228,11.782738,83.214172,61.630955
4.5524464,5.183447,9.018958,1.911770,10.576606,79.586281,60.112816
4.5621305,4.667496,7.818265,2.457648,9.431375,74.895393,59.162846
4.5721183,4.259285,6.867768,2.850297,8.569243,70.572159,58.193439
4.5821791,4.042610,6.210559,3.131616,8.044922,67.091156,56.938881
4.5926151,3.980360,5.785588,3.208230,7.720689,65.446877,55.472862
4.6020184,4.097676,5.706580,3.136404,7.693701,65.942154,54.319321
4.6125011,4.234146,6.095637,2.847903,7.949549,69.007416,55.215424
4.6223164,4.356250,7.169437,2.409764,8.728385,73.973396,58.716553
4.6326332,4.431667,8.949526,1.805228,10.148524,79.753647,63.656097
4.6424155,4.576517,11.173739,1.048660,12.120093,85.036423,67.727081
4.6521974,4.923676,13.236344,0.209493,14.123997,89.150139,69.595726
4.6626029,5.214571,14.555550,-0.902614,15.487753,93.341049,70.289780
4.6722493,5.152322,14.729129,-1.040281,15.638921,93.814056,70.719910
4.6828823,3.745728,13.151350,-0.933739,13.706217,93.906311,74.102142
4.6922545,2.736573,12.512098,-0.803255,12.833030,93.588646,77.662872
4.7022061,1.877054,12.224793,-0.750582,12.390814,93.472855,81.270706
4.7121611,1.318008,12.175713,-0.780510,12.271688,93.646614,83.821846
4.7230244,1.017536,12.119449,-0.787692,12.187571,93.705658,85.200768
4.7327366,0.839168,11.834539,-0.713472,11.885688,93.441414,85.944038
4.7424750,0.724246,11.317391,-0.572214,11.354968,92.888550,86.338402
4.7520885,0.663194,10.752359,-0.284910,10.776560,91.514961,86.470528
4.7622404,0.587777,10.211270,0.088585,10.228557,89.503777,86.705605
4.7728591,0.537498,9.776723,0.497994,9.804143,87.088455,86.853195
4.7820344,0.543484,9.491813,0.891840,9.549097,84.641037,86.722923
4.7922864,0.697910,9.406818,1.121683,9.499130,83.218536,85.756889
4.8023362,0.891840,9.339781,1.201889,9.458934,82.700043,84.545456
4.8123484,0.984017,9.288305,1.346738,9.436875,81.795296,83.952560
4.8226714,1.096544,9.257181,1.260547,9.406742,82.298935,83.244598
4.8325710,1.231817,9.232041,1.130063,9.382164,83.082039,82.400002
4.8421764,1.200692,9.010578,1.150414,9.162731,82.787277,82.409843
4.8525105,1.091756,8.646660,1.058237,8.779324,83.076881,82.803726
4.8621535,0.951695,8.210915,0.991199,8.325102,83.162056,83.388573
4.8723717,0.861913,7.827842,1.000776,7.938486,82.757660,83.716553
4.8821492,0.893037,7.495049,0.889446,7.600288,83.279396,83.205223
4.8929052,0.976834,7.175423,0.786495,7.284193,83.801529,82.247635
4.9022188,1.107318,6.953959,0.638055,7.070418,84.822418,80.952431
4.9126487,1.290475,6.907272,0.386664,7.037417,86.850357,79.417519
4.9232969,1.497573,7.149086,0.118513,7.305218,89.070450,78.168892
4.9323864,1.710657,7.671022,-0.225055,7.862670,91.640213,77.428596
4.9431314,1.936909,8.355764,-0.638055,8.601019,94.254318,76.949043
4.9524736,2.169147,9.103952,-1.016339,9.413825,96.197868,76.598335
4.9622288,2.390610,9.745598,-1.326388,10.121808,97.529846,76.217400
4.9723630,2.531868,10.260351,-1.580173,10.685603,98.504013,76.138481
4.9822931,2.539051,10.532093,-1.711854,10.968236,98.979080,76.445908
4.9924126,2.440889,10.705673,-1.687912,11.109385,98.739120,77.156143
5.0021386,2.288857,10.788273,-1.596933,11.143424,98.239265,78.021652
5.0123334,1.993173,10.827777,-1.454478,11.105359,97.525696,79.569778
5.0226374,1.742979,10.866084,-1.322796,11.084203,96.854057,80.887077
5.0329752,1.516727,10.881647,-1.189918,11.051091,96.181267,82.065010
5.0422206,1.478420,10.834960,-1.060631,10.986674,95.539848,82.230034
5.0525990,1.558625,10.675745,-0.798466,10.818429,94.232628,81.693680
5.0621886,1.832761,10.462662,-0.410606,10.629906,92.213737,80.064217
5.0725865,2.243367,10.170568,0.004788,10.415046,89.973656,77.561195
5.0822964,2.668338,9.840169,0.378284,10.202551,87.875137,74.828072
5.0923944,3.046622,9.490616,0.748188,9.995673,85.707329,72.202637
5.1021142,3.331532,9.145850,1.150414,9.801487,83.259583,69.984985
5.1132183,3.551798,8.819042,1.519121,9.628007,80.921852,68.063286
5.1224914,3.732560,8.528147,1.817199,9.484909,78.954498,66.362190
5.1324234,3.848679,8.263587,1.951274,9.322375,77.918030,65.026741
5.1422534,3.906140,8.085219,1.990779,9.197386,77.499359,64.213829
5.1526704,3.767276,8.046912,1.850718,9.075809,78.233849,64.912689
5.1621566,3.767276,8.166622,1.850718,9.182116,78.371986,65.236046
5.1724720,3.574543,8.589199,1.346738,9.400288,81.763138,67.404518
5.1824422,3.454833,8.779537,1.049857,9.493069,83.650558,68.519882
5.1925254,3.280056,8.886080,0.756568,9.502294,85.433304,69.739738
5.2021713,3.070564,8.985439,0.559046,9.512046,86.630646,71.133339
5.2123051,2.869451,9.090784,0.451307,9.543572,87.289520,72.482018
5.2225361,2.646790,9.502586,0.207098,9.866486,88.797264,74.435692
5.2324281,2.607286,9.811439,-0.002394,10.151959,90.013512,75.118195
5.2423692,2.551022,10.121488,-0.248997,10.440988,91.366524,75.853790
5.2522354,2.476802,10.413580,-0.429759,10.712697,92.299141,76.621155
5.2621961,2.397793,10.658986,-0.555455,10.939466,92.910461,77.322067
5.2722416,2.329558,10.825383,-0.638055,11.091568,93.297821,77.855492
5.2822065,2.285265,10.913968,-0.659603,11.170148,93.385315,78.173752
5.2921872,2.251747,10.936713,-0.574608,11.180887,92.945847,78.366013
5.3021913,2.248155,10.851719,-0.428562,11.090431,92.214607,78.295586
5.3121295,2.274492,10.714052,-0.205901,10.954754,91.076973,78.014587
5.3225818,2.317587,10.541670,0.011971,10.793431,89.936455,77.600777
5.3323574,2.342726,10.377667,0.325611,10.643795,88.246956,77.278893
5.3422313,2.390610,10.214862,0.623690,10.509397,86.597733,76.827988
5.3521581,2.461239,10.113108,0.860716,10.443825,85.272675,76.321770
5.3621211,2.577358,10.034100,1.076194,10.415571,84.069305,75.594429
5.3724499,2.671929,9.969456,1.264138,10.398428,83.017273,74.996666
5.3827982,2.761712,9.859323,1.449689,10.340933,81.941193,74.351822
5.3925161,2.810793,9.697714,1.596933,10.222348,81.012459,73.836258
5.4037819,2.817975,9.506178,1.708263,10.061141,80.224495,73.488266
5.4130135,2.764106,9.283517,1.731008,9.839734,79.867790,73.419449
5.4229836,2.645593,9.090784,1.654393,9.611375,80.088394,73.773987
5.4325438,2.517503,8.947132,1.523909,9.418667,80.688797,74.284706
5.4424348,2.393005,8.882488,1.347936,9.297419,81.663902,74.922096
5.4522357,2.318784,8.908825,1.188721,9.282079,82.642136,75.410789
5.4621892,2.264915,8.959103,1.007959,9.295770,83.775063,75.812546
5.4721236,2.268506,9.051279,0.787692,9.364413,85.174835,75.929886
5.4820914,2.299631,9.191340,0.519542,9.488886,86.861336,75.953224
5.4920979,2.319981,9.315839,0.294487,9.604889,88.243027,76.015739
5.5020800,2.315193,9.459491,0.104148,9.739246,89.387291,76.247314
5.5121365,2.290054,9.586384,-0.027533,9.856158,90.160057,76.564629
5.5221410,2.282871,9.709685,-0.081403,9.974774,90.467590,76.769325
5.5322886,2.319981,9.822212,-0.105345,10.093031,90.598030,76.710449
5.5422716,2.404976,9.902418,-0.180762,10.191882,91.016243,76.349022
5.5521388,2.501941,9.993398,-0.253785,10.304955,91.411194,75.944382
5.5623178,2.548628,10.060435,-0.301669,10.382624,91.664978,75.784233
5.5721688,2.553416,10.078392,-0.245406,10.399718,91.352150,75.782951
5.5821595,2.547431,10.026917,-0.174777,10.346932,90.967865,75.745071
5.5921435,2.536657,9.939528,-0.086191,10.258473,90.481400,75.683205
5.6028414,2.483984,9.829395,0.005986,10.138403,89.966171,75.817726
5.6124783,2.431312,9.747993,0.088585,10.047014,89.494812,75.995216
5.6223512,2.398990,9.708488,0.143652,10.001526,89.177032,76.120117
5.6322117,2.421735,9.732430,0.198719,10.031175,88.864891,76.026787
5.6421299,2.461239,9.815030,0.257377,10.122191,88.542984,75.922661
5.6520791,2.588132,10.038888,0.281319,10.370961,88.445625,75.543343
5.6621127,2.616863,10.058042,0.360327,10.399135,88.014320,75.416328
5.6721110,2.597709,9.973047,0.480037,10.316986,87.333130,75.400406
5.6820731,2.568978,9.842564,0.609324,10.190534,86.572060,75.371750
5.6920667,2.492364,9.655815,0.717063,9.998041,85.887192,75.526695
5.7020903,2.398990,9.510966,0.835576,9.844380,85.130959,75.843346
5.7120795,2.337938,9.398438,0.899023,9.726502,84.696571,76.030746
5.7220669,2.300828,9.271546,0.909797,9.595994,84.559616,76.063019
5.7320919,2.272097,9.094376,0.922965,9.419233,84.376724,75.972633
5.7421384,2.213439,8.911219,0.841562,9.220486,84.763275,76.050720
5.7521095,2.082955,8.767567,0.816423,9.048507,84.823311,76.635712
5.7620869,1.947683,8.708909,0.733823,8.954165,85.299156,77.393661
5.7720680,1.856703,8.796297,0.663194,9.014544,85.780975,78.081085
5.7822037,1.788469,8.980651,0.527921,9.172209,86.700424,78.737076
5.7921448,1.766921,9.234436,0.398635,9.410405,87.572166,79.167931
5.8021064,1.762132,9.481039,0.274136,9.647298,88.371674,79.471222
5.8120794,1.739388,9.660604,0.228646,9.818605,88.665627,79.793274
5.8221703,1.711854,9.768343,0.208296,9.919393,88.796768,80.060127
5.8321638,1.659182,9.793482,0.250194,9.936185,88.557137,80.384422
5.8421292,1.618480,9.752781,0.344765,9.892173,88.002708,80.577599
5.8520527,1.576582,9.642648,0.453701,9.781212,87.341385,80.714249
5.8621054,1.563414,9.490616,0.605733,9.637581,86.396523,80.645531
5.8721123,1.570596,9.293094,0.784101,9.457440,85.244240,80.407272
5.8820853,1.613692,9.066842,0.969652,9.260230,83.989464,79.908325
5.8920450,1.671153,8.798691,1.228225,9.039815,82.191162,79.245796
5.9021387,1.742979,8.516175,1.561020,8.831760,79.819450,78.433197
5.9121656,1.806425,8.282741,1.933318,8.695095,77.153152,77.696724
5.9222479,1.883040,8.112753,2.209848,8.616613,75.139671,76.932549
5.9323945,1.990779,8.016984,2.387019,8.598435,73.882332,76.054382
5.9423866,2.103306,8.021772,2.481590,8.656270,73.340630,75.307793
5.9522457,2.188300,8.131907,2.534262,8.794262,73.251434,74.938469
5.9622812,2.255338,8.313866,2.537854,8.980402,73.584610,74.822395
5.9722843,2.316390,8.538920,2.483984,9.189614,74.317680,74.822395
5.9823160,2.364274,8.857349,2.381034,9.471628,75.440460,75.054604
5.9921918,2.410961,9.277532,2.248155,9.845787,76.800827,75.432709
6.0021429,2.483984,9.752781,2.123657,10.285759,78.084686,75.710861
6.0122638,2.551022,10.205285,1.987187,10.705348,79.302391,75.965340
6.0222964,2.638410,10.550050,1.883040,11.036784,80.176430,75.959167
6.0322604,2.723404,10.728417,1.756147,11.207137,80.984657,75.756355
6.0423651,2.748544,10.691308,1.654393,11.162239,81.476593,75.582497
6.0525522,2.721010,10.481815,1.624466,10.950399,81.468819,75.447609
6.0623341,2.661155,10.134656,1.669956,10.610455,80.944695,75.287422
6.0723577,2.636016,9.756371,1.751359,10.256832,80.168549,74.880592
6.0826998,2.627636,9.361329,1.877054,9.902640,79.073425,74.321068
6.0925174,2.639607,8.998607,1.976413,9.583771,78.098778,73.651733
6.1024156,2.681506,8.757990,2.030283,9.381626,77.501701,72.976555
6.1126976,2.759317,8.674192,1.991976,9.317908,77.656082,72.353790
6.1228604,3.033453,8.735245,1.946486,9.449612,78.112785,70.849625
6.1325698,3.223793,9.003395,1.974019,9.764770,78.336861,70.299377
6.1426973,3.402161,9.059659,2.054225,9.893026,78.015694,69.417412
6.1526179,3.526659,9.076419,2.103306,9.962058,77.811317,68.766273
6.1623869,3.554192,9.096769,2.152387,10.000813,77.571495,68.658951
6.1723685,3.513491,9.248801,2.132037,10.120796,77.839027,69.198914
6.1822953,3.421314,9.534908,1.990779,10.323908,78.881905,70.261009
6.1922669,3.361459,9.923966,1.788469,10.629353,80.313477,71.287666
6.2023907,3.356671,10.342952,1.612495,10.992908,81.565132,72.019836
6.2124472,3.339911,10.627861,1.460463,11.235630,82.531273,72.554153
6.2223811,3.300407,10.764331,1.363498,11.341192,83.094894,72.954155
6.2328014,3.215413,10.724827,1.339556,11.276312,83.177505,73.310730
6.2425680,3.099294,10.488997,1.401805,11.026774,82.696373,73.538620
6.2524190,2.979584,10.119094,1.586159,10.667234,81.448723,73.592850
6.2624297,2.914941,9.671378,1.811214,10.262209,79.834412,73.227264
6.2723579,2.900575,9.212888,1.974019,9.858367,78.449127,72.523972
6.2825747,2.931700,8.829816,2.085350,9.534632,77.366539,71.632660
6.2928615,2.973598,8.560468,2.183512,9.321568,76.452995,70.844612
6.3029394,3.057395,8.382100,2.249352,9.201459,75.850311,69.960411
6.3128166,3.208230,8.303091,2.260126,9.183803,75.753197,68.873970
6.3227143,3.426103,8.340201,2.252944,9.293702,75.970810,67.667450
6.3327823,3.630807,8.427590,2.256535,9.449814,76.184776,66.692467
6.3425837,3.788824,8.519767,2.248155,9.591445,76.444229,66.024811
6.3524027,3.886986,8.628703,2.226608,9.722189,76.760422,65.749786
6.3623695,3.891775,8.728063,2.164358,9.798441,77.238800,65.968285
6.3722682,3.799598,8.781932,2.116474,9.799935,77.527664,66.603752
6.3826919,3.663129,8.809465,2.033874,9.755093,77.965912,67.421608
6.3929124,3.478775,8.875306,1.945289,9.729187,78.466339,68.596748
6.4026628,3.315969,9.030929,1.807622,9.788811,79.358566,69.837814
6.4124694,3.210624,9.325416,1.616086,9.994159,80.694237,71.002052
6.4223585,3.156755,9.657013,1.400608,10.255960,82.150856,71.898087
6.4324965,3.149572,9.983821,1.228225,10.540637,83.308533,72.491203
6.4425578,3.167529,10.232818,1.095347,10.767710,84.161476,72.800293
6.4523277,3.181894,10.342952,1.025915,10.869848,84.584259,72.900070
6.4621887,3.185485,10.253169,1.030704,10.785970,84.516464,72.740868
6.4723349,3.153164,10.004171,1.107318,10.547608,83.973824,72.505936
6.4823866,3.089717,9.678560,1.230620,10.234027,83.093597,72.295189
6.4922752,3.034651,9.388862,1.374272,9.962352,82.070961,72.088226
6.5022788,3.026271,9.180567,1.496376,9.781629,81.200439,71.755775
6.5122714,3.074155,9.051279,1.567005,9.686670,80.690399,71.240578
6.5223331,3.142390,8.985439,1.588553,9.650711,80.525726,70.724236
6.5327096,3.220201,8.941146,1.636437,9.643221,80.229729,70.193245
6.5425611,3.280056,8.872911,1.668759,9.605836,79.995621,69.712120
6.5523443,3.315969,8.789114,1.729811,9.551776,79.566261,69.329437
6.5623426,3.308787,8.696938,1.780089,9.473833,79.170013,69.170471
6.5722232,3.281253,8.614338,1.796848,9.391598,78.969872,69.147865
6.5821729,3.234566,8.566454,1.780089,9.328197,78.998840,69.314201
6.5921607,3.175909,8.584411,1.746570,9.318209,79.196793,69.697426
6.6021733,3.095703,8.631097,1.649605,9.316673,79.801476,70.268684
6.6121750,3.011906,8.729259,1.416170,9.342221,81.281021,70.963737
6.6222196,2.827552,8.967483,1.279701,9.489386,82.249702,72.499329
6.6322789,2.762909,9.115923,1.156399,9.595363,83.078087,73.138680
6.6423759,2.715025,9.273940,1.046266,9.719671,83.820465,73.682159
6.6525140,2.700660,9.436746,0.957681,9.862195,84.427444,74.029648
6.6624179,2.671929,9.576807,0.895431,9.982797,84.853798,74.410896
6.6724014,2.636016,9.695320,0.867898,10.084694,85.062965,74.789787
6.6826663,2.607286,9.724051,0.865504,10.104662,85.086372,74.990463
6.6928625,2.582147,9.689334,0.921768,10.069773,84.747902,75.077835
6.7026320,2.588132,9.634268,1.007959,10.026641,84.230423,74.963173
6.7124257,2.604892,9.521740,1.132457,9.936370,83.455727,74.699783
6.7224154,2.646790,9.337387,1.252167,9.785715,82.648354,74.174004
6.7331710,2.703054,9.109938,1.444901,9.611722,81.354126,73.473595
6.7428937,2.766500,8.850166,1.606509,9.410624,80.170761,72.641121
6.7526789,2.810793,8.647857,1.714248,9.253358,79.323891,71.994408
6.7627296,2.832341,8.574833,1.717840,9.192436,79.229515,71.721169
6.7725034,2.808398,8.635885,1.650802,9.229884,79.696983,71.985420
6.7827063,2.794033,8.804677,1.539472,9.364771,80.538216,72.393936
6.7924404,2.833538,9.030929,1.435324,9.573232,81.377075,72.580269
6.8023882,2.934094,9.264363,1.320402,9.807181,82.262413,72.426613
6.8126144,3.063381,9.470264,1.246182,10.031111,82.863609,72.074974
6.8225775,3.155558,9.635465,1.199495,10.209726,83.252991,71.866684
6.8327265,3.165135,9.677363,1.173159,10.249183,83.427307,71.888847
6.8426428,3.125630,9.651027,1.158794,10.210518,83.483452,72.054672
6.8524742,3.060987,9.564836,1.125275,10.105541,83.606728,72.254028
6.8624339,3.026271,9.461885,1.126472,9.997726,83.530586,72.263748
6.8723555,3.021482,9.351752,1.106121,9.889799,83.578339,72.094734
6.8824096,3.069367,9.271546,1.085770,9.826570,83.656242,71.682755
6.8923640,3.145981,9.241618,1.064223,9.820248,83.778625,71.200676
6.9025302,3.246537,9.245210,1.070208,9.856939,83.766876,70.650826
6.9124498,3.353080,9.254786,1.106121,9.905438,83.588516,70.084160
6.9224067,3.432088,9.270349,1.154005,9.952402,83.341438,69.684334
6.9325752,3.501520,9.240421,1.235408,9.958527,82.873795,69.246544
6.9426661,3.532645,9.190144,1.310825,9.932602,82.416435,68.973495
6.9530172,3.536236,9.131485,1.401805,9.892120,81.853233,68.830734
6.9630971,3.507505,9.042900,1.468843,9.809900,81.388680,68.800026
6.9729261,3.477578,9.001001,1.510741,9.766981,81.101852,68.875732
6.9827628,3.458424,8.959103,1.510741,9.721551,81.059929,68.892235
6.9925227,3.433285,8.926781,1.453280,9.674031,81.360039,68.963005
7.0024972,3.372233,8.910022,1.374272,9.625439,81.791550,69.269531
7.0123663,3.280056,8.939949,1.247379,9.604031,82.537300,69.851974
7.0225687,3.222595,9.018958,1.094150,9.639704,83.482620,70.337509
7.0324430,3.168726,9.118318,0.939724,9.698846,84.439873,70.837044
7.0427403,3.151967,9.230844,0.839168,9.790177,85.082840,71.147003
7.0536318,3.172317,9.308656,0.745794,9.862599,85.663246,71.181290
7.0633950,3.232172,9.363723,0.745794,9.933904,85.694435,70.956337
7.0728250,3.345897,9.421184,0.772130,10.027457,85.583763,70.447701
7.0825834,3.497929,9.527725,0.859518,10.185863,85.159431,69.840218
7.0924306,3.687071,9.627085,0.960075,10.353599,84.679398,69.043694
7.1029377,3.986346,9.633071,1.224634,10.496987,83.300316,67.519310
7.1126347,4.048595,9.527725,1.363498,10.441637,82.496727,66.978012
7.1224899,3.445256,8.160637,1.013944,8.915934,83.470039,67.111511
7.1324291,3.889381,8.596381,1.673547,9.582579,79.942017,65.655914
7.1423860,4.513070,9.405622,1.701080,10.570108,80.738937,64.367058
7.1523819,4.698621,9.661801,1.789666,10.891756,80.542625,64.065933
7.1625772,4.515464,9.454702,1.626860,10.603183,81.174171,64.471359
7.1726518,4.280833,8.957906,1.358709,10.020763,82.207298,64.457649
7.1826897,4.045004,8.841787,1.244985,9.802512,82.703346,65.416519
7.1925178,3.620033,8.713697,1.169568,9.507947,82.934181,67.439964
7.2026730,3.126827,8.707711,1.069011,9.313650,83.409126,70.247437
7.2124639,2.788048,8.858546,0.997185,9.340312,83.871338,72.529663
7.2224584,2.638410,9.033323,0.818817,9.446301,85.027290,73.718224
7.2324257,2.613271,9.078813,0.620098,9.467763,86.244682,73.941917
7.2424126,2.829947,9.238028,0.598550,9.680290,86.455032,72.968254
7.2525096,3.183091,9.586384,0.687136,10.124375,86.108376,71.631615
7.2624264,3.435679,9.799467,1.024718,10.434726,84.364319,70.679405
7.2724977,3.555390,9.660604,1.334767,10.380253,82.612038,69.794884
7.2825150,3.658340,9.398438,1.447295,10.188659,81.833534,68.731537
7.2926512,3.730166,9.162610,1.522712,10.009306,81.249634,67.848396
7.3025017,3.756502,8.932767,1.575385,9.817712,80.766197,67.191750
7.3124075,3.845088,8.961497,1.657985,9.891514,80.350708,66.777397
7.3222733,3.930082,9.148245,1.667562,10.095380,80.492271,66.751663
7.3323154,3.877410,9.281123,1.581370,10.182057,81.065254,67.326111
7.3424797,3.665523,9.277532,1.452083,10.080536,81.717834,68.441185
7.3523979,3.417723,9.174581,1.338359,9.881547,82.215927,69.568588
7.3626947,3.241749,9.090784,1.229423,9.729480,82.740669,70.373901
7.3726435,3.137601,9.103952,1.095347,9.691557,83.510521,70.983917
7.3826818,3.105280,9.257181,0.988805,9.814067,84.217415,71.456207
7.3925242,3.060987,9.414001,0.925359,9.942301,84.659584,71.987930
7.4026818,2.992752,9.470264,0.916979,9.974133,84.725021,72.462646
7.4125381,2.906561,9.357738,0.901417,9.840117,84.743973,72.744942
7.4225826,2.811990,9.173384,0.863110,9.633443,84.859680,72.957710
7.4324708,2.761712,9.018958,0.790087,9.465352,85.211868,72.974792
7.4424253,2.771288,8.992621,0.703895,9.436247,85.722054,72.872086
7.4526443,2.783259,9.074024,0.646434,9.513271,86.103706,72.947746
7.4626613,2.765303,9.166202,0.658405,9.596856,86.066055,73.212242
7.4727592,2.871845,9.295488,0.823605,9.763807,85.161186,72.831444
7.4826555,3.051410,9.404425,0.979228,9.935452,84.343803,72.023552
7.4924307,3.257311,9.409213,1.064223,10.013787,83.899330,70.905006
7.5023851,3.396175,9.348161,1.085770,10.005049,83.769859,70.033981
7.5123572,3.477578,9.279925,1.076194,9.968388,83.802231,69.456917
7.5223784,3.523068,9.293094,1.124078,10.001857,83.547073,69.237984
7.5322714,3.555390,9.369708,1.246182,10.098772,82.911667,69.220459
7.5421839,3.560178,9.436746,1.358709,10.177089,82.327721,69.330132
7.5521216,3.530250,9.422380,1.418565,10.161508,81.975197,69.460709
7.5621400,3.448848,9.301474,1.393425,10.017664,82.004410,69.655975
7.5721202,3.330335,9.114726,1.295263,9.790152,82.397324,69.928726
7.5822067,3.216610,8.968679,1.194707,9.602662,82.853081,70.269669
7.5921187,3.155558,8.923190,1.194707,9.539821,82.805748,70.524590
7.6021247,2.967613,9.058462,1.224634,9.610524,82.679100,71.860855
7.6123204,2.959233,9.198523,1.288081,9.748283,82.407066,72.166634
7.6223011,2.992752,9.306262,1.292869,9.860760,82.466118,72.173004
7.6323586,3.001132,9.354146,1.198298,9.896604,83.045464,72.211975
7.6422729,3.007117,9.338584,1.028310,9.864549,84.016449,72.150925
7.6522298,3.022680,9.385271,0.902614,9.901243,84.769562,72.148003
7.6622705,3.047819,9.465476,0.908600,9.985489,84.779320,72.151794
7.6722469,3.066972,9.449914,0.943315,9.979832,84.576180,72.019142
7.6823940,3.063381,9.319430,0.956484,9.856518,84.431213,71.803841
7.6922412,3.130419,9.218874,0.951695,9.782274,84.416992,71.244247
7.7024336,3.205836,9.150639,0.974440,9.744799,84.261063,70.692596
7.7123990,3.354277,9.209297,1.042675,9.856445,83.927544,69.987000
7.7225409,3.523068,9.404425,1.139640,10.107126,83.525787,69.463142
7.7323518,3.654749,9.585187,1.253365,10.334599,83.034103,69.128586
7.7423315,3.713407,9.611523,1.282095,10.383378,82.907265,68.875984
7.7523398,3.694253,9.475053,1.225831,10.243378,83.126907,68.699554
7.7624626,3.622427,9.287108,1.217452,10.042636,83.037003,68.691780
7.7727265,3.515885,9.090784,1.285686,9.831419,82.485725,68.855888
7.7826595,3.500323,9.071630,1.401805,9.824041,81.796394,68.900703
7.7927532,3.435679,9.036914,1.431733,9.773411,81.576279,69.184059
7.8029094,3.416526,9.151836,1.472434,9.879110,81.428398,69.528595
7.8129044,3.214216,9.094376,1.458069,9.755245,81.404068,70.535118
7.8226247,2.932897,8.984241,1.280898,9.537252,82.281586,71.920776
7.8324986,2.608483,9.234436,2.266112,9.859729,76.712639,74.226425
