Keuwl Accelerometer Data File
2019-06-27 15-58-19

Time (s), X (m/s2), Y (m/s2), Z (m/s2), R (m/s2), Theta (deg), Phi (deg)
0.0000000,1.030704,6.658275,7.202956,9.862938,43.088005,81.200432
0.0100500,1.143231,6.682217,7.067683,9.793424,43.806934,80.291512
0.0200320,1.377863,6.851008,7.105990,9.966439,44.521133,78.628471
0.0298730,1.459266,6.915652,7.171831,10.069303,44.581963,78.084854
0.0400570,1.304840,6.733692,7.181408,9.930652,43.684357,79.033272
0.0498920,1.132457,6.671443,7.150283,9.844651,43.421940,80.366043
0.0599230,0.921768,6.720524,7.049727,9.783340,43.897209,82.190208
0.0698590,0.702698,6.700173,7.025785,9.733847,43.797604,84.012840
0.0802480,0.656011,6.653487,6.988675,9.671650,43.730949,84.369026
0.0898810,0.782904,6.690597,7.020997,9.729924,43.814255,83.325851
0.1000910,0.949301,6.775591,7.043741,9.819577,44.166660,82.024429
0.1098540,1.052252,6.724115,7.071275,9.814473,43.904671,81.105957
0.1199220,1.386243,6.946776,7.119159,10.042997,44.857121,78.714752
0.1299260,1.072602,6.831854,6.947973,9.803012,44.865967,81.077385
0.1399110,1.067814,6.822278,6.946776,9.794969,44.828606,81.104317
0.1499310,1.055843,6.795941,6.985084,9.802603,44.555241,81.168915
0.1603470,1.035492,6.780379,6.999449,9.799902,44.419327,81.316940
0.1699120,1.004368,6.706159,6.997055,9.743721,44.101418,81.482239
0.1798820,0.944513,6.592434,7.076063,9.717148,43.263985,81.846596
0.1899110,1.001973,6.582858,7.286753,9.870903,42.421246,81.345467
0.2003400,1.121683,6.623559,7.461530,10.040127,41.997772,80.388290
0.2102220,1.242591,6.719327,7.435194,10.098291,42.584316,79.522781
0.2208090,1.209072,6.666655,7.259220,9.929874,43.025639,79.720505
0.2300250,1.203086,6.799533,7.005434,9.836522,44.586937,79.966125
0.2400840,1.118092,6.937200,6.866570,9.824697,45.660450,80.844185
0.2498940,1.051055,6.950367,6.861782,9.823257,45.691288,81.400719
0.2598690,1.013944,6.862979,6.936002,9.810030,45.006081,81.595848
0.2699140,0.990002,6.770802,6.981492,9.775741,44.425186,81.681366
0.2803530,0.980426,6.703765,7.050924,9.778406,43.857033,81.679482
0.2899420,0.985214,6.663064,7.073669,9.767489,43.597210,81.589073
0.3000750,1.010353,6.694188,7.078457,9.794770,43.724037,81.417137
0.3099050,1.019930,6.658275,7.062895,9.759988,43.642666,81.291000
0.3201820,1.070208,6.653487,7.083246,9.776840,43.573368,80.862289
0.3299070,1.116895,6.661866,7.080852,9.786030,43.650200,80.482590
0.3399060,1.142034,6.685808,7.077260,9.802647,43.782265,80.306595
0.3499290,1.170765,6.736086,7.042544,9.815446,44.151863,80.140205
0.3601380,1.205481,6.810307,7.047333,9.874125,44.461834,79.962143
0.3701600,1.259350,6.835446,7.074866,9.917812,44.491905,79.560989
0.3803000,1.240196,6.805518,7.097611,9.911067,44.264130,79.672096
0.3899900,1.200692,6.709750,7.020997,9.785541,44.152622,79.854454
0.4003800,1.159991,6.696582,7.260417,9.945021,43.108955,80.172668
0.4101780,1.140837,6.701371,7.264008,9.948653,43.101040,80.338623
0.4200760,1.136049,6.710948,7.199365,9.907486,43.392963,80.391891
0.4299570,1.163582,6.724115,7.146692,9.881440,43.677032,80.182411
0.4403920,1.225831,6.727707,7.162254,9.902656,43.675209,79.673622
0.4499360,1.282095,6.742072,7.220912,9.961971,43.543816,79.233002
0.4601810,1.307234,6.781576,7.247249,10.011057,43.620552,79.089340
0.4698960,1.249773,6.785168,7.214927,9.982765,43.718971,79.563553
0.4800080,1.163582,6.712144,7.108385,9.845605,43.781342,80.165245
0.4898200,1.067814,6.637924,7.053318,9.744309,43.627590,80.861366
0.5000610,0.990002,6.602011,7.047333,9.707294,43.449295,81.471771
0.5112020,0.964863,6.622362,7.054515,9.723827,43.490582,81.710464
0.5203810,0.980426,6.672640,7.010222,9.727722,43.892345,81.641220
0.5300360,1.031901,6.676231,6.940791,9.685632,44.224953,81.213699
0.5400680,1.140837,6.687006,6.926425,9.694995,44.403240,80.318260
0.5498100,1.224634,6.716933,7.000646,9.778852,44.283287,79.667297
0.5599459,1.212663,6.750452,7.041347,9.829533,44.246376,79.815910
0.5699860,1.162385,6.733692,7.052121,9.819682,44.097069,80.205994
0.5799950,1.120486,6.688202,7.042544,9.776757,43.917820,80.489456
0.5901450,1.097741,6.657078,7.003040,9.724417,43.933125,80.636284
0.6002450,1.142034,6.731298,7.016208,9.789882,44.218983,80.370872
0.6099180,1.223437,6.828263,7.024588,9.872528,44.640564,79.841957
0.6200910,1.274912,6.873753,7.012617,9.902054,44.911495,79.492447
0.6299800,1.301249,6.892907,7.147889,10.014875,44.461010,79.309464
0.6399550,1.304840,6.871359,7.115568,9.977448,44.506981,79.247810
0.6499820,1.276109,6.854599,7.068881,9.928901,44.606209,79.454071
0.6610050,1.223437,6.846220,7.031770,9.890061,44.684185,79.868050
0.6699660,1.079785,6.768408,6.994660,9.792985,44.418060,80.935806
0.6800150,0.972046,6.696582,6.930017,9.685774,44.317116,81.740883
0.6900580,0.921768,6.760028,6.848614,9.667013,44.890907,82.235283
0.7000900,0.926556,6.831854,6.951565,9.790659,44.763447,82.276505
0.7099770,0.949301,6.793547,6.896498,9.727032,44.846115,82.045242
0.7200910,1.066617,6.730101,6.746861,9.589164,45.284081,80.994408
0.7304460,1.185130,6.757634,6.885724,9.720255,44.895992,80.052826
0.7438120,1.074997,6.634333,6.989872,9.696819,43.875984,80.796051
0.7600980,1.165976,6.675035,6.828263,9.619811,44.780327,80.091698
0.7699440,1.187524,6.722919,6.950367,9.742456,44.486946,79.982712
0.7799650,1.276109,6.760028,6.809110,9.679380,45.294296,79.309914
0.7900170,1.309628,6.861782,7.042544,9.919506,44.767586,79.194572
0.7999200,1.375469,6.974309,6.675035,9.751358,46.801849,78.843338
0.8099009,1.167173,6.950367,6.704962,9.727612,46.427559,80.467278
0.8199779,0.950498,6.841431,6.511032,9.492215,46.690907,82.090378
0.8298970,0.737414,6.726510,6.436811,9.339286,46.431698,83.743759
0.8399810,0.908600,6.795941,6.311116,9.318828,47.371384,82.384865
0.8499559,1.654393,7.486669,6.335058,9.945863,50.434937,77.539116
0.8600750,1.467646,7.284359,5.985504,9.541599,51.148346,78.608604
0.8698380,1.620875,7.174225,6.198588,9.618692,49.876938,77.268898
0.8799719,0.827197,7.471107,6.421249,9.886057,49.494144,83.681976
0.8909140,-0.183156,5.207389,6.277597,8.158350,39.693775,92.014397
0.9004560,1.181539,6.003461,6.266823,8.758462,44.314465,78.865944
0.9102380,1.818396,6.414066,4.825513,8.229969,54.102688,74.171898
0.9202309,0.549469,4.860229,4.080917,6.370057,50.160400,83.549858
0.9300970,1.254562,5.953183,5.542577,8.230095,47.665916,78.099731
0.9428700,2.631228,7.412448,9.572019,12.389161,39.410942,70.456451
0.9602430,4.005499,6.232107,10.265140,12.659237,35.817867,57.270336
0.9701260,3.111265,4.662708,8.062474,9.819588,34.808918,56.286175
0.9801080,3.155558,4.921282,7.298724,9.351359,38.693745,57.331741
0.9901319,3.348291,5.959168,7.730877,10.319361,41.482124,60.669575
1.0002500,3.472790,6.916849,8.232463,11.299403,43.232937,63.339832
1.0099640,2.834735,6.959944,8.095993,11.046341,42.868942,67.839287
1.0201280,2.084153,6.581660,7.222109,9.991036,43.708981,72.429054
1.0299680,1.895011,6.704962,6.496666,9.526503,47.003231,74.218216
1.0413359,2.020706,6.956353,6.214150,9.544096,49.375492,73.802284
1.0503900,2.175132,6.897695,6.479907,9.710747,48.141571,72.497749
1.0600129,2.208651,6.678626,6.793547,9.779287,45.997692,71.700722
1.0714070,2.268506,6.543353,6.992266,9.841411,44.724854,70.879150
1.0802319,2.282871,6.398504,7.031770,9.777431,44.012859,70.364517
1.0903709,2.322376,6.246472,6.971915,9.644659,43.707363,69.605370
1.0999869,2.397793,6.137536,7.001843,9.614810,43.261353,68.660568
1.1098750,2.519897,6.153099,7.192182,9.794794,42.753067,67.729279
1.1207030,2.723404,6.410475,7.059304,9.916900,44.614704,66.982437
1.1298280,1.939303,6.028600,7.247249,9.624319,41.147850,72.167854
1.1398400,2.012326,5.940014,6.187814,8.810350,45.385387,71.284920
1.1498410,2.658761,6.367379,6.530185,9.500308,46.578064,67.336548
1.1599829,3.227384,6.355408,6.934805,9.944785,45.786755,63.077770
1.1700209,3.550601,6.147113,6.823475,9.846500,46.133156,59.989071
1.1801970,3.715801,6.236896,6.979098,10.070444,46.129734,59.214474
1.1899000,4.042610,6.664260,7.040150,10.503274,47.911209,58.758564
1.2001359,3.108871,5.829881,7.053318,9.664465,43.128708,61.930565
1.2104789,3.163938,5.929241,7.078457,9.760684,43.514431,61.914906
1.2204950,3.312378,5.917270,6.712144,9.541427,45.293617,60.760704
1.2301919,3.536236,5.942409,6.670246,9.607777,46.032124,59.243774
1.2405419,4.054581,6.199785,6.439206,9.815311,49.001686,56.815823
1.2504910,4.169502,5.621585,7.071275,9.949367,44.705975,53.435852
1.2601469,4.740520,5.983110,7.951144,11.022287,43.832321,51.609619
1.2702210,5.037400,6.290765,7.460332,10.982061,47.209484,51.313610
1.2809250,4.973954,6.257246,6.845023,10.523672,49.425179,51.518421
1.2901419,4.629189,6.223727,6.669049,10.229388,49.311218,53.358242
1.3008749,4.006697,5.761646,6.800730,9.772415,45.900154,55.184929
1.3103189,3.490746,5.264850,6.318298,8.934475,44.993919,56.454483
1.3203249,3.058593,5.094861,6.228516,8.608542,43.653526,59.022388
1.3306609,3.167529,5.000290,6.441600,8.748162,42.579647,57.647011
1.3399659,3.445256,5.269638,5.297171,8.227934,49.923988,56.823593
1.3500839,3.693056,5.661090,6.076484,9.089019,48.044579,56.881268
1.3601520,3.931279,5.476737,6.575675,9.417489,45.713966,54.328678
1.3714190,4.458004,5.649119,7.320271,10.265121,44.510601,51.721256
1.3800870,4.812346,5.844246,7.061698,10.352848,46.991882,50.530830
1.3911669,5.134366,6.075287,6.937200,10.554409,48.907257,49.798073
1.4001429,5.242105,6.039374,6.449979,10.274041,51.112461,49.042408
1.4101969,5.280412,6.112397,6.581660,10.419328,50.825966,49.176735
1.4201230,5.319916,6.039374,6.977901,10.652072,49.074699,48.624073
1.4313259,4.957195,5.929241,6.459556,10.072514,50.110783,50.102386
1.4402150,5.187038,5.831078,6.002264,9.845507,52.436165,48.345295
1.4501660,5.282806,5.501875,6.166266,9.808237,51.047020,46.163689
1.4602638,5.091270,5.255273,6.461950,9.761953,48.551041,45.908119
1.4701959,5.200206,5.040992,5.878962,9.328234,50.932674,44.109325
1.4800630,5.489904,5.207389,6.118382,9.730907,51.041477,43.487171
1.4900870,5.331887,5.597643,6.285976,9.963741,50.884544,46.392899
1.5005460,4.942830,5.658696,6.135142,9.700122,50.766602,48.863022
1.5099729,4.942830,5.658696,6.135142,9.700122,50.766602,48.863022
1.5200469,5.521029,6.319495,6.916849,10.874768,50.502419,48.857903
1.5301529,5.838261,6.443994,6.849811,11.069339,51.770756,47.823414
1.5409820,5.908890,6.523003,5.914876,10.604258,56.097382,47.828011
1.5499309,6.457162,5.992687,6.728904,11.085368,52.626549,42.863419
1.5600650,5.231331,6.036980,5.456386,9.673887,55.664875,49.089508
1.5700409,4.825513,6.275203,6.659472,10.344676,49.927349,52.440392
1.5802059,4.061763,5.633556,5.946000,9.142746,49.431881,54.208603
1.5902539,4.539406,5.956774,6.222530,9.737004,50.278236,52.690502
1.6000290,5.063736,5.896919,6.361394,10.044024,50.702202,49.347023
1.6110990,5.555745,5.942409,6.426037,10.366893,51.693981,46.926033
1.6201559,5.099649,5.825093,6.613982,10.182480,49.492672,48.799072
1.6299740,5.669470,5.473145,6.991069,10.534384,48.421703,43.990593
1.6408660,5.403713,5.100847,6.678626,9.991136,48.052059,43.348511
1.6501410,5.195418,4.794389,6.508637,9.609417,47.365536,42.701160
1.6602910,5.002685,4.705803,5.491102,8.793386,51.357574,43.248466
1.6700170,4.563348,4.532224,5.292383,8.329136,50.549900,44.803936
1.6801660,4.162320,4.598064,5.358223,8.196198,49.175438,47.847565
1.6905600,3.772065,4.575319,5.440824,8.047645,47.462196,50.496552
1.7003139,3.685874,4.784812,5.220557,7.983377,49.161556,52.391941
1.7109410,3.842694,5.040992,5.295974,8.259857,50.120865,52.682117
1.7201649,3.719392,5.128380,5.370194,8.305007,49.712658,54.048244
1.7299700,3.469198,5.046977,5.437232,8.189676,48.401016,55.496090
1.7399769,4.326323,5.675455,5.507861,9.014676,52.339005,52.682217
1.7503740,4.540604,6.020220,5.254076,9.190509,55.132195,52.975471
1.7603810,5.185841,7.028179,4.764462,9.949289,61.388077,53.577717
1.7722740,6.258443,8.169016,4.631583,11.285056,65.768944,52.543564
1.7854429,6.278794,8.675390,5.151125,11.883592,64.312317,54.104946
1.8000389,5.658696,7.595605,5.785588,11.098968,58.582344,53.314034
1.8104420,5.534197,6.379351,6.045359,10.386040,54.404022,49.057796
1.8199700,5.416882,5.594052,6.503849,10.145742,50.130424,45.921833
1.8303939,5.300763,5.281609,6.883330,10.167286,47.389751,44.896297
1.8403549,5.197812,5.351041,6.902483,10.163423,47.222782,45.832199
1.8499219,4.853047,5.689820,6.501455,9.909341,48.997375,49.537979
1.8600980,4.351461,6.178237,5.872977,9.570668,52.146591,54.842163
1.8700619,3.840300,6.916849,5.281609,9.512418,56.273232,60.960552
1.8804860,3.290830,7.751228,4.886566,9.735996,59.873745,66.996063
1.8914809,2.524686,8.769960,4.830302,10.325603,62.108509,73.940010
1.9006259,1.899799,10.109517,4.453215,11.209045,66.591278,79.356995
1.9102080,2.258929,10.632649,3.460819,11.407597,72.339371,78.005722
1.9200569,2.505532,10.597934,2.899378,11.269441,75.091393,76.698532
1.9305500,2.542642,10.152613,2.566584,10.776267,76.221436,75.939919
1.9399229,2.321178,9.448717,2.149993,9.964366,77.539398,76.197990
1.9500840,1.891419,8.749610,2.208651,9.220156,76.140259,77.801964
1.9599530,1.612495,8.106767,2.123657,8.534034,75.590790,78.750282
1.9699459,1.607706,7.705738,2.050634,8.134385,75.398514,78.215004
1.9800290,2.340332,7.759608,2.211045,8.401034,74.740730,73.216454
1.9898279,3.203442,7.915231,2.377442,8.863698,74.441483,67.965897
1.9998879,4.115633,7.923611,2.707842,9.330297,73.128853,62.552013
2.0099969,4.756082,7.766790,3.205836,9.655088,70.607605,58.518311
2.0199001,5.171476,7.536947,3.695450,9.859315,67.986923,55.544037
2.0299060,5.305551,7.331046,3.920505,9.862224,66.576294,54.106365
2.0399199,5.256470,7.226898,3.955221,9.772528,66.125885,53.969807
2.0499558,5.187038,7.291541,3.943250,9.778607,66.218315,54.572811
2.0598180,5.130774,7.438785,3.870227,9.830515,66.815376,55.404697
2.0701580,5.064934,7.553706,3.718195,9.825325,67.763550,56.157238
2.0801919,4.994305,7.759608,3.579332,9.897788,68.799698,57.233513
2.0900478,5.013458,8.002619,3.403358,10.037904,70.180954,57.933796
2.1001670,5.189432,8.185776,3.222595,10.213827,71.608215,57.627048
2.1100199,5.438429,8.321048,3.142390,10.425496,72.457451,56.832371
2.1200440,5.659893,8.414422,3.100491,10.604241,72.999374,56.073570
2.1300888,5.799953,8.482656,3.178303,10.756232,72.813393,55.637920
2.1400650,5.835866,8.564059,3.327940,10.884651,72.196938,55.728039
2.1500919,5.761646,8.683769,3.417723,10.967463,71.842880,56.435886
2.1601248,5.698200,8.860941,3.374627,11.062272,72.238388,57.256168
2.1699860,5.762844,9.054871,3.272874,11.221086,73.041931,57.525867
2.1799400,5.862203,9.229648,3.216610,11.397298,73.606918,57.578365
2.1899579,6.010643,9.238028,3.215413,11.480762,73.735641,56.950306
2.1998909,6.133945,9.047688,3.375824,11.440373,72.837669,55.864410
2.2100310,6.227319,8.742428,3.684676,11.348410,71.053413,54.537350
2.2199748,6.230910,8.503007,4.055778,11.294897,68.956261,53.766449
2.2300990,6.117185,8.374918,4.393360,11.263250,67.041672,53.854961
2.2401028,5.858612,8.315063,4.527435,11.133789,66.006111,54.832310
2.2501628,5.556942,8.368932,4.606444,11.051604,65.366508,56.415977
2.2600110,5.371391,8.578424,4.768053,11.188188,64.775352,57.947208
2.2699509,5.260061,8.746018,4.797980,11.277486,64.820992,58.976307
2.2803969,5.058948,8.746018,4.655525,11.124734,65.261078,59.953678
2.2903700,4.924873,8.639477,4.431667,10.887360,65.980530,60.315002
2.3002460,4.881777,8.501810,4.356250,10.727975,66.042145,60.135365
2.3099461,4.814740,8.352173,4.270059,10.543903,66.110191,60.038033
2.3200829,4.557363,8.219295,4.333505,10.349185,65.245621,60.992889
2.3299468,4.247314,8.151060,4.297592,10.146367,64.940468,62.477104
2.3398750,3.969586,8.073248,4.046201,9.864415,65.783760,63.816822
2.3499830,3.760094,8.048109,3.768473,9.649444,67.012024,64.957916
2.3598399,3.538630,8.110358,3.701436,9.591686,67.300346,66.427879
2.3698921,3.477578,8.228871,3.427300,9.568399,69.010956,67.090744
2.3798609,3.477578,8.392874,3.141193,9.612542,70.926514,67.493378
2.3934379,3.440468,8.584411,3.105280,9.755598,71.439400,68.160027
2.4100819,3.373430,8.791509,3.029862,9.891953,72.163872,69.007462
2.4202738,3.149572,8.620323,2.863465,9.614012,72.671913,69.929420
2.4299920,2.931700,8.336611,2.827552,9.278416,72.257164,70.624977
2.4399569,2.862268,8.178593,2.905364,9.139097,71.463730,70.711449
2.4500759,2.900575,8.256405,3.238158,9.330982,69.694061,70.643005
2.4604931,3.019088,8.370130,3.186682,9.451397,70.295738,70.165733
2.4712801,3.126827,8.498219,3.175909,9.595997,70.672836,69.799454
2.4800158,3.202245,8.565256,3.222595,9.695519,70.586708,69.501015
2.4900339,3.201048,8.589199,3.289633,9.738723,70.257774,69.560432
2.5000691,3.122039,8.585608,3.335123,9.725370,69.944504,70.016891
2.5105760,3.040636,8.559271,3.374627,9.689927,69.618988,70.442688
2.5201237,2.987964,8.526949,3.403358,9.655031,69.359955,70.688820
2.5300100,2.908955,8.583213,3.450045,9.697235,69.158981,71.277855
2.5399868,2.810793,8.781932,3.563769,9.885511,68.868828,72.251930
2.5502300,2.796427,8.984241,3.465607,10.027314,69.780556,72.710770
2.5600259,2.752135,9.112331,3.366248,10.096557,70.524391,73.194466
2.5703769,2.676718,9.080010,3.264494,10.013408,70.973083,73.574890
2.5800960,2.624045,8.997410,3.201048,9.903823,71.142632,73.740967
2.5903170,2.571373,8.905233,3.087323,9.769683,71.578163,73.894005
2.6001039,2.475605,8.853758,3.281253,9.761366,70.357704,74.378448
2.6105421,2.352303,8.765172,3.171120,9.613406,70.739456,74.977539
2.6203508,2.169147,8.724471,3.049016,9.493054,71.265465,76.037773
2.6299689,2.049437,8.814254,2.917335,9.508002,72.131737,76.910515
2.6405230,2.007538,8.975863,2.759317,9.602612,73.300583,77.392731
2.6501319,1.941698,9.131485,2.792836,9.744441,73.345001,77.995552
2.6610110,1.957260,9.194932,2.602497,9.754519,74.526115,77.983208
2.6699572,2.020706,9.289502,2.548628,9.842440,74.992668,77.727867
2.6801019,2.059013,9.403227,2.613271,9.974437,74.811417,77.648949
2.6904738,2.057816,9.454702,2.652776,10.033107,74.668564,77.721069
2.7003598,2.041057,9.446322,2.691083,10.031992,74.439835,77.807594
2.7100620,2.030283,9.452309,2.668338,10.029367,74.570503,77.877495
2.7201798,2.086547,9.446322,2.682703,10.039103,74.500771,77.544250
2.7299588,2.213439,9.403227,2.711433,10.033537,74.321625,76.754196
2.7400739,2.385822,9.355343,2.713828,10.028931,74.300034,75.693245
2.7502677,2.570175,9.332599,2.730587,10.057798,74.247078,74.602570
2.7610281,2.777274,9.301474,2.924517,10.138218,73.233940,73.375198
2.7701030,3.041833,9.221268,3.065775,10.182509,72.477371,71.743752
2.7801111,3.239355,9.130288,3.252523,10.219319,71.441544,70.465714
2.7900851,3.350685,9.064447,3.439271,10.257674,70.409973,69.713097
2.8000839,3.442862,9.054871,3.590106,10.331159,69.665352,69.182091
2.8102188,3.450045,9.059659,3.588908,10.337335,69.685112,69.152466
2.8201489,3.422511,9.090784,3.542221,10.339404,69.964989,69.369576
2.8300309,3.386598,9.127894,3.549404,10.362711,69.969704,69.644318
2.8401239,3.337517,9.149442,3.590106,10.379796,69.764824,69.959129
2.8503690,3.203442,9.147048,3.627216,10.348295,69.481285,70.698936
2.8605371,3.068170,9.101558,3.627216,10.266874,69.311134,71.370842
2.8700879,2.972401,8.977059,3.573346,10.108984,69.299545,71.679733
2.8803158,2.890999,8.832211,3.476381,9.922250,69.490532,71.875465
2.8900521,2.784456,8.747216,3.363853,9.776630,69.874916,72.342430
2.8999820,2.637213,8.746018,3.235764,9.691125,70.494987,73.220207
2.9100289,2.498349,8.876503,2.967613,9.687145,72.160873,74.280396
2.9200559,2.246958,9.338584,2.767697,9.995905,73.925735,76.471214
2.9300730,2.195483,9.477448,2.586935,10.066499,75.108788,76.957298
2.9406028,2.195483,9.463082,2.539051,10.040759,75.352333,76.938171
2.9500530,2.190695,9.334992,2.546233,9.920914,75.128433,76.793068
2.9600818,2.200271,9.173384,2.583344,9.780891,74.685242,76.512184
2.9701638,2.203863,9.071630,2.658761,9.706724,74.102982,76.345093
2.9798708,2.245761,9.068039,2.657564,9.712643,74.120270,76.090187
2.9898968,2.313996,9.094376,2.663549,9.754831,74.154205,75.724442
3.0001059,2.387019,9.103952,2.706645,9.793147,73.955643,75.307999
3.0107038,2.469619,9.035717,2.724602,9.755340,73.781967,74.713409
3.0199599,2.562993,8.933964,2.782062,9.701778,73.336037,73.992767
3.0298638,2.688689,8.835801,2.876633,9.673440,72.700027,73.075264
3.0398488,2.790442,8.755595,2.991555,9.664182,71.967842,72.322716
3.0499828,2.868254,8.714894,3.068170,9.674189,71.509338,71.782547
3.0599790,2.961627,8.714894,3.099294,9.712170,71.390617,71.230431
3.0698340,3.095703,8.740033,3.116054,9.781684,71.424133,70.495956
3.0798697,3.244143,8.813056,3.114856,9.894279,71.650421,69.791008
3.0899129,3.353080,8.848969,3.126827,9.966166,71.714973,69.247139
3.0999348,3.396175,8.838196,3.104083,9.964087,71.848717,68.980171
3.1101067,3.403358,8.791509,3.099294,9.923663,71.801292,68.837646
3.1198540,3.411737,8.747216,3.074155,9.879483,71.870514,68.692383
3.1298358,3.426103,8.677784,3.043030,9.813366,71.935326,68.455246
3.1399097,3.418920,8.628703,3.016694,9.759302,71.994423,68.385223
3.1498239,3.420117,8.627506,2.966416,9.743237,72.274384,68.375633
3.1597879,3.414132,8.662222,2.926912,9.759979,72.549057,68.488594
3.1698518,3.441665,8.686164,2.877831,9.776319,72.880386,68.385353
3.1798279,3.506308,8.678981,2.858677,9.787285,73.017433,68.001289
3.1898019,3.529053,8.627506,2.876633,9.755157,72.849457,67.753143
3.1998761,3.491943,8.598776,2.901772,9.723831,72.637352,67.898041
3.2098470,3.482366,8.635885,2.920926,9.758955,72.584000,68.038551
3.2198200,3.535039,8.699332,2.932897,9.837518,72.654449,67.885269
3.2297568,3.620033,8.744822,2.941277,9.910986,72.736336,67.512253
3.2397759,3.666720,8.748413,2.960430,9.936987,72.667267,67.259995
3.2498088,3.687071,8.732851,2.997540,9.941953,72.452026,67.110191
3.2598488,3.708618,8.737639,3.021482,9.961403,72.342941,67.001610
3.2697868,3.785233,8.726865,3.016694,9.979309,72.404510,66.551460
3.2798789,3.885789,8.719683,3.047819,10.021049,72.293465,65.980606
3.2901471,3.971981,8.693346,3.119645,10.054008,71.923370,65.444389
3.2998457,4.000711,8.645462,3.148375,10.033044,71.711578,65.167534
3.3099530,3.975572,8.578424,3.163938,9.970207,71.497910,65.135178
3.3197749,3.940856,8.576031,3.141193,9.947147,71.591591,65.320282
3.3298481,3.931279,8.615535,3.084929,9.959879,71.956703,65.472725
3.3398359,3.989937,8.669404,3.003526,10.004966,72.530174,65.286598
3.3498428,4.113238,8.702923,2.924517,10.060437,73.100441,64.703308
3.3599758,4.206613,8.708909,2.827552,10.076494,73.703461,64.218338
3.3698270,4.316746,8.644265,2.753332,10.046813,74.094574,63.463520
3.3797989,4.398149,8.510190,2.680309,9.947416,74.368591,62.669643
3.3902137,4.583699,8.196549,2.700660,9.771760,73.956093,60.785072
3.4000249,4.759673,8.019379,2.685097,9.704363,73.937263,59.309963
3.4105520,4.890157,7.815871,2.642002,9.590707,74.009666,57.967014
3.4205151,5.040992,7.621941,2.577358,9.494649,74.249207,56.520187
3.4301701,5.239710,7.465121,2.504335,9.458028,74.645882,54.935284
3.4398959,5.422867,7.341819,2.412158,9.440779,75.196541,53.549419
3.4503291,5.535394,7.220912,2.323573,9.390482,75.673973,52.527012
3.4598739,5.589264,7.117962,2.237381,9.322614,76.113747,51.859802
3.4698298,5.558139,7.054515,2.178724,9.241533,76.363960,51.765995
3.4798889,5.451597,7.032968,2.181118,9.161868,76.227654,52.218987
3.4898999,5.346252,7.020997,2.193089,9.093209,76.043877,52.711948
3.4998987,5.236119,6.994660,2.170344,9.002922,76.050240,53.181911
3.5098670,5.155913,6.987478,2.115277,8.937712,76.309990,53.577164
3.5198789,5.116409,6.973113,2.041057,8.886386,76.721558,53.731243
3.5299299,5.164293,6.931214,1.965640,8.864276,77.188248,53.311024
3.5397890,5.224148,6.867768,1.929727,8.842048,77.394066,52.740612
3.5497818,5.212177,6.823475,1.934515,8.801644,77.303291,52.625252
3.5598788,5.133168,6.727707,1.886631,8.670112,77.431793,52.656757
3.5698071,5.100847,6.611588,1.877054,8.558917,77.331505,52.349777
3.5798399,4.976348,6.463148,1.860295,8.366422,77.152756,52.405262
3.5898860,4.790798,6.349423,1.771709,8.148979,77.442757,52.964539
3.5998919,4.547786,6.257246,1.667562,7.913043,77.834526,53.990227
3.6100321,4.288015,6.260838,1.550246,7.745219,78.453964,55.592957
3.6198881,4.049792,6.293159,1.432930,7.619577,79.160469,57.237789
3.6300578,3.845088,6.319495,1.423353,7.533038,79.108597,58.681637
3.6399648,3.749320,6.306327,1.531092,7.494759,78.212158,59.267120
3.6506290,3.654749,6.210559,1.618480,7.385643,77.341545,59.524323
3.6603460,3.483563,6.047753,1.505953,7.139918,77.823715,60.057648
3.6700449,3.210624,5.809530,1.373075,6.778206,78.312599,61.072861
3.6808050,2.862268,5.525817,1.241394,6.345730,78.718674,62.616703
3.6899960,2.493561,5.246893,1.216254,5.935235,78.175125,64.580818
3.6999800,2.139219,5.013458,1.271321,5.597078,76.871239,66.892281
3.7106738,1.843535,4.903325,1.380257,5.417225,75.238831,69.394913
3.7205517,1.562217,4.994305,1.452083,5.430667,74.491234,72.630333
3.7301769,1.410185,5.260061,1.284489,5.595246,76.728363,74.992317
3.7400429,1.228225,5.553351,1.070208,5.787364,79.343445,77.528748
3.7502468,1.023521,5.815516,1.059434,5.999185,79.828430,80.018265
3.7602248,0.872687,5.978322,1.058237,6.133659,80.065079,81.694901
3.7702119,0.739808,6.021417,1.022324,6.152230,80.434715,82.995583
3.7808440,0.478840,5.856217,0.871489,5.940039,81.563431,85.325546
3.7901549,0.243011,5.801151,0.456095,5.824125,85.508484,87.601273
3.8001280,0.093374,5.914876,-0.099359,5.916447,90.962257,89.095589
3.8100500,0.002394,6.251261,-0.568623,6.277070,95.197395,89.978058
3.8199749,-0.002394,6.859388,-0.845153,6.911258,97.024078,90.019997
3.8300798,0.076614,7.671022,-1.049857,7.742910,97.792709,89.427780
3.8400929,0.107739,8.480263,-1.116895,8.554175,97.502373,89.272118
3.8499799,0.016759,9.567230,-1.118092,9.632357,96.665733,89.899635
3.8603268,-0.167594,9.545682,-1.124078,9.613099,96.715065,91.005844
3.8709607,-0.549469,9.022549,-1.136049,9.110373,97.163338,93.484985
3.8810470,-1.021127,8.304289,-1.121683,8.441688,97.635719,97.010117
3.8901589,-1.375469,7.882909,-0.908600,8.053430,96.477982,99.897751
3.9006279,-1.551443,7.885303,-0.774524,8.073715,95.504944,101.130836
3.9106169,-1.617283,8.263587,-0.725443,8.451553,94.924072,101.073502
3.9203408,-1.473631,8.866926,-0.793678,9.023519,95.046059,99.435982
3.9306259,-1.203086,9.400833,-0.787692,9.510181,94.751038,97.292877
3.9401820,-0.896629,9.649830,-0.696713,9.716407,94.111908,95.308479
3.9500759,-0.545878,9.654618,-0.527921,9.684438,93.124878,93.236092
3.9599590,-0.305261,9.528923,-0.459687,9.544888,92.760460,91.834854
3.9699860,-0.246603,9.334992,-0.524330,9.352958,93.213707,91.513229
3.9811330,-0.283713,9.211691,-0.690727,9.241907,94.286201,91.764107
3.9899907,-0.363919,9.326612,-0.682347,9.358619,94.181213,92.234512
3.9999840,-0.350751,9.678560,-0.779313,9.716218,94.600487,92.075485
4.0100818,-0.268151,10.169372,-0.905008,10.213083,95.083801,91.510452
4.0200920,-0.111330,10.789470,-0.969652,10.833526,95.135117,90.591179
4.0299940,-0.005986,11.256339,-1.187524,11.318809,96.022324,90.030464
4.0400767,0.096965,11.440693,-1.165976,11.500363,95.818993,89.514404
4.0500321,-0.029928,11.322180,-1.028310,11.368820,95.189491,90.151451
4.0600586,-0.228646,11.095928,-0.791284,11.126456,94.078163,91.180489
4.0700746,-0.487220,10.939108,-0.820014,10.980614,94.282738,92.550224
4.0808229,-0.761356,10.866084,-0.811634,10.922921,94.261322,94.008003
4.0906577,-0.731429,11.000159,-0.729034,11.048529,93.783394,93.804146
4.1003132,-0.672771,11.155783,-0.804452,11.204966,94.117050,93.451149
4.1100278,-0.380678,11.399991,-0.372298,11.412419,91.869446,91.912560
4.1199999,-0.196325,11.377247,-0.955287,11.418969,94.798851,90.988594
4.1305389,-0.029928,11.280281,-0.703895,11.302261,93.570641,90.152008
4.1399636,0.347159,11.289858,-0.586579,11.310415,92.972801,88.238731
4.1500239,0.675165,11.258734,-0.653617,11.297883,93.316589,86.568192
4.1610498,1.071405,11.224017,-0.933739,11.313635,94.734131,84.547264
4.1699500,1.200692,11.082760,-1.133654,11.205106,95.806725,83.816765
4.1801929,1.146823,10.860099,-1.163582,10.982298,96.081940,83.971924
4.1900339,0.945710,10.576386,-1.082179,10.673585,95.819138,84.890366
4.1999998,0.659603,10.308235,-1.037886,10.381330,95.737801,86.338753
4.2100291,0.365116,10.163386,-1.113304,10.230698,96.247292,87.942558
4.2202768,0.199916,10.220847,-1.145625,10.286794,96.394211,88.879463
4.2299957,0.213084,10.408792,-1.379060,10.501912,97.545593,88.827232
4.2409301,0.301669,10.630256,-1.666364,10.764297,98.905472,88.374474
4.2501740,0.316035,10.861296,-1.915361,11.033414,99.996986,88.333313
4.2600818,0.246603,11.094730,-1.933318,11.264616,99.882462,88.726692
4.2700987,0.195127,11.268311,-2.467225,11.536901,102.348366,89.007935
4.2801962,0.199916,11.337742,-2.377442,11.586051,101.841133,88.989822
4.2902555,0.220267,11.243171,-2.272097,11.472569,101.422722,88.877655
4.3002539,0.185551,11.073183,-1.909376,11.238128,99.782097,89.040001
4.3100033,0.023942,10.879252,-1.911770,11.045975,99.966591,89.873909
4.3200850,0.023942,10.985794,-1.891419,11.147453,99.768791,89.875130
4.3302021,0.008380,11.188105,-1.649605,11.309065,98.387413,89.957085
4.3399720,0.089783,11.388021,-2.199074,11.598749,100.929199,89.548294
4.3501081,0.185551,11.646594,-2.118869,11.839223,100.309784,89.087257
4.3602529,0.300472,11.862072,-1.970428,12.028368,99.428406,88.548981
4.3700457,0.520739,12.040441,-1.972822,12.212101,99.296669,87.523552
4.3801198,0.741005,12.302606,-1.835156,12.460778,98.469017,86.553146
4.3902359,0.787692,12.633005,-2.398990,12.882874,100.732002,86.432114
4.4001470,0.457293,12.995727,-2.317587,13.208681,100.105392,87.984711
4.4102931,0.034716,13.316550,-2.128445,13.485621,99.081009,89.850632
4.4199910,-0.159214,13.518860,-2.141613,13.688368,99.001190,90.674751
4.4301939,-0.265756,13.691242,-1.932121,13.829455,98.031097,91.112007
4.4403882,-0.301669,13.870808,-2.309207,14.064948,99.449699,91.245903
4.4504046,-0.333991,14.061147,-2.066196,14.216067,98.357101,91.360680
4.4603438,-0.161609,14.213179,-2.045845,14.360573,98.190376,90.651443
4.4701753,0.105345,14.444219,-1.713051,14.545827,96.763374,89.582138
4.4808426,0.190339,14.652514,-1.994370,14.788844,97.750313,89.255760
4.4902630,0.104148,14.875175,-1.922544,14.999263,97.364197,89.598854
4.5001168,-0.253785,15.261839,-1.999158,15.394309,97.461700,90.952667
4.5100031,-0.855927,15.721525,-1.818396,15.849464,96.588005,93.116280
4.5199556,-1.271321,16.182409,-2.303222,16.394861,98.075874,94.492043
4.5300732,-1.314417,16.622942,-2.183512,16.817183,97.460243,94.521111
4.5399289,-0.954089,17.129316,-1.857901,17.256174,96.180779,93.188034
4.5501752,-0.398635,17.548302,-1.545457,17.620733,95.031693,91.301331
4.5599728,0.178368,17.911022,-1.792060,18.001335,95.713348,89.429436
4.5700240,0.864307,18.328812,-1.653196,18.423502,95.148247,87.300179
4.5799646,1.446098,18.472464,-1.474828,18.587582,94.550903,85.523788
4.5900559,1.722628,18.200722,-1.126472,18.316732,93.525894,84.593285
4.6004248,1.695095,17.821239,-0.833182,17.921053,92.664742,84.566566
4.6101875,1.383849,17.555485,-0.671574,17.622744,92.183975,85.492859
4.6200647,1.140837,17.386692,-0.484826,17.430824,91.593849,86.245888
4.6300869,1.090559,17.167624,-0.173580,17.203102,90.578125,86.365219
4.6401029,1.031901,16.833632,-0.022745,16.865246,90.077271,86.492157
4.6506186,0.968455,16.373945,-0.047884,16.402630,90.167267,86.615120
4.6603036,0.912191,15.842433,-0.190339,15.869814,90.687210,86.704605
4.6700597,0.864307,15.334862,-0.499191,15.367310,91.861519,86.774094
4.6801009,0.792481,14.942213,-0.932542,14.992244,93.566193,86.964081
4.6900940,0.663194,14.670471,-1.286883,14.741731,95.008026,87.411644
4.6999145,0.588974,14.480132,-1.527501,14.572384,96.016891,87.670799
4.7100949,0.584185,14.227544,-1.617283,14.331081,96.479713,87.648750
4.7199368,0.627281,13.903130,-1.644817,14.014132,96.740250,87.416687
4.7300596,0.708684,13.557167,-1.739388,13.686653,97.301262,87.007660
4.7399616,0.708684,13.298594,-2.056619,13.475328,98.778854,86.949585
4.7501450,0.527921,13.200431,-2.445677,13.435453,100.488121,87.709808
4.7601748,0.233435,13.205219,-2.636016,13.467772,101.287239,88.987259
4.7699537,-0.032322,13.163321,-2.673126,13.432038,101.479141,90.140686
4.7804289,-0.387861,12.656947,-2.208651,12.854061,99.893951,91.755226
4.7900167,-0.508768,12.301409,-1.966837,12.468038,99.076340,92.368317
4.8001394,-0.638055,11.903971,-1.863886,12.065890,98.886383,93.068130
4.8099847,-0.703895,11.595119,-1.814805,11.757371,98.879372,93.473946
4.8201032,-0.648829,11.411963,-1.802834,11.571693,98.963020,93.254059
4.8300276,-0.466869,11.263522,-1.757344,11.409345,98.860352,92.373535
4.8402486,-0.269348,11.016919,-1.674744,11.146741,98.641136,91.400520
4.8501048,-0.177171,10.668563,-1.537078,10.780178,98.197380,90.951416
4.8600812,-0.215478,10.211270,-1.350330,10.302421,97.531380,91.208878
4.8700056,-0.478840,9.765948,-1.146823,9.844706,96.689651,92.807060
4.8804178,-0.859518,9.467871,-1.061828,9.565920,96.373032,95.187241
4.8909330,-1.205481,9.317036,-1.082179,9.456820,96.570961,97.372231
4.9001536,-1.388637,9.282320,-1.242591,9.467513,97.541710,98.508362
4.9100442,-1.436521,9.301474,-1.280898,9.498510,97.750092,98.779404
4.9201646,-1.309628,9.295488,-1.510741,9.508080,99.142487,98.019539
4.9320393,-1.116895,9.185355,-1.256956,9.337995,97.735870,96.932854
4.9499707,-0.797269,8.503007,-1.235408,8.629194,98.231094,95.356575
4.9603667,-0.678756,8.081628,-0.815226,8.150951,95.740089,94.800865
4.9699631,-0.541090,7.657854,-0.737414,7.712282,95.486748,94.041695
4.9804440,-0.353145,7.275979,-0.597353,7.308995,94.687927,92.778709
4.9901910,-0.275333,6.945579,-0.263362,6.956022,92.169800,92.270103
5.0000892,-0.076614,6.670246,-0.235829,6.674853,92.024734,90.658073
5.0105715,0.271742,6.458359,-0.116119,6.465117,91.029137,87.590645
5.0200257,0.594959,6.257246,0.234632,6.289846,87.862183,84.568459
5.0300879,0.658405,5.942409,0.543484,6.003423,84.805962,83.677544
5.0402179,0.574608,5.628768,0.709881,5.702380,82.848778,84.171196
5.0506468,0.417788,5.280412,0.683545,5.340836,82.646858,85.476158
5.0604978,0.341174,5.055357,0.667982,5.110698,82.489799,86.139099
5.0709028,0.325611,4.927267,0.553061,4.968889,83.609474,86.219185
5.0811238,0.380678,4.916493,0.727837,4.984633,81.603867,85.572495
5.0900078,0.580594,4.989516,0.614113,5.060583,83.029854,83.362755
5.1005082,0.764947,5.094861,0.453701,5.171905,84.967300,81.461334
5.1100068,0.800860,5.207389,0.314838,5.278011,86.580231,81.256805
5.1201329,0.849942,5.313931,0.179565,5.384469,88.088905,80.912743
5.1306300,0.878672,5.368997,0.032322,5.440518,89.659607,80.705559
5.1399240,0.754174,5.383362,0.063446,5.436303,89.331291,82.025139
5.1500716,0.623690,5.328296,-0.067038,5.365093,90.715935,83.323776
5.1598821,0.562637,5.215768,-0.211887,5.250304,92.312920,83.843178
5.1698537,0.567426,5.115212,-0.195127,5.150285,92.171272,83.670113
5.1798272,0.673968,5.025429,-0.323217,5.080713,93.647423,82.361557
5.1900377,0.948104,4.984728,-0.440533,5.093180,94.961983,79.230881
5.1998172,1.362301,4.942830,-0.371101,5.140539,94.139847,74.591179
5.2107549,1.848324,4.912902,-0.195127,5.252712,92.128914,69.382782
5.2199497,2.308010,4.836287,-0.057461,5.359094,90.614342,64.488228
5.2298784,2.704251,4.777629,0.080206,5.490460,89.162979,60.489117
5.2398291,3.064578,4.752491,0.525527,5.679259,84.690567,57.184612
5.2499108,3.743334,4.780024,0.955287,6.146035,81.058189,51.934776
5.2602348,4.155137,4.851850,1.069011,6.476758,80.499664,49.423161
5.2708397,4.551377,4.908113,1.222240,6.804299,79.651932,47.159714
5.2801676,4.918888,4.920084,1.224634,7.064164,80.016846,45.006969
5.2907834,5.143942,4.977545,1.176750,7.254023,80.664200,44.058144
5.3001060,5.276821,5.128380,1.361104,7.483162,79.520203,44.182674
5.3100452,5.274426,5.325902,1.422156,7.629373,79.256920,45.278225
5.3202181,5.378574,5.516241,1.520318,7.852983,78.837196,45.723949
5.3301191,5.438429,5.661090,1.616086,8.014748,78.367180,46.149220
5.3400717,5.628768,5.804742,1.915361,8.309432,76.673225,45.881775
5.3503799,5.778406,5.911284,2.200271,8.554206,75.095116,45.651260
5.3600368,5.937620,6.063316,2.415750,8.823547,74.110413,45.600086
5.3699198,6.247669,6.196194,2.665944,9.194207,73.144493,44.762993
5.3800025,6.479907,6.305130,2.919729,9.500983,72.102921,44.216789
5.3900189,6.758832,6.412869,2.911349,9.761284,72.647186,43.495441
5.4001470,6.982689,6.537368,2.855086,9.982317,73.380508,43.113483
5.4099722,7.155072,6.745663,2.715025,10.201489,74.565292,43.312996
5.4200521,7.297527,7.038953,2.562993,10.457996,75.813736,43.966721
5.4299908,7.557298,7.383718,2.369063,10.827950,77.361938,44.334389
5.4405947,7.656657,7.613562,2.317587,11.043637,77.886017,44.838299
5.4503646,7.474698,7.708132,2.221819,10.964620,78.308891,45.880848
5.4600854,7.123947,7.663840,2.050634,10.662559,78.911736,47.090904
5.4700918,6.666655,7.583634,2.061408,10.305590,78.461395,48.681801
5.4800639,6.297947,7.490260,1.988384,9.986081,78.514755,49.942265
5.4901619,5.918467,7.327454,1.742979,9.579029,79.516182,51.071804
5.4999719,5.843049,7.313089,1.625663,9.500804,80.147758,51.375664
5.5104489,5.834670,7.371747,1.539472,9.526594,80.700378,51.638710
5.5202422,5.953183,7.526173,1.224634,9.673851,82.727287,51.656097
5.5300846,6.033388,7.718906,1.379060,9.893690,81.987572,51.987476
5.5399771,6.315904,7.830236,1.252167,10.137611,82.904877,51.110195
5.5499411,6.350620,7.684190,1.103727,10.029724,83.682053,50.427879
5.5600376,6.420052,7.485472,1.118092,9.924691,83.531464,49.381351
5.5699630,6.457162,7.297527,1.199495,9.817720,82.982269,48.496231
5.5799141,6.512228,7.199365,1.280898,9.791868,82.483459,47.868893
5.5900068,6.451177,7.170634,1.371878,9.742573,81.905128,48.023361
5.5999465,6.396110,7.255628,1.438915,9.778796,81.538406,48.602608
5.6101665,6.313510,7.364564,1.460463,9.809697,81.438004,49.394104
5.6202016,6.193800,7.492654,1.452083,9.829119,81.504440,50.421177
5.6300397,5.975927,7.597999,1.403002,9.767790,81.741722,51.814480
5.6401858,5.902905,7.733272,1.471237,9.839324,81.400528,52.645046
5.6502328,5.776011,7.800309,1.310825,9.794151,82.308594,53.480610
5.6600738,5.716156,7.812280,1.167173,9.750306,83.124847,53.807491
5.6703057,5.728127,7.765593,1.023521,9.703786,83.945381,53.586433
5.6799808,5.774815,7.751228,1.012747,9.718831,84.018654,53.313175
5.6899691,5.776011,7.796718,1.040281,9.758755,83.880661,53.467991
5.7005482,5.680243,8.182184,1.203086,10.032982,83.112907,55.230808
5.7099638,5.607220,8.317456,1.265336,10.110493,82.810539,56.014088
5.7206168,5.492299,8.452729,1.423353,10.180368,81.962944,56.985546
5.7300835,5.406107,8.598776,1.595735,10.281601,81.071426,57.842152
5.7401338,5.273229,8.749610,1.721431,10.359823,80.435135,58.923401
5.7501788,5.191826,8.894460,1.814805,10.457533,80.006271,59.727264
5.7602777,5.084087,8.992621,1.817199,10.488918,80.023201,60.517830
5.7699995,4.863821,9.046491,1.729811,10.415757,80.440231,61.735428
5.7803035,4.667496,9.102755,1.572991,10.349877,81.258224,62.853226
5.7901330,4.453215,9.151836,1.411382,10.275175,82.104980,64.052795
5.8001885,4.271256,9.192537,1.270124,10.215653,82.857864,65.078354
5.8100019,4.171896,9.211691,1.162385,10.178954,83.442810,65.634636
5.8199577,4.126407,9.249998,1.162385,10.195137,83.453262,65.958443
5.8301368,4.067749,9.275137,1.158794,10.193995,83.472847,66.319435
5.8398819,4.000711,9.281123,1.167173,10.173850,83.412361,66.681114
5.8498297,3.960010,9.253590,1.148020,10.130575,83.493134,66.831833
5.8600979,3.934870,9.162610,1.181539,10.041547,83.242638,66.758957
5.8706660,3.926491,9.111135,1.243788,9.998856,82.854294,66.686119
5.8804750,3.914520,9.026140,1.233014,9.915392,82.856575,66.554253
5.8900876,3.901352,8.969876,1.233014,9.858983,82.815491,66.493881
5.9000897,3.922899,8.944737,1.195904,9.840104,83.019379,66.319153
5.9101758,3.943250,8.899248,1.150414,9.801495,83.259583,66.101906
5.9200430,3.969586,8.890868,1.134852,9.802706,83.352005,65.940239
5.9300361,3.971981,8.883685,1.090559,9.792130,83.605652,65.910126
5.9400830,3.950433,8.886080,1.064223,9.782684,83.754639,66.031784
5.9499865,3.924097,8.924387,1.037886,9.804103,83.923141,66.264671
5.9600930,3.920505,8.987833,1.039083,9.860588,83.951088,66.433105
5.9707370,3.901352,9.038112,1.043872,9.899378,83.947006,66.652283
5.9801507,3.881001,9.053674,1.027112,9.903845,84.047241,66.796837
5.9902277,3.866636,9.050082,1.024718,9.894691,84.055649,66.865463
6.0001078,3.841497,9.044097,1.025915,9.879539,84.039520,66.986557
6.0101161,3.821146,9.050082,1.074997,9.882346,83.755035,67.109444
6.0200458,3.839103,9.056067,1.144428,9.902564,83.363564,67.026649
6.0299182,3.871424,9.032125,1.198298,9.899653,83.047615,66.798660
6.0399065,3.885789,9.012972,1.252167,9.894491,82.729607,66.677528
6.0505128,3.892972,9.002198,1.278504,9.890873,82.573112,66.614082
6.0599308,3.870227,9.005790,1.271321,9.884289,82.610123,66.744446
6.0698037,3.849876,9.006987,1.273715,9.877738,82.591187,66.856575
6.0798120,3.822343,9.002198,1.236605,9.857944,82.793694,66.993874
6.0904317,3.784036,9.009381,1.195904,9.844697,83.022652,67.217079
6.1004095,3.746926,9.045294,1.168370,9.860115,83.194771,67.498688
6.1112475,3.724181,9.078813,1.156399,9.880871,83.279037,67.696281
6.1199474,3.712210,9.097966,1.121683,9.889977,83.487717,67.803246
6.1298709,3.702633,9.121908,1.108515,9.906942,83.575562,67.907494
6.1398315,3.709816,9.113529,1.125275,9.903807,83.475937,67.850388
6.1499729,3.733757,9.083601,1.143231,9.887352,83.360291,67.655190
6.1598601,3.732560,9.059659,1.148020,9.865464,83.317490,67.608444
6.1701078,3.732560,9.078813,1.181539,9.887006,83.136513,67.651031
6.1799588,3.728969,9.090784,1.171962,9.895508,83.198280,67.696938
6.1899414,3.727772,9.102755,1.155202,9.904086,83.301834,67.729858
6.2013144,3.721786,9.107543,1.142034,9.904710,83.378952,67.772682
6.2099037,3.712210,9.119514,1.130063,9.910756,83.452675,67.850616
6.2204905,3.695450,9.120711,1.101333,9.902357,83.614395,67.943619
6.2299590,3.687071,9.143456,1.080982,9.917954,83.742760,68.038391
6.2399907,3.688268,9.131485,1.079785,9.907233,83.742928,68.005890
6.2512512,3.679888,9.095572,1.079785,9.871016,83.719879,67.972725
6.2603550,3.651158,9.034520,1.077391,9.803789,83.690720,67.994690
6.2707558,3.628413,8.998607,1.070208,9.761437,83.705650,68.039749
6.2813849,3.641581,9.011775,1.060631,9.777430,83.772438,67.996788
6.2900090,3.645172,9.050082,1.031901,9.811019,83.962593,68.061516
6.3002605,3.640384,9.081207,0.999579,9.834626,84.166458,68.155632
6.3122697,3.651158,9.097966,0.975637,9.851690,84.316544,68.133629
6.3301716,3.670311,9.053674,0.985214,9.818902,84.241333,67.932625
6.3401074,3.690662,9.033323,1.004368,9.809723,84.123482,67.777000
6.3501377,3.706224,9.034520,1.021127,9.818419,84.030380,67.695129
6.3600368,3.744531,9.034520,1.023521,9.833192,84.025352,67.487495
6.3701568,3.781641,9.046491,1.011550,9.857131,84.109871,67.313950
6.3800621,3.799598,9.066842,1.049857,9.886697,83.904335,67.263138
6.3901978,3.839103,9.077616,1.063026,9.913216,83.844154,67.075539
6.4007907,3.854665,9.072827,1.098939,9.918785,83.638931,66.981392
6.4107337,3.861847,9.060856,1.122881,9.913316,83.496155,66.915703
6.4204140,3.851074,9.036914,1.120486,9.886965,83.492706,66.918762
6.4303274,3.847482,9.020155,1.133654,9.871752,83.405708,66.899681
6.4399896,3.871424,9.022549,1.136049,9.883568,83.399651,66.776642
6.4503069,3.885789,9.033323,1.121683,9.897396,83.492622,66.724480
6.4601269,3.879804,9.039309,1.098939,9.897962,83.625496,66.770279
6.4702172,3.867833,9.020155,1.069011,9.872493,83.783722,66.790398
6.4799819,3.858256,9.016563,1.065420,9.865073,83.800011,66.833549
6.4900937,3.852271,9.026140,1.054646,9.870333,83.866234,66.887672
6.5000868,3.870227,9.034520,1.045069,9.883996,83.930573,66.810570
6.5107827,3.894169,9.053674,1.051055,9.911522,83.912697,66.726479
6.5202799,3.913323,9.042900,1.042675,9.908345,83.959465,66.599411
6.5299988,3.906140,9.040505,1.067814,9.906003,83.811798,66.632225
6.5411501,3.914520,9.033323,1.080982,9.904187,83.734032,66.570885
6.5500860,3.922899,9.029732,1.121683,9.908751,83.500114,66.517822
6.5601878,3.933673,9.008183,1.128866,9.894215,83.448654,66.410179
6.5699720,3.912126,8.979453,1.114501,9.857861,83.508430,66.458435
6.5799928,3.892972,8.968679,1.094150,9.838171,83.614655,66.536118
6.5901165,3.912126,8.980651,1.071405,9.854173,83.758118,66.461235
6.5999889,3.926491,8.995016,1.054646,9.871166,83.866753,66.417839
6.6101990,3.939659,8.998607,1.042675,9.878411,83.941093,66.355827
6.6212549,3.897760,8.960299,1.052252,9.827855,83.853661,66.490799
6.6302137,3.848679,8.923190,1.069011,9.776423,83.722389,66.668884
6.6401649,3.746926,9.008183,1.022324,9.809790,84.018074,67.415283
6.6511869,3.743334,9.058462,0.992397,9.851555,84.218498,67.547546
6.6600842,3.755305,9.087193,0.975637,9.880853,84.333374,67.547012
6.6701102,3.761291,9.095572,0.984017,9.891665,84.290810,67.533447
6.6801138,3.745728,9.090784,1.023521,9.885365,84.056999,67.606583
6.6899729,3.737349,9.066842,1.083376,9.866565,83.696053,67.598564
6.7000647,3.728969,9.051279,1.140837,9.855576,83.352798,67.609192
6.7101216,3.727772,9.024943,1.165976,9.833890,83.190582,67.556824
6.7202549,3.766079,9.032125,1.191115,9.858063,83.060196,67.365578
6.7301569,3.807978,9.048885,1.211466,9.891950,82.965332,67.177528
6.7401190,3.848679,9.093178,1.204283,9.947287,83.046341,67.059532
6.7499638,3.866636,9.149442,1.186327,10.003526,83.189217,67.090645
6.7600646,3.842694,9.200917,1.145625,10.036714,83.445778,67.332512
6.7699337,3.807978,9.184157,1.122881,10.005514,83.556343,67.479897
6.7800536,3.734955,9.161413,1.120486,9.956750,83.538513,67.820099
6.7899847,3.655946,9.097966,1.131260,9.870090,83.418579,68.107658
6.7999001,3.599682,9.036914,1.094150,9.788804,83.582314,68.281075
6.8099647,3.578135,9.005790,1.079785,9.750550,83.641968,68.331337
6.8199930,3.596091,9.044097,1.103727,9.795192,83.530144,68.316368
6.8300714,3.643975,9.112331,1.170765,9.883513,83.196976,68.203781
6.8401175,3.697845,9.176975,1.207875,9.967442,83.039673,68.053123
6.8503480,3.706224,9.190144,1.253365,9.988281,82.791321,68.036644
6.8600688,3.696647,9.194932,1.296460,9.994637,82.546844,68.098343
6.8700309,3.684676,9.194932,1.337162,9.995580,82.312195,68.162590
6.8801270,3.666720,9.203311,1.345541,9.997812,82.265457,68.277016
6.8901677,3.640384,9.228451,1.357512,10.012969,82.208107,68.472054
6.9001517,3.616442,9.252393,1.344344,10.024604,82.293159,68.651184
6.9100356,3.626019,9.285912,1.323994,10.056298,82.434578,68.670052
6.9204559,3.640384,9.251195,1.322796,10.029297,82.420990,68.520157
6.9300900,3.599682,9.188946,1.331176,9.958236,82.317940,68.607712
6.9400849,3.550601,9.124303,1.300052,9.876730,82.436340,68.737160
6.9500251,3.508703,9.076419,1.292869,9.816510,82.431953,68.864822
6.9600658,3.491943,9.076419,1.285686,9.809589,82.468903,68.956917
6.9701066,3.489549,9.074024,1.285686,9.806521,82.466537,68.965019
6.9800601,3.489549,9.076419,1.277307,9.807642,82.516777,68.970085
6.9900126,3.494337,9.072827,1.278504,9.806180,82.508606,68.936150
7.0001016,3.494337,9.059659,1.283292,9.794623,82.471458,68.908226
7.0107961,3.436877,9.039309,1.283292,9.755411,82.441025,69.182472
7.0201187,3.390190,9.016563,1.254562,9.714202,82.579689,69.393951
7.0300469,3.350685,8.992621,1.225831,9.674554,82.720673,69.564415
7.0399427,3.350685,9.035717,1.242591,9.716754,82.652824,69.653870
7.0499282,3.378219,9.083601,1.237802,9.770176,82.721527,69.599678
7.0603151,3.410540,9.127894,1.236605,9.822394,82.767471,69.512337
7.0699854,3.428497,9.157822,1.255759,9.858865,82.682152,69.475151
7.0802946,3.417723,9.175778,1.276109,9.874421,82.574677,69.571030
7.0899768,3.369839,9.180567,1.277307,9.862562,82.558685,69.843719
7.1000075,3.327940,9.154230,1.267730,9.822538,82.584526,70.021706
7.1099811,3.309984,9.142260,1.374272,9.819650,81.954979,70.097054
7.1201530,3.301604,9.176975,1.491588,9.866220,81.304611,70.212769
7.1301422,3.233369,9.218874,1.582567,9.896810,80.798515,70.672516
7.1403527,3.118448,9.222465,1.599327,9.865922,80.670837,71.317749
7.1507335,3.033453,9.284714,1.596933,9.897370,80.714783,71.907021
7.1601601,2.953248,9.318233,1.521515,9.892733,81.152718,72.414917
7.1701589,2.881422,9.336189,1.466449,9.880157,81.464417,72.848244
7.1801286,2.841918,9.340978,1.401805,9.863844,81.829720,73.078041
7.1901269,2.827552,9.320627,1.386243,9.838232,81.899864,73.124039
7.2002649,2.779668,9.294291,1.375469,9.798077,81.930077,73.349518
7.2101068,2.726996,9.314642,1.381454,9.803442,81.899193,73.681847
7.2201629,2.671929,9.391256,1.403002,9.864244,81.823029,74.118286
7.2305341,2.571373,9.466674,1.380257,9.906310,81.990860,74.803757
7.2401710,2.584541,9.526528,1.353921,9.963318,82.189880,74.821060
7.2501464,2.728193,9.552865,1.408988,10.034217,81.927948,74.061241
7.2600727,2.900575,9.546879,1.514333,10.092049,81.370056,73.099937
7.2704530,2.996343,9.490616,1.644817,10.087382,80.615631,72.478233
7.2800522,3.078943,9.421184,1.771709,10.068642,79.865295,71.902054
7.2900529,3.126827,9.333796,1.826776,10.011688,79.486671,71.479118
7.3001618,3.163938,9.226056,1.851915,9.927749,79.249107,71.071365
7.3101578,3.219004,9.080010,1.832761,9.806508,79.228516,70.479797
7.3200955,3.311181,8.948329,1.860295,9.720967,78.967293,69.693840
7.3301210,3.414132,8.857349,1.920150,9.684829,78.564560,68.920471
7.3399320,3.452439,8.826224,1.951274,9.676210,78.366135,68.636703
7.3498540,3.471592,8.899248,1.927332,9.744905,78.592918,68.689270
7.3600316,3.476381,9.065644,1.872266,9.888200,79.085533,69.019798
7.3698239,3.383007,9.247604,1.734599,9.998588,80.009529,69.906204
7.3807368,3.278859,9.386468,1.600524,10.070669,80.855247,70.744789
7.3899717,3.122039,9.440337,1.618480,10.074055,80.754890,71.700294
7.3998728,2.926912,9.405622,1.704672,9.996922,80.181969,72.714516
7.4099579,2.619257,9.218874,1.595735,9.715684,80.546722,74.139145
7.4202738,2.408567,9.026140,1.361104,9.440604,81.710464,75.059120
7.4301629,2.400187,8.860941,1.249773,9.264940,82.247581,74.843826
7.4400325,2.591723,8.771158,1.328782,9.242073,81.733635,73.538513
7.4501247,2.804807,8.792706,1.442507,9.341276,81.116676,72.307709
7.4600329,2.966416,8.949526,1.528698,9.551468,80.790291,71.661674
7.4715371,3.047819,9.094376,1.561020,9.717698,80.756142,71.472336
7.4799242,3.028665,9.126697,1.571793,9.743713,80.716850,71.641739
7.4900417,2.955642,9.085996,1.529895,9.676348,80.902985,71.980476
7.5001307,2.870648,8.987833,1.459266,9.547315,81.208122,72.286903
7.5100527,2.815581,8.926781,1.426944,9.468426,81.332184,72.494293
7.5200272,2.846706,8.938752,1.466449,9.495025,81.115456,72.334991
7.5300803,2.931700,9.003395,1.507150,9.587882,80.955986,71.963631
7.5416527,3.072958,9.148245,1.545457,9.773530,80.901810,71.432449
7.5499377,3.072958,9.148245,1.545457,9.773530,80.901810,71.432449
7.5599484,3.142390,9.188946,1.570596,9.837586,80.813271,71.120590
7.5702958,3.195062,9.267955,1.666364,9.943851,80.353004,70.978729
7.5804200,3.201048,9.305065,1.726219,9.990535,80.050186,71.016205
7.5903058,3.198653,9.326612,1.754950,10.014835,79.907661,71.070091
7.6005387,3.192668,9.329007,1.808819,10.024736,79.604866,71.107506
7.6111708,3.192668,9.307459,1.851915,10.012568,79.341255,71.066879
7.6202226,3.196259,9.277532,1.905785,9.996033,79.009041,70.990341
7.6300869,3.240552,9.273940,1.956063,10.016652,78.738853,70.739281
7.6399651,3.293224,9.295488,1.994370,10.061259,78.566956,70.491676
7.6507668,3.345897,9.329007,1.996764,10.110019,78.608994,70.269363
7.6606297,3.385401,9.348161,1.988384,10.139168,78.690468,70.092339
7.6700230,3.427300,9.372103,1.965640,10.170862,78.856796,69.912956
7.6802001,3.428497,9.375694,1.940500,10.169748,78.999878,69.913582
7.6906648,3.404555,9.362526,1.905785,10.142973,79.170204,70.016891
7.7000852,3.332729,9.331401,1.879448,10.085358,79.259911,70.345711
7.7100697,3.251326,9.313444,1.857901,10.038086,79.333900,70.755890
7.7200260,3.204639,9.270349,1.826776,9.977283,79.449997,70.930397
7.7304392,3.165135,9.217676,1.802834,9.911299,79.519737,71.048729
7.7400198,3.132813,9.187749,1.800440,9.872731,79.492462,71.171791
7.7512188,3.116054,9.214086,1.769315,9.886336,79.690483,71.315300
7.7601018,3.086126,9.249998,1.741782,9.905577,79.872543,71.549484
7.7701168,3.049016,9.271546,1.708263,9.908392,80.072281,71.796173
7.7801218,3.005920,9.271546,1.681927,9.890703,80.209198,72.036835
7.7902217,2.973598,9.248801,1.644817,9.853326,80.390625,72.176788
7.8002210,2.919729,9.209297,1.614889,9.795093,80.510483,72.409225
7.8108010,2.849100,9.148245,1.601721,9.714590,80.509857,72.701492
7.8202667,2.782062,9.093178,1.618480,9.645995,80.340775,72.988480
7.8301897,2.729390,9.035717,1.630451,9.578732,80.199638,73.192177
7.8401570,2.728193,9.002198,1.628057,9.546370,80.180664,73.140121
7.8507037,2.750938,9.017760,1.614889,9.565330,80.280357,73.035263
7.8601847,2.777274,9.080010,1.589750,9.627417,80.495369,72.992867
7.8699288,2.810793,9.117120,1.577779,9.670151,80.609657,72.865555
7.8800187,2.817975,9.124303,1.606509,9.683737,80.450615,72.837074
7.8907137,2.819172,9.114726,1.622072,9.677659,80.351120,72.813232
7.9001355,2.807201,9.159019,1.628057,9.716922,80.354675,72.959915
7.9100747,2.807201,9.228451,1.631648,9.782993,80.399101,73.080772
7.9200125,2.846706,9.300277,1.647211,9.864694,80.387703,72.981262
7.9302649,2.846706,9.366117,1.642422,9.925999,80.475655,73.094055
7.9399991,2.850297,9.419987,1.660379,9.980842,80.423950,73.165245
7.9504557,2.844312,9.479841,1.646014,10.033288,80.557640,73.298759
7.9600668,2.819172,9.531317,1.619677,10.070605,80.744797,73.522842
7.9699941,2.809596,9.605537,1.642422,10.141880,80.680214,73.695938
7.9800401,2.813187,9.667787,1.649605,10.203005,80.695671,73.775764
7.9906936,2.831144,9.720459,1.593341,10.248972,81.056320,73.761475
8.0000105,2.850297,9.732430,1.535880,10.256866,81.388046,73.676491
8.0108805,2.841918,9.716867,1.487996,10.232699,81.638641,73.697250
8.0199661,2.841918,9.716867,1.487996,10.232699,81.638641,73.697250
8.0300093,2.870648,9.777920,1.491588,10.299182,81.672806,73.638565
8.0400772,2.975993,10.139444,1.531092,10.677505,81.755699,73.642693
8.0503407,3.074155,10.383653,1.538275,10.937868,81.915260,73.508232
8.0599918,3.167529,10.512939,1.575385,11.092203,81.834885,73.232544
8.0704689,3.211822,10.509348,1.792060,11.134346,80.738029,73.006027
8.0812483,3.128025,10.382456,2.082955,11.041677,79.126289,73.233505
8.0900040,2.947262,9.964667,2.092532,10.599983,78.614510,73.523300
8.1001139,2.822764,9.184157,1.818396,9.778717,79.283211,72.915115
8.1102266,2.907758,8.349778,1.733402,9.009913,78.907806,70.799644
8.1201210,3.041833,7.772776,1.904588,8.561323,77.146194,68.627380
8.1300888,3.056198,7.505822,2.026692,8.353754,75.959450,67.844978
8.1400137,3.015497,7.575254,1.926135,8.377810,76.708275,68.293877
8.1502190,2.978387,7.886500,1.690306,8.597954,78.662140,69.310638
8.1600733,3.026271,8.329428,1.432930,8.977247,80.815277,70.032761
8.1701965,3.081338,8.705317,1.198298,9.311988,82.606483,70.508057
8.1800365,3.126827,8.881291,1.042675,9.473203,83.680893,70.604416
8.1901007,3.088520,8.832211,0.987608,9.408628,83.974655,70.725868
8.2002707,3.049016,8.652645,1.100136,9.239862,83.161911,70.588585
8.2105637,3.055001,8.464700,1.308431,9.093743,81.727425,70.154938
8.2200985,3.094506,8.333019,1.529895,9.019742,80.234489,69.627289
8.2301750,3.186682,8.286332,1.654393,9.030795,79.444107,68.964706
8.2400656,3.250129,8.356961,1.729811,9.132052,79.080948,68.748306
8.2500935,3.292027,8.493430,1.738190,9.273462,79.196747,68.813820
8.2600594,3.292027,8.668207,1.689109,9.424879,79.675781,69.204132
8.2700090,3.258508,8.820239,1.601721,9.538343,80.332840,69.723984
8.2803698,3.199851,8.960299,1.498770,9.631839,81.048065,70.347633
8.2906017,3.154361,9.129091,1.479617,9.771364,81.290558,70.938515
8.3001776,3.153164,9.301474,1.507150,9.936365,81.275688,71.273537
8.3101244,3.213019,9.495404,1.574188,10.147130,81.075302,71.305405
8.3201361,3.331532,9.660604,1.687912,10.357385,80.620842,70.972862
8.3301239,3.499126,9.800665,1.842338,10.568402,79.960609,70.351944
8.3401594,3.691859,9.864111,2.029086,10.726028,79.095413,69.480537
8.3499174,3.830723,9.844957,2.238579,10.798558,78.035622,68.738739
8.3600397,3.902549,9.736021,2.404976,10.761222,77.086174,68.157303
8.3699875,3.897760,9.578004,2.506729,10.640224,76.373604,67.856178
8.3800297,3.827132,9.414001,2.565387,10.481009,75.832039,67.876480
8.3900948,3.749320,9.273940,2.536657,10.319786,75.770576,67.987228
8.4017315,3.679888,9.133880,2.463634,10.150804,75.953850,68.056313
8.4103127,3.627216,8.983045,2.382231,9.976313,76.184937,68.011902
8.4201374,3.561375,8.889671,2.267309,9.841257,76.680077,68.167999
8.4301281,3.569755,8.883685,2.134431,9.809118,77.432091,68.108124
8.4402084,3.640384,8.931569,1.969231,9.843942,78.460411,67.824875
8.4500332,3.719392,9.023746,1.820790,9.928603,79.432816,67.599609
8.4601841,3.770868,9.211691,1.721431,10.101387,80.188034,67.737930
8.4700775,3.854665,9.469068,1.663970,10.358112,80.755714,67.849762
8.4800930,4.017470,9.660604,1.648408,10.591722,81.046562,67.419464
8.4900770,4.197036,9.665392,1.671153,10.669005,80.988297,66.527908
8.4999475,4.350265,9.507375,1.837550,10.615628,80.031975,65.412712
8.5111847,4.563348,9.301474,2.003947,10.552600,79.053009,63.867207
8.5201473,4.728549,9.391256,2.127248,10.727537,78.562553,63.274498
8.5304890,5.020641,9.537302,2.158373,10.992067,78.675972,62.236717
8.5399761,5.451597,9.652225,2.111686,11.284705,79.214767,60.542145
8.5499706,6.008249,9.607931,2.123657,11.529151,79.385567,57.980499
8.5601625,6.530185,9.340978,2.354697,11.637946,78.326797,55.042984
8.5699854,6.926425,9.011775,2.747346,11.693390,76.411400,52.454220
8.5801086,7.048530,8.813056,3.108871,11.705418,74.597839,51.347786
8.5899286,7.023391,8.853758,3.406949,11.803574,73.223625,51.576206
8.6000557,7.058106,9.017760,3.576937,11.997139,72.653526,51.950085
8.6101198,7.272388,9.185355,3.545813,12.240553,73.161354,51.630028
8.6200323,7.569269,9.324219,3.403358,12.482697,74.178215,50.930798
8.6301880,7.823054,9.440337,3.209427,12.673616,75.330864,50.352009
8.6404791,8.069656,9.509769,3.050213,12.839738,76.257408,49.683231
8.6500902,8.373720,9.482236,2.965219,12.993249,76.808159,48.552422
8.6601725,8.522161,9.246407,2.828749,12.888952,77.322044,47.334080
8.6700993,8.556877,8.871715,2.893393,12.660932,76.789505,46.034901
8.6801510,8.471883,8.536526,3.059790,12.409971,75.726021,45.217758
8.6901550,8.268375,8.232463,3.130419,12.080522,74.981590,44.875301
8.7001991,8.086416,7.924808,3.083732,11.734653,74.764412,44.421707
8.7109451,7.819463,7.659051,2.992752,11.347318,74.707848,44.406239
8.7201042,7.796718,7.529764,2.893393,11.218639,75.053947,44.002136
8.7300034,7.700950,7.447165,2.858677,11.087692,75.058998,44.040180
8.7401991,7.727286,7.442376,3.179500,11.189689,73.492226,43.924023
8.7499762,7.752425,7.382521,3.572149,11.285476,71.547028,43.599945
8.7603559,7.845799,7.317877,3.976769,11.442141,69.662186,43.006058
8.7699881,7.953538,7.290344,4.206613,11.580305,68.699722,42.508884
8.7805777,8.069656,7.249643,4.236540,11.645812,68.667343,41.935989
8.7901850,8.340201,7.161057,4.633977,11.929520,67.142143,40.650024
8.8004446,8.474277,6.995857,5.042189,12.090453,65.352219,39.541050
8.8102903,8.759187,6.807912,5.248090,12.272469,64.682678,37.855461
8.8199930,9.083601,6.783970,5.524621,12.611721,64.020187,36.753742
8.8300333,9.311050,6.900089,5.372589,12.773864,65.128014,36.540833
8.8400860,9.270349,6.883330,4.588488,12.424726,68.327370,36.594269
8.8499870,8.833407,6.930017,4.029441,11.928563,70.257248,38.115025
8.8600721,7.801506,6.856994,3.548207,10.975957,71.139153,41.313274
8.8699856,6.484695,6.791153,3.272874,9.943980,70.783951,46.322372
8.8801250,5.039794,6.694188,3.174711,8.960496,69.249397,53.025330
8.8902521,3.501520,6.539762,2.912546,7.969445,68.563850,61.834511
8.9005680,1.970428,6.262034,2.480393,7.017693,69.301613,72.533157
8.9108391,0.299275,5.853823,2.001553,6.193789,71.146179,87.073318
8.9201517,-1.162385,5.600038,1.517924,5.917402,75.136414,101.726219
8.9300232,-2.543839,5.461174,1.456872,6.198227,76.405632,114.976311
8.9399805,-2.602497,5.632360,1.428141,6.366793,77.037636,114.799850
8.9500456,-3.531447,5.348647,1.854309,6.672151,73.864029,123.434814
8.9605141,-3.366248,5.033809,2.100912,6.409734,70.866585,123.771744
8.9703531,-1.389834,4.845864,3.875015,6.358442,52.451817,106.003334
8.9799528,-0.878672,5.159505,4.894945,7.166104,46.916050,99.664841
8.9900351,-0.733823,5.704185,5.473145,7.939240,46.419037,97.330627
9.0004368,-0.900220,6.192603,5.548563,8.363329,48.437283,98.271156
9.0114384,-1.181539,6.596025,5.282806,8.532973,51.749199,100.155624
9.0201893,-1.381454,6.913258,4.882974,8.575837,55.292480,101.300392
9.0300856,-1.489193,7.111976,4.280833,8.433471,59.495876,101.826431
9.0401897,-1.416170,7.292738,4.171896,8.520228,60.682678,100.989441
9.0502262,-1.019930,7.341819,4.602853,8.725183,58.160843,97.908943
9.0600319,-0.675165,7.041347,5.330690,8.857351,52.998356,95.477104
9.0699940,-0.392649,6.627151,5.983110,8.937053,47.973644,93.390732
9.0799923,-0.215478,5.996278,6.192603,8.622651,44.095699,92.058060
9.0899401,-0.040701,5.420473,6.155493,8.202028,41.367661,90.430214
9.1000147,0.220267,5.064934,6.400898,8.165388,38.380371,87.509857
9.1109095,0.470461,4.924873,6.992266,8.565483,35.280857,84.543236
9.1203127,0.805649,5.121197,7.504625,9.121137,34.636642,81.059700
9.1301775,1.410185,5.649119,7.371747,9.393818,38.302944,75.983757
9.1401100,2.928109,7.645883,6.713342,10.587838,50.649578,69.044891
9.1505432,4.729745,9.429564,7.534553,12.963666,54.464634,63.362255
9.1603832,4.723760,9.255983,7.577648,12.861100,53.900360,62.962658
9.1703920,3.508703,7.693767,7.843405,11.533606,47.152611,65.484886
9.1801472,1.710657,6.084864,8.817844,10.849253,35.633472,74.297562
9.1900272,1.227028,5.607220,8.871715,10.566638,32.902439,77.656532
9.1999998,1.218649,5.740098,8.384495,10.233943,34.986923,78.013817
9.2102375,1.137246,6.025009,7.976283,10.060574,37.549618,79.310944
9.2209167,1.497573,6.669049,7.807492,10.376698,41.200760,77.343849
9.2303753,1.972822,7.465121,8.027759,11.138445,43.885609,75.196754
9.2413778,2.158373,7.996634,8.538920,11.896129,44.127697,74.895218
9.2502298,1.905785,7.923611,8.752005,11.958814,42.958664,76.476112
9.2603178,1.016339,7.202956,8.634688,11.290410,40.112507,81.968575
9.2701216,0.162806,6.415264,8.028955,10.278436,38.634411,88.546265
9.2800579,-0.059855,6.251261,7.381324,9.672940,40.262634,90.548584
9.2900209,-0.244209,6.309918,7.393295,9.722938,40.500767,92.216377
9.3001738,-0.174777,6.284780,7.194576,9.554628,41.149620,91.592957
9.3112383,0.459687,6.833052,6.870162,9.700568,44.909512,86.151283
9.3200216,0.763750,7.645883,6.760028,10.234297,48.659927,84.295624
9.3301725,0.204704,6.738481,6.797139,9.573407,44.764915,88.259979
9.3400936,0.444124,6.605602,7.046135,9.668467,43.216217,86.153534
9.3500891,0.547075,6.311116,7.453150,9.781560,40.362778,85.045738
9.3599968,0.571017,5.837064,7.256825,9.330535,38.944954,84.412758
9.3701353,0.177171,3.363853,7.034164,7.799126,25.588799,86.985069
9.3803692,1.555034,4.557363,8.443152,9.719800,29.697289,71.159660
9.3900480,2.171541,6.544550,9.307459,11.583416,36.532829,71.643692
9.4000406,2.785654,8.708909,8.566454,12.529529,46.866447,72.262474
9.4103775,1.965640,8.836999,7.539341,11.781255,50.212372,77.459686
9.4200783,1.243788,7.680599,6.628347,10.221233,49.572296,80.801437
9.4299879,0.742203,6.896498,7.079654,9.911309,44.414085,83.857460
9.4402046,0.114922,6.211756,7.287950,9.576708,40.446873,88.940109
9.4499779,0.204704,6.263232,7.206547,9.550095,41.009148,88.128044
9.4600163,0.265756,6.272809,6.465542,9.012324,44.158848,87.574036
9.4698286,-0.128090,6.274005,6.731298,9.202713,42.992153,91.169586
9.4798346,-1.041478,6.166266,6.994660,9.382579,41.798416,99.586739
9.4899616,-1.617283,6.101623,6.817489,9.291047,42.796638,104.845322
9.4999504,-1.896208,5.960365,6.710948,9.173787,42.984756,107.647751
9.5100431,-1.634043,5.959168,6.932411,9.286555,41.711918,105.333977
9.5199986,-0.902614,6.165070,7.268796,9.573829,40.603100,98.329369
9.5299778,-0.298078,6.355408,7.528567,9.856946,40.201157,92.685287
9.5398827,-0.111330,6.525397,7.776367,10.152098,40.005184,90.977432
9.5520821,-0.372298,6.436811,7.997831,10.273093,38.874535,93.310242
9.5604010,-0.594959,6.390124,7.975086,10.236682,38.824547,95.319244
9.5699615,-0.733823,6.501455,7.839813,10.211272,39.846775,96.439751
9.5799685,-0.806846,6.481104,7.657854,10.064713,40.459778,97.096359
9.5899830,-1.024718,6.285976,7.647080,9.951954,39.789581,99.258720
9.6001310,-1.151611,6.076484,7.645883,9.834093,38.968910,100.731384
9.6102314,-1.156399,5.899313,7.678205,9.751615,38.058865,101.090652
9.6200743,-1.133654,5.740098,7.566875,9.565119,37.712463,101.171989
9.6304359,-0.918176,6.180632,7.480683,9.746993,39.871307,98.449890
9.6401243,-1.140837,6.578069,7.247249,9.853685,42.651695,99.838959
9.6499357,-1.486799,6.495469,7.171831,9.789630,42.895638,102.892776
9.6603079,-1.485602,6.447585,7.094019,9.700695,43.005367,102.975189
9.6700621,-1.358709,6.477513,7.088034,9.697654,43.037937,101.846489
9.6800337,-1.296460,6.350620,7.034164,9.565074,42.658897,101.538216
9.6901169,-1.323994,6.263232,7.037756,9.513729,42.290104,101.936111
9.7000189,-1.438915,6.269217,7.127539,9.600801,42.064590,102.926682
9.7105627,-1.636437,6.100426,7.201759,9.579063,41.251469,105.016060
9.7200365,-1.624466,6.065710,7.189788,9.545930,41.133549,104.992630
9.7305546,-1.630451,5.881356,7.210138,9.446418,40.246944,105.494637
9.7401352,-1.267730,5.542577,6.384139,8.548949,41.688236,102.883400
9.7502155,-1.145625,5.983110,7.465121,9.635252,39.215656,100.839600
9.7601814,-1.253365,6.422446,7.095217,9.651986,42.683968,101.042694
9.7699928,-1.379060,6.404490,7.029376,9.608924,42.983788,102.151794
9.7802353,-1.312023,6.397307,6.998251,9.571962,43.019646,101.590065
9.7900877,-1.276109,6.335058,6.981492,9.513288,42.788395,101.389030
9.8004704,-1.179144,6.274005,6.986280,9.463701,42.420113,100.644073
9.8111811,-0.984017,6.229713,6.968324,9.398678,42.147877,98.976021
9.8201513,-0.700304,6.439206,6.795941,9.388217,43.624252,96.206879
9.8300133,-0.861913,6.312313,6.855796,9.358959,42.900383,97.775352
9.8401556,-1.078588,6.222530,7.115568,9.513913,41.590191,99.833710
9.8499861,-1.242591,6.270414,7.278373,9.686942,41.291744,101.208923
9.8608789,-1.229423,6.435614,7.425617,9.902948,41.423565,100.815147
9.8699608,-1.114501,6.665458,7.425617,10.040430,42.305069,99.492355
9.8801785,-1.033098,6.617573,7.392098,9.975103,42.178658,98.873070
9.8901014,-0.905008,6.478710,7.399281,9.876339,41.479507,97.952164
9.9001379,-0.968455,6.370971,7.845799,10.153016,39.398022,98.643394
9.9104767,-1.107318,6.436811,7.785944,10.162658,39.992138,99.760994
9.9200401,-1.077391,6.478710,7.648277,10.081201,40.653149,99.441719
9.9300985,-1.048660,6.557718,7.475895,9.999619,41.615536,99.085381
9.9399672,-1.052252,6.550536,7.354988,9.905180,42.051804,99.125801
9.9500551,-1.021127,6.562507,7.298724,9.868159,42.300636,98.844307
9.9602108,-1.010353,6.676231,7.546524,10.126347,41.820576,98.605606
9.9700356,-1.118092,6.654684,7.607576,10.169079,41.573189,99.537514
9.9801378,-1.268927,6.411672,7.432799,9.897788,41.326778,101.194679
9.9901161,-1.361104,6.209362,7.242460,9.636494,41.273792,102.363792
10.0001545,-1.300052,6.274005,7.058106,9.532583,42.232872,101.706718
10.0102072,-1.238999,6.417658,7.058106,9.619683,42.801250,100.927139
10.0200176,-1.215057,6.501455,7.267599,9.826662,42.304382,100.585892
10.0302639,-1.028310,6.847417,7.509414,10.214491,42.678200,98.540558
10.0401525,-0.841562,7.165846,7.559692,10.450192,43.663914,96.698174
10.0500994,-0.847547,6.855796,7.399281,10.122728,43.033306,97.047432
10.0602665,-0.871489,6.540959,7.390901,9.908030,41.759190,97.589149
10.0702963,-1.007959,6.464345,7.303512,9.805357,41.853851,98.862534
10.0802574,-1.289278,6.405687,7.055712,9.616555,42.802116,101.379929
10.0904455,-1.477222,6.458359,6.920440,9.580453,43.751156,102.883652
10.1001348,-1.424550,6.746861,6.860585,9.727132,45.145893,101.922470
10.1102695,-1.333570,6.904878,6.967127,9.899323,45.267460,100.931206
10.1200848,-1.284489,6.861782,7.202956,10.030780,44.103374,100.602753
10.1301489,-1.227028,6.594829,7.281964,9.900725,42.650681,100.539886
10.1399317,-0.991199,6.615179,7.359776,9.945319,42.266533,98.521637
10.1499653,-0.852336,6.737284,7.359776,10.014178,42.698227,97.210205
10.1601868,-0.780510,6.845023,7.407660,10.116173,42.923878,96.505104
10.1714268,-0.921768,6.663064,7.443573,10.032589,42.103111,97.876305
10.1804810,-1.053449,6.518214,7.444770,9.950953,41.569931,99.180542
10.1904106,-1.102530,6.594829,7.339425,9.928469,42.334106,99.490990
10.2001238,-1.124078,6.766014,7.265205,9.991282,43.351631,99.432732
10.2100306,-1.124078,6.788759,7.217321,9.971987,43.634243,99.401695
10.2199802,-1.088165,6.812701,7.188591,9.963575,43.822609,99.074966
10.2299576,-1.023521,6.845023,7.141904,9.945287,44.100563,98.504303
10.2400236,-1.053449,6.771999,7.119159,9.881910,43.910557,98.842033
10.2507210,-1.090559,6.737284,7.175423,9.902879,43.566124,99.194672
10.2601128,-1.174356,6.539762,7.190985,9.790703,42.737488,100.180199
10.2699614,-1.272518,6.366182,7.240066,9.724512,41.882359,101.303719
10.2805309,-1.358709,6.332664,7.259220,9.728565,41.739811,102.109550
10.2901182,-1.265336,6.430826,7.228095,9.757149,42.200401,101.131378
10.3001032,-1.070208,6.610391,7.153875,9.799007,43.108479,99.196274
10.3100243,-0.978031,6.671443,7.206547,9.869094,43.095692,98.340134
10.3201141,-0.998382,6.588843,7.337031,9.911692,42.248135,98.616264
10.3316498,-1.055843,6.478710,7.444770,9.925376,41.403179,99.256187
10.3400412,-1.155202,6.392519,7.457938,9.890381,41.056721,100.243462
10.3502846,-1.242591,6.214150,7.322666,9.684066,40.873505,101.307808
10.3600502,-1.115698,6.129156,7.223307,9.538736,40.776733,100.316666
10.3705616,-1.006762,6.506243,7.371747,9.883695,41.767899,98.796059
10.3803539,-1.122881,6.500257,7.447165,9.948591,41.533798,99.800781
10.3906946,-1.267730,6.394913,7.362170,9.833798,41.525578,101.212959
10.4001398,-1.261744,6.484695,7.217321,9.784324,42.469128,101.010620
10.4099922,-1.187524,6.558916,7.157466,9.780537,42.961899,100.262512
10.4200497,-1.168370,6.476315,7.163452,9.727425,42.572819,100.226540
10.4300585,-1.223437,6.347029,7.180211,9.661108,41.994606,100.910378
10.4399633,-1.259350,6.400898,7.260417,9.760693,41.940239,101.130539
10.4507914,-1.243788,6.555324,7.299921,9.889799,42.427948,100.743423
10.4601593,-1.234211,6.588843,7.273585,9.891469,42.664116,100.609596
10.4702072,-1.176750,6.579266,7.164649,9.798146,43.010818,100.140549
10.4801006,-1.149217,6.613982,7.080852,9.757250,43.472759,99.857056
10.4901590,-1.235408,6.592434,7.079654,9.752329,43.452484,100.613998
10.5000744,-1.314417,6.578069,7.120356,9.782543,43.292419,101.299904
10.5099993,-1.362301,6.540959,7.061698,9.721501,43.414566,101.764938
10.5200853,-1.377863,6.448782,7.029376,9.638331,43.171032,102.060616
10.5313301,-1.261744,6.473921,6.992266,9.612255,43.328426,101.028496
10.5401278,-1.163582,6.568492,7.015011,9.680362,43.559090,100.045502
10.5505505,-1.067814,6.837840,7.140707,9.944142,44.103672,98.875763
10.5601540,-1.169568,6.821081,7.085640,9.904612,44.324997,99.729530
10.5700035,-1.265336,6.557718,7.024588,9.692759,43.553997,100.921211
10.5800762,-1.253365,6.415264,7.082048,9.637527,42.706234,101.054756
10.5901108,-1.201889,6.463148,7.078457,9.660298,42.883663,100.534416
10.6004295,-1.174356,6.545747,7.031770,9.678414,43.402760,100.171089
10.6100597,-1.146823,6.572083,7.010222,9.677329,43.581341,99.898399
10.6200676,-1.053449,6.624756,7.073669,9.748535,43.480091,99.035355
10.6307306,-1.004368,6.602011,7.186196,9.810032,42.900623,98.650116
10.6401587,-1.000776,6.537368,7.253234,9.815708,42.358677,98.703583
10.6500664,-1.073799,6.513426,7.252037,9.806621,42.310799,99.361542
10.6601267,-1.169568,6.574478,7.144298,9.779195,43.066559,100.087112
10.6701832,-1.249773,6.602011,6.997055,9.700890,43.839764,100.719360
10.6818504,-1.314417,6.591237,6.963536,9.677960,43.984711,101.277908
10.6899757,-1.254562,6.575675,6.921637,9.629251,44.043385,100.801552
10.7000628,-1.037886,6.598420,6.890512,9.596641,44.109329,98.938995
10.7099762,-0.818817,6.706159,7.047333,9.762578,43.790741,96.961311
10.7201090,-0.744597,6.860585,7.375339,10.100380,43.096497,96.194214
10.7305794,-0.878672,6.722919,7.422025,10.052669,42.412014,97.446236
10.7401409,-0.975637,6.512228,7.241263,9.787588,42.282093,98.520462
10.7500515,-1.001973,6.452374,7.034164,9.597736,42.870079,98.826820
10.7600937,-1.060631,6.481104,7.074866,9.653153,42.869324,99.294060
10.7700348,-1.100136,6.604405,7.244854,9.864906,42.742882,99.457268
10.7800446,-1.171962,6.677429,7.328651,9.983521,42.770897,99.954651
10.7900620,-1.134852,6.751649,7.259220,9.978423,43.323479,99.541374
10.8001022,-1.051055,6.785168,7.140707,9.906205,43.876812,98.805405
10.8103514,-0.910994,6.836643,7.170634,9.949251,43.885960,97.590042
10.8200912,-0.843956,6.937200,7.170634,10.012741,44.262394,96.936325
10.8306551,-0.822408,7.017405,7.347805,10.193653,43.877647,96.684319
10.8400688,-0.755371,7.042544,7.381324,10.229954,43.818207,96.122040
10.8502026,-0.811634,6.834249,7.309498,10.039644,43.275711,96.772720
10.8604803,-0.865504,6.751649,7.284359,9.969741,43.059361,97.304993
10.8706150,-0.913388,6.783970,7.237672,9.961948,43.403580,97.668144
10.8813553,-0.877475,6.924031,7.220912,10.042597,44.025677,97.222534
10.8899355,-0.933739,6.853402,7.210138,9.991350,43.810116,97.758469
10.9000435,-0.919373,6.854599,7.202956,9.985658,43.835594,97.639206
10.9099579,-0.894234,6.904878,7.149086,9.979300,44.242638,97.379166
10.9201479,-0.857124,6.941988,7.034164,9.919946,44.838829,97.038658
10.9301348,-0.842759,6.937200,6.993463,9.886531,44.978443,96.926582
10.9399834,-0.829591,6.924031,6.997055,9.878725,44.903618,96.832230
10.9500952,-0.799663,6.931214,6.999449,9.882989,44.908752,96.581192
10.9601173,-0.736217,6.922834,6.971915,9.852677,44.958698,96.070374
10.9699726,-0.697910,6.927623,6.994660,9.869362,44.868755,95.752739
10.9802952,-0.705092,6.943185,7.025785,9.902860,44.808163,95.798607
10.9902706,-0.773327,6.913258,7.015011,9.879349,44.759537,96.382660
11.0002480,-0.885855,6.798336,6.956353,9.766932,44.582924,97.424072
11.0099411,-0.979228,6.725313,6.866570,9.661186,44.705021,98.284248
11.0200377,-1.017536,6.758832,6.833052,9.664770,45.008156,98.561531
11.0306435,-1.022324,6.761226,6.827066,9.662720,45.046173,98.598221
11.0400286,-0.943315,6.795941,6.816292,9.671427,45.187691,97.902489
11.0499096,-0.847547,6.858191,6.848614,9.729164,45.257141,97.044998
11.0600061,-0.756568,6.900089,6.918046,9.800152,45.096722,96.257263
11.0699835,-0.758962,6.902483,6.987478,9.851150,44.821537,96.274742
11.0800695,-0.761356,6.906075,7.009026,9.869143,44.749134,96.291138
11.0899715,-0.707487,6.947973,7.042544,9.918281,44.760448,95.814178
11.1000919,-0.691924,6.921637,7.064092,9.914092,44.558826,95.708633
11.1101398,-0.678756,6.921637,7.097611,9.937095,44.417892,95.600685
11.1200352,-0.695516,6.848614,7.138312,9.916792,43.960320,95.798828
11.1313763,-0.748188,6.829460,7.137115,9.906549,43.908836,96.251991
11.1399841,-0.778116,6.846220,7.122750,9.910084,44.049641,96.484200
11.1499968,-0.804452,6.859388,7.091625,9.898964,44.241886,96.688950
11.1601048,-0.833182,6.836643,7.041347,9.849591,44.366039,96.948380
11.1701469,-0.883460,6.606800,7.273585,9.865868,42.502544,97.616402
11.1805019,-0.748188,6.687006,7.447165,10.036736,42.098736,96.384094
