Keuwl Accelerometer Data File
2019-06-26 17-28-07

Time (s), X (m/s2), Y (m/s2), Z (m/s2), R (m/s2), Theta (deg), Phi (deg)
0.0000000,3.957615,8.396465,2.477999,9.607489,75.053108,64.763481
0.0098970,4.006697,8.447941,2.525883,9.685113,74.882431,64.625908
0.0198530,4.054581,8.601170,2.410961,9.809815,75.772636,64.760864
0.0298890,4.079720,8.825027,2.317587,9.994821,76.592293,65.189384
0.0398740,4.033033,8.963891,2.317587,10.098907,76.733017,65.776070
0.0499850,3.937265,8.936357,2.354697,10.045155,76.443077,66.222214
0.0600540,3.930082,8.906430,2.460042,10.041009,75.818192,66.189888
0.0700150,4.127604,8.916007,2.637213,10.172865,74.975029,65.158546
0.0799680,4.362236,8.987833,2.786851,10.371922,74.413567,64.110428
0.0899610,4.475960,8.974665,2.800019,10.412441,74.400528,63.493061
0.1012100,4.436456,9.107543,2.738967,10.494352,74.870926,64.028412
0.1101780,4.011485,8.835801,2.646790,10.058275,74.743210,65.581779
0.1202260,3.539827,8.329428,2.667141,9.435220,73.579826,66.975555
0.1304050,3.465607,8.233660,2.658761,9.320546,73.425720,67.173424
0.1405870,3.642778,8.352173,2.632425,9.484633,73.886185,66.435707
0.1505590,3.895366,8.522161,2.592921,9.722363,74.532211,65.435486
0.1603660,4.181473,8.694544,2.574964,9.985502,75.056274,64.315666
0.1707750,4.322731,8.754398,2.516306,10.082524,75.547874,63.720844
0.1804070,4.230555,8.644265,2.501941,9.943873,75.427414,63.922600
0.1899960,4.174291,8.615535,2.501941,9.895041,75.353897,64.149467
0.2008190,4.066552,8.567651,2.421735,9.788069,75.675278,64.609100
0.2102920,3.934870,8.486248,2.396596,9.656257,75.629509,65.123970
0.2200520,3.866636,8.474277,2.342726,9.604822,75.882484,65.473778
0.2301040,3.853468,8.506598,2.248155,9.605500,76.464447,65.629593
0.2402280,3.833117,8.528147,2.169147,9.598295,76.938728,65.797676
0.2504320,3.865439,8.550891,2.194286,9.637129,76.838844,65.674606
0.2603510,3.963601,8.614338,2.188300,9.731681,77.005142,65.292053
0.2702540,4.011485,8.615535,2.201468,9.755302,76.957787,65.032806
0.2800810,4.076128,8.652645,2.269703,9.830292,76.650604,64.775597
0.2901750,4.134786,8.689755,2.303222,9.895107,76.540161,64.553818
0.3008150,4.162320,8.668207,2.286463,9.883858,76.624435,64.350510
0.3102390,4.167108,8.621520,2.305616,9.849429,76.462234,64.203758
0.3200620,4.247314,8.632295,2.347515,9.902879,76.287285,63.801613
0.3301250,4.280833,8.599973,2.363077,9.892886,76.180359,63.537125
0.3400950,4.292804,8.571242,2.383428,9.878010,76.037529,63.396553
0.3500380,4.329914,8.585608,2.398990,9.910397,75.991371,63.237171
0.3606980,4.313154,8.562862,2.369063,9.876151,76.120712,63.265388
0.3700950,4.277241,8.555679,2.334347,9.845995,76.285385,63.438156
0.3799940,4.201824,8.536526,2.347515,9.799919,76.140350,63.792801
0.3900920,4.175488,8.529344,2.366668,9.787008,76.006172,63.916222
0.4005840,4.247314,8.559271,2.353500,9.840719,76.163071,63.608299
0.4100870,4.396951,8.667010,2.317587,9.991069,76.587158,63.100388
0.4202100,4.380192,8.658630,2.321178,9.977265,76.547050,63.166256
0.4301950,4.364630,8.670602,2.312799,9.978896,76.598755,63.280113
0.4400780,4.328717,8.658630,2.278083,9.944815,76.757530,63.438118
0.4500360,4.283227,8.629900,2.282871,9.901147,76.669586,63.603691
0.4600580,4.303577,8.653842,2.291251,9.932754,76.663109,63.558727
0.4701540,4.323928,8.672996,2.322376,9.965472,76.523758,63.501415
0.4800380,4.357447,8.710106,2.305616,10.008454,76.681328,63.422352
0.4900880,4.387374,8.744822,2.330755,10.057504,76.600296,63.356567
0.5015190,4.410120,8.729259,2.323573,10.052269,76.635269,63.196583
0.5099530,4.414908,8.708909,2.327164,10.037539,76.594215,63.117657
0.5199170,4.405331,8.687361,2.346318,10.019101,76.456444,63.110588
0.5300190,4.389769,8.649054,2.331953,9.975680,76.481239,63.090237
0.5400780,4.386178,8.625112,2.353500,9.958417,76.329803,63.045036
0.5500670,4.381389,8.613141,2.325967,9.939462,76.466530,63.038170
0.5599340,4.370615,8.614338,2.305616,9.931010,76.575531,63.098351
0.5703160,4.357447,8.621520,2.296039,9.929236,76.629898,63.187271
0.5799780,4.340688,8.638280,2.288857,9.934803,76.680099,63.320724
0.5902070,4.307169,8.609550,2.264915,9.889686,76.760742,63.422203
0.6002010,4.270059,8.573636,2.233790,9.835164,76.872261,63.524616
0.6105900,4.230555,8.561666,2.202666,9.800584,77.011917,63.704758
0.6200670,4.207809,8.542512,2.202666,9.774042,76.976028,63.776394
0.6302570,4.193444,8.507795,2.221819,9.741870,76.816582,63.761574
0.6400350,4.183867,8.465898,2.221819,9.701167,76.760269,63.701305
0.6504000,4.192247,8.447941,2.201468,9.684478,76.860703,63.607330
0.6601360,4.191050,8.488642,2.189497,9.716782,76.977623,63.723320
0.6700690,4.174291,8.549694,2.164358,9.757378,77.184189,63.976585
0.6799850,4.161122,8.611943,2.099715,9.792309,77.618210,64.211075
0.6902640,4.161122,8.633492,2.011129,9.792689,78.148811,64.267120
0.7007690,4.157531,8.627506,1.950077,9.773521,78.490723,64.270927
0.7100860,4.175488,8.601170,1.964442,9.760833,78.389488,64.105476
0.7200019,4.200627,8.547300,2.024297,9.736498,78.000206,63.827888
0.7298970,4.210204,8.505402,2.100912,9.720160,77.517601,63.664429
0.7399350,4.219780,8.489840,2.191892,9.730792,76.982231,63.570835
0.7507120,4.238934,8.519767,2.249352,9.778271,76.700821,63.547768
0.7600380,4.274847,8.576031,2.267309,9.846994,76.687981,63.505371
0.7719730,4.319140,8.597578,2.274492,9.886689,76.699638,63.326553
0.7899520,4.402937,8.593987,2.421735,9.955264,75.920868,62.872684
0.7999830,4.447230,8.619126,2.475605,10.009786,75.681114,62.707523
0.8099599,4.465186,8.680179,2.479196,10.071237,75.749252,62.778175
0.8199070,4.468778,8.736442,2.445677,10.113195,76.005409,62.909801
0.8300380,4.480749,8.796297,2.369063,10.152064,76.505165,63.006145
0.8399340,4.463989,8.805874,2.315193,10.140549,76.802383,63.118038
0.8500990,4.446033,8.749610,2.325967,10.086278,76.667183,63.063026
0.8599650,4.425682,8.726865,2.353500,10.063985,76.475937,63.108925
0.8699150,4.368221,8.694544,2.355895,10.011328,76.389343,63.324615
0.8800760,4.298789,8.645462,2.347515,9.936520,76.334610,63.562023
0.8899940,4.268862,8.619126,2.313996,9.892780,76.472763,63.651810
0.8999580,4.267664,8.617929,2.287660,9.885093,76.619003,63.655037
0.9103169,4.311957,8.617929,2.260126,9.897972,76.800499,63.419033
0.9202390,4.355053,8.593987,2.240973,9.891666,76.905869,63.126122
0.9303060,4.367024,8.579621,2.257732,9.888284,76.801582,63.023922
0.9399890,4.347870,8.564059,2.286463,9.872943,76.609375,63.083641
0.9499239,4.295198,8.535329,2.294842,9.826844,76.495140,63.287277
0.9600949,4.256891,8.519767,2.258929,9.788274,76.657051,63.451050
0.9700440,4.198233,8.501810,2.214637,9.737071,76.853378,63.719627
0.9801199,4.182671,8.525752,2.201468,9.748315,76.948273,63.867775
0.9902590,4.193444,8.566454,2.201468,9.788543,77.002853,63.917362
0.9999719,4.205415,8.634688,2.169147,9.846246,77.273232,64.032188
1.0099510,4.204218,8.676587,2.099715,9.867494,77.714027,64.147606
1.0199130,4.173094,8.684967,2.050634,9.851317,77.985550,64.335892
1.0300870,4.143166,8.662222,2.036268,9.815616,78.026932,64.438072
1.0398730,4.120421,8.611943,2.053028,9.765161,77.863579,64.431015
1.0502100,4.138378,8.603564,2.097321,9.774776,77.610016,64.312103
1.0599380,4.174291,8.584411,2.120066,9.778112,77.477821,64.068008
1.0700220,4.218584,8.583213,2.151190,9.802836,77.323524,63.826237
1.0799439,4.276044,8.591593,2.214637,9.849093,77.005539,63.540424
1.0899700,4.325125,8.602366,2.225410,9.882301,76.985863,63.307518
1.1002229,4.365827,8.613141,2.232593,9.911160,76.981804,63.120476
1.1100971,4.378995,8.608353,2.249352,9.916598,76.889664,63.037952
1.1198620,4.393360,8.604761,2.268506,9.924195,76.786316,62.952362
1.1300260,4.424485,8.616732,2.293645,9.954142,76.678131,62.820591
1.1401560,4.437653,8.637083,2.279280,9.974321,76.790352,62.806324
1.1498909,4.420894,8.645462,2.274492,9.973045,76.816887,62.916874
1.1602160,4.404134,8.657434,2.261323,9.973021,76.894539,63.037048
1.1700159,4.406528,8.638280,2.232593,9.950972,77.034798,62.973129
1.1800880,4.400543,8.617929,2.233790,9.930926,77.001076,62.949944
1.1899450,4.395754,8.596381,2.264915,9.917170,76.798096,62.917095
1.1999879,4.404134,8.579621,2.278083,9.909388,76.709320,62.827438
1.2100720,4.418499,8.588001,2.280477,9.923582,76.714478,62.774323
1.2203200,4.424485,8.608353,2.256535,9.938397,76.876411,62.797935
1.2300519,4.413711,8.631097,2.195483,9.939659,77.239212,62.916016
1.2398570,4.400543,8.605958,2.188300,9.910396,77.243469,62.917671
1.2501259,4.387374,8.576031,2.195483,9.880157,77.161049,62.906364
1.2598870,4.396951,8.572439,2.220622,9.886913,77.020515,62.845932
1.2699869,4.389769,8.592790,2.246958,9.907317,76.891380,62.939034
1.2799900,4.381389,8.633492,2.261323,9.942200,76.853188,63.092777
1.2900981,4.374207,8.657434,2.239776,9.954970,76.997665,63.194611
1.3000889,4.378995,8.675390,2.195483,9.962838,77.269394,63.217155
1.3099979,4.390966,8.670602,2.166753,9.957647,77.432076,63.141434
1.3198950,4.381389,8.651448,2.149993,9.933106,77.499557,63.140789
1.3301439,4.355053,8.610746,2.151190,9.886306,77.432304,63.171104
1.3399830,4.322731,8.578424,2.217031,9.858529,77.003914,63.256130
1.3500040,4.308366,8.548497,2.245761,9.832714,76.797295,63.252308
1.3599449,4.308366,8.562862,2.236184,9.843025,76.868622,63.290951
1.3699579,4.333505,8.549694,2.221819,9.839360,76.949524,63.121334
1.3802800,4.358644,8.531737,2.223016,9.835148,76.936676,62.938686
1.3902589,4.356250,8.512584,2.244564,9.822375,76.790314,62.899250
1.4002349,4.328717,8.525752,2.286463,9.831285,76.551567,63.082066
1.4100020,4.340688,8.558074,2.290054,9.865421,76.577530,63.105701
1.4199010,4.353856,8.584411,2.257732,9.886633,76.799339,63.106712
1.4301610,4.369418,8.597578,2.224213,9.897338,77.013092,63.059639
1.4399960,4.362236,8.610746,2.203863,9.901064,77.138885,63.133060
1.4500610,4.361038,8.616732,2.200271,9.904943,77.165321,63.155445
1.4599650,4.332308,8.597578,2.201468,9.875916,77.119827,63.256527
1.4699050,4.304775,8.580819,2.209848,9.851141,77.036865,63.358265
1.4799709,4.274847,8.567651,2.220622,9.829044,76.942749,63.483002
1.4900210,4.262876,8.561666,2.243367,9.823793,76.799431,63.531166
1.5001030,4.282030,8.571242,2.237381,9.839098,76.856133,63.454159
1.5103709,4.304775,8.590396,2.224213,9.862714,76.966698,63.383873
1.5199440,4.328717,8.573636,2.226608,9.859148,76.947617,63.211388
1.5300500,4.332308,8.541314,2.201468,9.826973,77.054565,63.105057
1.5398641,4.319140,8.519767,2.214637,9.805408,76.946625,63.117035
1.5499820,4.313154,8.511387,2.236184,9.800384,76.810455,63.126339
1.5601948,4.325125,8.522161,2.237381,9.815285,76.823669,63.091518
1.5704459,4.349067,8.541314,2.225410,9.839761,76.928596,63.015709
1.5800240,4.361038,8.554482,2.196680,9.850037,77.113976,62.987709
1.5899490,4.371812,8.558074,2.195483,9.857663,77.131248,62.940205
1.5998530,4.380192,8.560468,2.232593,9.871786,76.928963,62.902233
1.6100459,4.384980,8.559271,2.242170,9.875044,76.876297,62.873589
1.6199119,4.386178,8.544906,2.254141,9.865856,76.792458,62.828159
1.6300730,4.368221,8.530540,2.261323,9.847084,76.723885,62.884445
1.6399670,4.364630,8.510190,2.260126,9.827589,76.704239,62.848026
1.6500369,4.378995,8.548497,2.264915,9.868244,76.731453,62.876060
1.6599960,4.408922,8.584411,2.290054,9.918420,76.650581,62.815132
1.6701339,4.449624,8.596381,2.286463,9.946096,76.709671,62.633194
1.6799929,4.466383,8.566454,2.290054,9.928598,76.664520,62.463337
1.6899540,4.449624,8.549694,2.278083,9.903842,76.701744,62.505615
1.7000079,4.425682,8.531737,2.272097,9.876216,76.699547,62.582802
1.7099900,4.407725,8.522161,2.272097,9.859903,76.677132,62.651657
1.7199730,4.396951,8.517372,2.266112,9.849572,76.698685,62.695709
1.7302879,4.376601,8.510190,2.244564,9.829346,76.799850,62.784252
1.7402279,4.374207,8.511387,2.231396,9.826317,76.874565,62.800278
1.7500440,4.407725,8.507795,2.219425,9.835470,76.958588,62.612194
1.7600020,4.428076,8.510190,2.223016,9.847486,76.953339,62.510853
1.7699480,4.448427,8.500613,2.205060,9.844349,77.056366,62.376640
1.7800409,4.431667,8.485051,2.219425,9.826577,76.946579,62.422333
1.7900660,4.414908,8.482656,2.251747,9.824319,76.749947,62.504696
1.7998739,4.419696,8.491036,2.257732,9.835078,76.728882,62.502430
1.8101780,4.425682,8.494628,2.250550,9.839225,76.777542,62.480587
1.8201579,4.442441,8.495825,2.206257,9.837779,77.040413,62.395065
1.8300519,4.430470,8.504205,2.183512,9.834545,77.172020,62.481651
1.8399689,4.417302,8.493430,2.219425,9.827348,76.947624,62.521755
1.8501220,4.428076,8.443152,2.227805,9.790699,76.847542,62.324890
1.8600029,4.437653,8.388085,2.181118,9.737043,77.055794,62.119259
1.8699549,4.463989,8.425196,2.179921,9.780755,77.121841,62.083656
1.8803179,4.525041,8.583213,2.311602,9.974520,76.599838,62.201954
1.8902220,4.619612,8.646660,2.421735,10.098037,76.123947,61.885948
1.8998840,4.681861,8.615535,2.404976,10.096097,76.219177,61.479420
1.9103069,4.644751,8.538920,2.378639,10.007237,76.249641,61.455994
1.9199960,4.599261,8.489840,2.389413,9.946853,76.100594,61.553951
1.9300740,4.598064,8.487445,2.415750,9.950616,75.949684,61.553425
1.9401599,4.636372,8.492233,2.359486,9.958973,76.295135,61.367474
1.9500860,4.632780,8.493430,2.293645,9.942928,76.662827,61.389542
1.9599409,4.545392,8.481460,2.226608,9.876919,76.971512,61.812210
1.9701869,4.462792,8.447941,2.232593,9.811661,76.847427,62.153858
1.9799449,4.429273,8.427590,2.256535,9.784410,76.666100,62.275013
1.9898989,4.416105,8.401254,2.269703,9.758821,76.551010,62.271412
2.0000060,4.380192,8.410830,2.278083,9.752836,76.491974,62.490406
2.0100720,4.345476,8.431181,2.279280,9.755157,76.488022,62.733177
2.0204940,4.353856,8.487445,2.251747,9.801181,76.718094,62.843266
2.0301800,4.390966,8.516175,2.220622,9.835496,76.951469,62.724232
2.0399299,4.436456,8.507795,2.169147,9.837171,77.261299,62.459862
2.0500579,4.492720,8.517372,2.163161,9.869621,77.339493,62.189377
2.0599070,4.572925,8.511387,2.173935,9.903603,77.319771,61.752132
2.0703599,4.602853,8.489840,2.181118,9.900551,77.273186,61.535213
2.0802629,4.617218,8.471883,2.225410,9.901714,77.011818,61.409397
2.0899780,4.614824,8.445546,2.275689,9.889520,76.696388,61.346882
2.0999489,4.619612,8.410830,2.316390,9.871603,76.428894,61.222401
2.1103280,4.589684,8.373720,2.315193,9.825706,76.371468,61.272598
2.1200399,4.566940,8.365341,2.335544,9.812779,76.230858,61.368290
2.1300759,4.572925,8.403648,2.328361,9.846533,76.321999,61.446758
2.1399400,4.593276,8.410830,2.309207,9.857621,76.452225,61.360409
2.1499808,4.610035,8.427590,2.233790,9.862379,76.909134,61.320591
2.1600389,4.606444,8.425196,2.152387,9.840529,77.365738,61.332535
2.1699948,4.548983,8.398860,2.070984,9.773590,77.766518,61.559177
2.1801269,4.508282,8.394072,2.069787,9.750336,77.744087,61.760677
2.1899319,4.510676,8.400057,2.076970,9.758122,77.710854,61.765018
2.1998751,4.516662,8.382100,2.078167,9.745697,77.687744,61.682167
2.2101650,4.550180,8.353370,2.091335,9.739435,77.600395,61.422340
2.2199759,4.586093,8.347384,2.130840,9.759690,77.389000,61.215393
2.2302909,4.650737,8.347384,2.190695,9.803434,77.087547,60.875679
2.2398660,4.702212,8.349778,2.237381,9.840502,76.858040,60.613781
2.2501659,4.752491,8.382100,2.236184,9.891728,76.934425,60.447594
2.2600698,4.765658,8.409634,2.233790,9.920850,76.987648,60.460190
2.2701280,4.780024,8.428787,2.238579,9.945065,76.991570,60.442127
2.2808919,4.799177,8.438364,2.248155,9.964551,76.960938,60.371674
2.2900491,4.801571,8.452729,2.254141,9.979222,76.945168,60.401268
2.3000779,4.768053,8.464700,2.280477,9.979280,76.789978,60.608021
2.3099279,4.726154,8.458714,2.272097,9.952327,76.803108,60.806511
2.3199999,4.696227,8.446744,2.234987,9.919536,76.978790,60.926785
2.3299589,4.674679,8.446744,2.166753,9.894186,77.350136,61.038555
2.3399260,4.645948,8.423999,2.100912,9.846950,77.680870,61.122673
2.3502541,4.626795,8.395268,2.106898,9.814620,77.603874,61.139992
2.3607438,4.668694,8.408437,2.090138,9.842113,77.738907,60.959248
2.3714271,4.708198,8.433576,2.085350,9.881347,77.816750,60.826763
2.3802419,4.763264,8.408437,2.112883,9.892158,77.667076,60.469040
2.3910420,4.844667,8.365341,2.136825,9.900291,77.535507,59.923340
2.4001820,4.866215,8.322245,2.185906,9.885241,77.224693,59.684158
2.4103060,4.857835,8.311471,2.240973,9.884385,76.896049,59.694843
2.4203141,4.857835,8.328231,2.243367,9.899024,76.901543,59.745098
2.4300690,4.880580,8.358158,2.243367,9.935369,76.950310,59.718060
2.4404311,4.918888,8.380903,2.188300,9.961107,77.309502,59.590637
2.4502540,4.922479,8.377312,2.145205,9.950480,77.549973,59.561657
2.4600129,4.887763,8.344990,2.114080,9.899415,77.669174,59.641972
2.4702568,4.863821,8.319851,2.123657,9.868464,77.572952,59.689259
2.4799600,4.829105,8.300697,2.135628,9.837821,77.462212,59.810398
2.4901690,4.808754,8.305486,2.166753,9.838700,77.277603,59.929790
2.5001099,4.747702,8.312668,2.140416,9.809307,77.396515,60.267559
2.5102010,4.683059,8.343793,2.100912,9.796109,77.615921,60.696133
2.5200939,4.644751,8.358158,2.066196,9.782724,77.806808,60.938431
2.5299029,4.637568,8.333019,1.985990,9.741171,78.236298,60.902786
2.5400100,4.662708,8.336611,1.993173,9.757697,78.213425,60.781498
2.5501928,4.707001,8.353370,2.029086,9.800603,78.051239,60.599380
2.5599389,4.781221,8.382100,2.047042,9.864586,78.023277,60.299198
2.5700898,4.837484,8.396465,2.056619,9.906137,78.017639,60.052319
2.5799959,4.912902,8.380903,2.076970,9.934281,77.932083,59.621086
2.5899169,4.966772,8.365341,2.064999,9.945450,78.016350,59.301037
2.5999401,4.978743,8.330625,2.051831,9.919536,78.062332,59.135628
2.6100647,4.978743,8.291121,2.042254,9.884400,78.076012,59.015564
2.6200540,4.990714,8.267179,2.084153,9.879128,77.821075,58.881542
2.6299789,5.013458,8.276755,2.155979,9.914015,77.439651,58.795559
2.6400907,5.036203,8.263587,2.153584,9.914038,77.453857,58.639980
2.6500709,5.012261,8.231265,2.133234,9.870521,77.518654,58.661526
2.6599879,4.984728,8.204929,2.135628,9.835105,77.458694,58.720131
2.6700609,4.967968,8.207323,2.133234,9.828100,77.463905,58.813091
2.6800718,4.965574,8.267179,2.133234,9.876936,77.526894,59.009411
2.6902630,4.978743,8.337808,2.082955,9.932050,77.894020,59.157372
2.7003639,4.964377,8.380903,2.019509,9.948015,78.287186,59.359879
2.7100101,4.928464,8.406042,1.962048,9.939866,78.615517,59.616894
2.7201390,4.886566,8.390480,1.936909,9.901025,78.718636,59.783733
2.7304409,4.880580,8.352173,1.904588,9.859325,78.861794,59.700184
2.7403541,4.862624,8.286332,1.927332,9.799133,78.656883,59.594540
2.7501929,4.845864,8.286332,1.978808,9.801090,78.352104,59.680817
2.7602549,4.854244,8.298303,2.039860,9.827845,78.020645,59.673721
2.7706480,4.871003,8.329428,2.044648,9.863398,78.036034,59.681141
2.7801600,4.866215,8.388085,1.999158,9.901346,78.351456,59.880516
2.7900879,4.836287,8.410830,1.969231,9.899981,78.526619,60.100792
2.8002360,4.833893,8.389283,1.924938,9.871777,78.755623,60.049515
2.8101099,4.827908,8.359355,1.954866,9.849316,78.552071,59.991611
2.8205681,4.859032,8.347384,1.994370,9.862379,78.333191,59.796215
2.8300810,4.859032,8.365341,1.994370,9.877583,78.351402,59.849716
2.8419130,4.920084,8.379706,1.999158,9.920855,78.374687,59.580982
2.8500967,4.934450,8.391677,1.981202,9.934495,78.496574,59.543743
2.8600340,4.923676,8.384495,1.999158,9.926680,78.381599,59.577015
2.8702509,4.934450,8.364143,2.018312,9.918734,78.259186,59.461403
2.8799829,4.929661,8.335413,2.039860,9.896550,78.105034,59.399429
2.8913960,4.934450,8.344990,2.080561,9.915462,77.887611,59.403885
2.9003119,4.945224,8.370130,2.080561,9.941984,77.920410,59.424641
2.9101000,4.940435,8.353370,2.056619,9.920503,78.035240,59.398647
2.9202669,4.945224,8.365341,2.029086,9.927304,78.205948,59.410278
2.9303038,4.959589,8.402451,2.043451,9.968671,78.171242,59.448555
2.9400980,4.982334,8.397662,2.027889,9.972798,78.267540,59.319340
2.9500201,5.003881,8.355764,2.024297,9.947634,78.258568,59.084557
2.9604638,5.012261,8.331821,2.036268,9.934204,78.171936,58.969704
2.9701350,4.966772,8.304289,2.031480,9.887211,78.143257,59.116478
2.9802859,4.930859,8.282741,2.007538,9.846186,78.235474,59.233932
2.9903338,4.916493,8.268375,1.999158,9.825201,78.259903,59.263683
3.0000350,4.924873,8.257602,1.983596,9.817180,78.342926,59.187950
3.0103958,4.936844,8.276755,1.987187,9.840021,78.349014,59.185150
3.0201719,4.976348,8.312668,1.982399,9.889105,78.435966,59.093307
3.0306189,4.954801,8.334216,1.964442,9.892838,78.546524,59.267963
3.0402079,4.945224,8.353370,1.959654,9.903245,78.586983,59.374321
3.0502489,4.935647,8.380903,1.945289,9.918886,78.689857,59.505493
3.0600529,4.938041,8.372523,1.932121,9.910423,78.757706,59.468266
3.0704470,4.923676,8.352173,1.902193,9.880269,78.899857,59.480293
3.0806699,4.882974,8.311471,1.902193,9.825596,78.837296,59.565842
3.0902138,4.869806,8.258799,1.924938,9.778965,78.647491,59.474243
3.1000419,4.892551,8.249222,1.962048,9.789604,78.438385,59.328140
3.1100669,4.918888,8.259995,1.993173,9.818132,78.287003,59.225895
3.1201468,4.927267,8.283937,1.996764,9.843204,78.295914,59.255917
3.1304519,4.938041,8.337808,1.991976,9.892990,78.383957,59.363991
3.1402729,4.972757,8.378509,1.983596,9.942956,78.492416,59.310303
3.1501029,4.997896,8.377312,1.960851,9.950038,78.634346,59.179737
3.1599429,4.994305,8.374918,1.960851,9.946218,78.629921,59.190655
3.1699708,4.971560,8.348581,1.964442,9.913337,78.570526,59.226303
3.1809058,4.936844,8.304289,1.981202,9.861988,78.410828,59.268803
3.1909668,4.917690,8.268375,2.013524,9.828732,78.178642,59.257557
3.2001569,4.928464,8.262390,2.019509,9.830324,78.144936,59.184185
3.2101030,4.935647,8.273164,2.014721,9.841999,78.187683,59.180325
3.2202160,4.932055,8.281544,1.987187,9.841649,78.350967,59.224178
3.2302699,4.926070,8.279149,1.959654,9.831110,78.502106,59.247475
3.2411759,4.933253,8.285135,1.975216,9.842862,78.423569,59.228985
3.2506349,4.936844,8.268375,2.000355,9.835644,78.265427,59.159611
3.2601850,4.935647,8.279149,2.031480,9.850473,78.098389,59.198551
3.2700279,4.965574,8.307879,2.061408,9.895817,77.976608,59.133469
3.2799869,4.961983,8.311471,2.038663,9.892319,78.106956,59.162621
3.2900579,4.950012,8.300697,2.013524,9.872106,78.231323,59.190815
3.3006458,4.935647,8.297106,2.012326,9.861645,78.225761,59.253120
3.3102510,4.927267,8.321048,2.012326,9.877614,78.245071,59.368313
3.3201818,4.915296,8.340201,1.934515,9.872256,78.699501,59.487038
3.3300447,4.917690,8.344990,1.923741,9.875389,78.766869,59.489216
3.3400948,4.916493,8.331821,1.950077,9.868837,78.603378,59.455730
3.3503201,4.924873,8.323442,1.981202,9.872144,78.422920,59.387749
3.3601999,4.948815,8.297106,2.012326,9.868241,78.233749,59.186005
3.3701990,4.966772,8.274361,2.042254,9.864313,78.051369,59.025272
3.3811240,4.984728,8.238448,2.024297,9.839579,78.127762,58.823685
3.3902550,5.001487,8.242040,2.020706,9.850348,78.162270,58.749519
3.4008908,5.000290,8.254010,2.020706,9.859758,78.173737,58.792461
3.4100428,5.007473,8.254010,2.032677,9.865863,78.110123,58.756004
3.4208150,5.001487,8.268375,2.029086,9.874113,78.141495,58.830524
3.4301298,4.989516,8.279149,2.033874,9.878068,78.117928,58.924290
3.4408848,4.984728,8.297106,2.026692,9.889235,78.174065,59.003429
3.4502330,4.991910,8.323442,2.001553,9.909847,78.347458,59.047153
3.4604299,4.993108,8.336611,1.977611,9.916711,78.496834,59.081032
3.4701889,4.970363,8.328231,1.953669,9.893470,78.610916,59.170868
3.4805119,4.927267,8.295909,1.929727,9.839914,78.690300,59.292255
3.4901769,4.899734,8.283937,1.934515,9.816994,78.635040,59.396790
3.5006320,4.874595,8.273164,1.936909,9.795842,78.595886,59.493168
3.5103400,4.881777,8.269572,1.939303,9.796860,78.582802,59.445370
3.5201910,4.904522,8.276755,1.944092,9.815219,78.575928,59.350468
3.5313809,4.922479,8.275558,1.954866,9.825333,78.523750,59.254917
3.5402508,4.977545,8.274361,1.985990,9.858253,78.377968,58.970463
3.5510449,5.020641,8.276755,2.025495,9.890103,78.182198,58.759197
3.5600939,5.018247,8.262390,2.036268,9.879083,78.104980,58.727173
3.5702999,5.006276,8.242040,2.047042,9.858215,78.015427,58.725197
3.5811908,5.006276,8.239645,2.066196,9.860209,77.904083,58.717808
3.5900979,5.029021,8.240842,2.048239,9.869033,78.021652,58.606133
3.6001189,5.017050,8.264784,2.039860,9.881218,78.086304,58.740597
3.6099358,5.021838,8.295909,2.037466,9.909200,78.134583,58.811840
3.6199138,5.009867,8.294712,2.012326,9.896994,78.268417,58.868729
3.6299980,4.991910,8.297106,2.001553,9.887737,78.321037,58.966999
3.6398950,4.985925,8.298303,1.993173,9.884028,78.366188,59.001007
3.6498828,4.966772,8.292317,1.963245,9.863351,78.518913,59.080051
3.6599228,4.953603,8.295909,1.972822,9.861659,78.460136,59.157982
3.6699677,4.950012,8.316259,1.972822,9.876985,78.478287,59.238003
3.6799428,4.936844,8.318654,1.939303,9.865766,78.663605,59.312283
3.6901660,4.934450,8.309077,1.932121,9.855083,78.693741,59.295509
3.6999967,4.928464,8.312668,1.944092,9.857470,78.625549,59.336891
3.7102451,4.918888,8.292317,1.932121,9.833162,78.668205,59.324169
3.7199848,4.908113,8.249222,1.958457,9.796673,78.468277,59.248245
3.7301910,4.904522,8.218098,1.989582,9.774963,78.256042,59.171444
3.7400360,4.921282,8.219295,2.007538,9.788055,78.164597,59.089039
3.7499697,4.944026,8.271967,2.025495,9.847409,78.130219,59.133892
3.7599559,4.953603,8.315063,2.023100,9.887941,78.193748,59.216114
3.7699578,4.963180,8.362947,2.025495,9.933512,78.234581,59.312027
3.7801039,4.981137,8.368932,1.994370,9.941239,78.427025,59.239151
3.7901769,4.994305,8.344990,1.966837,9.922216,78.566788,59.100346
3.8002758,5.012261,8.330625,1.993173,9.924456,78.414238,58.966068
3.8100679,5.024232,8.327033,2.019509,9.932815,78.269012,58.894730
3.8201210,5.055357,8.300697,2.069787,9.936913,77.977676,58.657413
3.8301890,5.044583,8.280347,2.078167,9.916185,77.902657,58.649242
3.8410418,5.044583,8.275558,2.081758,9.912941,77.877411,58.634514
3.8514819,5.058948,8.282741,2.084153,9.926754,77.880394,58.584171
3.8604679,5.054160,8.298303,2.035071,9.927128,78.170441,58.656101
3.8702860,5.042189,8.301894,2.023100,9.921596,78.234375,58.727432
3.8800528,5.027823,8.297106,2.023100,9.910293,78.220764,58.785259
3.8900609,5.018247,8.292317,2.026692,9.902162,78.189720,58.819008
3.9005949,4.993108,8.287529,2.023100,9.884695,78.189819,58.931686
3.9098899,4.987122,8.273164,2.019509,9.868893,78.191940,58.918129
3.9198778,4.977545,8.261193,2.012326,9.852550,78.214737,58.930141
3.9299560,4.964377,8.270770,2.002750,9.851989,78.270950,59.026489
3.9404719,4.954801,8.279149,1.991976,9.852021,78.334976,59.100857
3.9503338,4.948815,8.291121,1.964442,9.853552,78.500237,59.167812
3.9600360,4.952406,8.327033,1.959654,9.884637,78.565208,59.258427
3.9710159,4.942830,8.344990,1.939303,9.890971,78.692879,59.361275
3.9800770,4.934450,8.333019,1.923741,9.873641,78.764854,59.367836
3.9901791,4.933253,8.317456,1.917756,9.858745,78.783119,59.326954
4.0001459,4.928464,8.294712,1.932121,9.839974,78.676155,59.282513
4.0103521,4.922479,8.288726,1.954866,9.836426,78.536865,59.294922
4.0207181,4.922479,8.273164,1.987187,9.829799,78.336731,59.247631
4.0301199,4.958392,8.246828,2.019509,9.832306,78.147362,58.983681
4.0402160,5.005079,8.233660,2.025495,9.846147,78.128677,58.705410
4.0502000,5.023035,8.230068,2.021903,9.851548,78.156624,58.603146
4.0600200,5.033809,8.245630,1.993173,9.864198,78.342476,58.596684
4.0701690,5.035006,8.268375,1.994370,9.884069,78.359154,58.660782
4.0811577,5.064934,8.271967,1.991976,9.901867,78.394516,58.520821
4.0901031,5.056554,8.279149,1.996764,9.904551,78.369423,58.585182
4.1009669,5.013458,8.263587,1.991976,9.868617,78.354866,58.755116
4.1105976,4.982334,8.246828,1.975216,9.835410,78.414673,58.861664
4.1203141,4.960786,8.255207,1.956063,9.827717,78.519447,58.997162
4.1300631,4.929661,8.273164,1.922544,9.820539,78.710426,59.210907
4.1401978,4.932055,8.303091,1.896208,9.841854,78.891487,59.289589
4.1502118,4.940435,8.305486,1.872266,9.843493,79.035347,59.254124
4.1611142,4.948815,8.288726,1.895011,9.837927,78.894104,59.160530
4.1700292,4.982334,8.276755,1.953669,9.856223,78.567299,58.953445
4.1802869,5.011064,8.252813,2.002750,9.860562,78.281288,58.734100
4.1905360,5.036203,8.244433,2.041057,9.874206,78.070618,58.580868
4.2000728,5.061342,8.239645,2.066196,9.888281,77.938942,58.438965
4.2102451,5.105635,8.233660,2.085350,9.910063,77.852592,58.197239
4.2212639,5.124789,8.232463,2.080561,9.917945,77.890686,58.097332
4.2310820,5.141548,8.236053,2.066196,9.926593,77.986183,58.024567
4.2400699,5.130774,8.236053,2.057816,9.919275,78.026672,58.078533
4.2502160,5.103241,8.242040,2.059013,9.910289,78.008583,58.235363
4.2602701,5.069722,8.288726,2.020706,9.924128,78.251534,58.548347
4.2702608,5.042189,8.343793,1.991976,9.950402,78.451904,58.855259
4.2803869,5.032612,8.373720,2.013524,9.975000,78.354431,58.994102
4.2902150,5.019444,8.416816,1.999158,10.001712,78.469963,59.189880
4.3001914,5.007473,8.446744,2.009932,10.023078,78.432022,59.339317
4.3104091,5.068525,8.339005,2.057816,9.973142,78.092293,58.708374
4.3211207,5.097255,8.269572,2.195483,9.959316,77.264816,58.350868
4.3310151,5.199009,8.182184,2.363077,9.978074,76.300659,57.567879
4.3401928,5.376180,8.160637,2.425326,10.068838,76.061844,56.623344
4.3502226,5.457583,8.088810,2.375048,10.042655,76.320175,55.992153
4.3600817,5.471948,7.991845,2.257732,9.945309,76.878616,55.600891
4.3700271,5.444415,7.958326,2.254141,9.902411,76.842094,55.623363
4.3807588,5.560534,8.003817,2.335544,10.021746,76.523438,55.210930
4.3901711,5.853823,8.166622,2.597709,10.378298,75.504616,54.367100
4.4000030,6.244078,8.364143,2.695871,10.780312,75.518135,53.257584
4.4101191,6.581660,8.473080,2.352303,10.983836,77.633720,52.160900
4.4201880,6.806715,8.591593,2.134431,11.167033,78.980865,51.611870
4.4301167,6.886921,8.495825,2.001553,11.118225,79.628815,50.970936
4.4400988,6.909666,8.122330,1.850718,10.823164,80.154266,49.612186
4.4500761,6.879739,7.653066,1.701080,10.430431,80.613808,48.045979
4.4608712,6.846220,7.164649,1.401805,10.008395,81.948517,46.301952
4.4700928,6.916849,6.751649,0.981623,9.715510,84.201134,44.307545
4.4803557,7.187394,6.442797,0.453701,9.663028,87.308846,41.873123
4.4901729,7.618350,6.325481,0.113725,9.902721,89.341988,39.702694
4.5001359,8.095993,6.187814,-0.079009,10.190210,90.444244,37.390888
4.5109210,8.499416,5.893328,-0.225055,10.345146,91.246544,34.736675
4.5201435,8.916007,5.576096,-0.392649,10.523412,92.138313,32.021976
4.5304699,9.340978,5.388151,-0.541090,10.797167,92.872528,29.977613
4.5405860,9.445126,5.278018,-0.386664,10.826697,92.046692,29.196835
4.5500360,9.343372,5.245696,-0.707487,10.738550,93.777550,29.311378
4.5612350,9.355343,5.439626,-1.501164,10.925450,97.897461,30.175686
4.5701089,9.781511,5.752069,-2.318784,11.581926,101.549072,30.457884
4.5799828,10.044873,5.899313,-2.681506,11.953737,102.963112,30.425541
4.5900927,9.498995,5.474342,-3.142390,11.404997,105.993446,29.955172
4.6000881,8.913613,4.917690,-3.921702,10.909442,111.068130,28.885767
4.6099806,9.185355,4.588488,-4.410120,11.174709,113.244263,26.544138
4.6198978,10.393229,4.392163,-4.018668,11.977479,109.604080,22.908844
4.6300879,11.997345,4.197036,-2.528277,12.959305,101.250191,19.281389
4.6403637,13.603854,4.181473,-1.028310,14.269092,94.132629,17.086075
4.6500740,15.122975,4.704607,-1.063026,15.873491,93.839890,17.280397
4.6606741,16.078262,5.859808,-1.224634,17.156563,94.093246,20.024540
4.6710515,15.277401,7.377733,-1.136049,17.003546,93.830925,25.776735
4.6801119,13.098678,8.954314,-0.950498,15.895236,93.428200,34.356686
4.6899490,10.621876,9.962274,-2.044648,14.705500,97.992279,43.164631
4.7004056,8.781932,10.680533,-4.874595,14.661439,109.419205,50.571686
4.7105727,8.122330,11.789049,-6.092046,15.558501,113.051437,55.434231
4.7202578,8.006210,12.148179,-5.476737,15.545813,110.627846,56.613274
4.7300386,8.215703,11.093534,-6.675035,15.333634,115.805641,53.476910
4.7413182,7.308300,10.095152,-3.912126,13.062469,107.427193,54.097656
4.7503748,6.793547,8.420407,-3.912126,11.504793,109.879501,51.103565
4.7616324,7.917625,1.647211,-1.369483,8.202291,99.611320,11.752375
4.7710614,9.160215,1.647211,-4.207809,10.214132,114.327988,10.194110
4.7799826,9.160215,-0.927753,-4.207809,10.123039,114.561302,354.216766
4.7901292,11.573571,-2.768894,-2.260126,12.112906,100.753746,346.545288
4.8001018,13.230358,-0.228646,1.478420,13.314668,83.624908,359.009918
4.8100929,16.010027,5.979519,4.684256,17.720549,74.672241,20.479950
4.8200212,18.271351,14.695610,11.392809,26.069126,64.085907,38.809647
4.8301539,17.513586,21.131224,18.775330,33.253078,55.624142,50.348015
4.8403997,12.118252,19.608511,17.721882,29.075949,52.446415,58.283527
4.8501697,3.636792,11.937490,10.540473,16.334978,49.814068,73.056480
4.8605309,-4.236540,3.543418,4.247314,6.967335,52.439137,140.091080
4.8701692,-10.502166,-2.603694,1.606509,10.938720,81.554741,193.924011
4.8802791,-11.870452,-4.924873,1.381454,12.925572,83.864647,202.532837
4.8900199,-9.083601,-4.237737,1.477222,10.131753,81.616318,205.010284
4.9007978,-5.560534,-2.412158,1.236605,6.186052,78.468765,203.451187
4.9100075,-2.387019,-0.407014,0.993594,2.617393,67.690353,189.676529
4.9204288,0.322020,1.683124,0.305261,1.740628,79.899582,79.168892
4.9302931,2.821567,3.646369,-0.978031,4.713151,101.976540,52.267235
4.9404287,5.355829,5.359420,-2.996343,8.147783,111.576889,45.019203
4.9502087,7.857770,6.874950,-4.952406,11.555770,115.376572,41.183456
4.9601836,9.896433,7.983466,-6.511032,14.285259,117.115562,38.893166
4.9704289,11.195287,8.453926,-7.832631,16.067154,119.175957,37.057644
4.9804449,11.723208,8.270770,-8.270770,16.560341,119.962456,35.203121
4.9902930,11.542446,7.487866,-7.568071,15.702608,118.813667,32.972458
5.0011268,11.040861,6.442797,-5.797559,14.036450,114.395691,30.265320
5.0115757,10.529699,5.378574,-3.811569,12.423030,107.867378,27.057959
5.0205650,10.248381,4.501099,-2.054225,11.380203,100.399391,23.711128
5.0301347,10.394426,3.992331,-0.580594,11.149883,92.984840,21.010975
5.0401659,10.984597,4.012682,0.715866,11.716461,86.497093,20.067287
5.0503039,12.027272,4.389769,1.532289,12.894699,83.175362,20.051300
5.0618291,13.502101,5.275623,1.703475,14.595916,83.297791,21.341887
5.0700278,15.417461,6.564901,1.065420,16.790806,86.361992,23.064762
5.0801616,16.880320,7.339425,0.298078,18.409269,89.072243,23.499010
5.0908432,17.231070,7.266402,0.481235,18.706736,88.525894,22.865322
5.1001577,16.278177,6.573281,1.325191,17.605204,85.683113,21.989319
5.1100550,14.908694,5.882554,1.994370,16.150885,82.906807,21.532804
5.1202960,13.548787,5.455189,2.361880,14.795512,80.814293,21.931341
5.1301608,12.352883,5.346252,2.062605,13.617286,81.287903,23.402666
5.1400990,11.384429,5.450400,1.259350,12.684560,84.302170,25.583199
5.1500187,10.449493,5.554548,0.369904,11.839837,88.209656,27.993389
5.1602883,9.372103,5.675455,-0.296881,10.960622,91.552109,31.197798
5.1702428,8.318654,5.926847,-0.652420,10.234900,93.654778,35.468983
5.1806407,7.420828,6.359000,-0.775721,9.803433,94.538414,40.593681
5.1901565,6.712144,7.038953,-0.718261,9.752725,94.223495,46.361435
5.2010970,6.493075,7.975086,-0.834379,10.317859,94.638428,50.848553
5.2104769,6.652289,8.918402,-1.080982,11.178522,95.549271,53.280521
5.2212429,7.060501,9.708488,-1.456872,12.092472,96.919662,53.973465
5.2356615,7.989451,10.213664,-1.895011,13.105011,98.314232,51.966358
5.2500949,8.005013,9.712079,-1.571793,12.683661,97.118546,50.503536
5.2611470,7.592013,8.791509,-0.966060,11.656010,94.754181,49.187355
5.2715979,6.260838,7.009026,0.884658,9.439658,84.622513,48.227062
5.2801957,5.798757,6.610391,1.780089,8.971709,78.555923,48.742165
5.2900152,5.687426,6.676231,2.579752,9.141882,73.609016,49.572598
5.2999177,5.917270,7.174225,3.173514,9.826229,71.157753,50.484337
5.3100996,6.276400,7.985860,3.562572,10.763785,70.671875,51.834808
5.3198910,6.295553,8.783129,3.627216,11.398861,71.445374,54.367882
5.3300099,5.718551,9.364920,3.408146,11.489952,72.745316,58.590286
5.3398900,4.721366,9.713276,3.026271,11.215941,74.346519,64.076843
5.3499179,3.548207,9.888053,2.434903,10.783882,76.950607,70.260094
5.3599401,2.455254,9.852140,1.788469,10.309780,80.010193,76.006355
5.3699207,1.605312,9.716867,1.119289,9.911980,83.516167,80.618965
5.3798890,1.312023,9.677363,0.596156,9.784077,86.506729,82.279121
5.3899150,1.401805,9.731233,0.323217,9.836992,88.117073,81.802811
5.4000082,1.549049,9.674969,0.252588,9.801448,88.523293,80.903641
5.4099536,1.691504,9.619903,0.535104,9.782129,86.864227,80.027412
5.4199166,1.817199,9.555259,1.047463,9.782759,83.853424,79.232193
5.4304967,2.029086,9.481039,1.634043,9.832466,80.433716,77.920067
5.4402432,2.257732,9.412804,2.037466,9.891891,78.113518,76.511986
5.4498715,2.486378,9.319430,2.388216,9.936671,76.093170,75.061714
5.4601064,2.691083,9.247604,2.665944,9.993366,74.527763,73.774834
5.4699078,2.904167,9.120711,2.964022,10.020329,72.794434,72.337769
5.4798570,3.080141,8.933964,3.219004,9.983234,71.189392,70.977470
5.4899406,3.179500,8.689755,3.418920,9.864588,69.721405,69.902901
5.4999666,3.286042,8.477868,3.587711,9.774661,68.466698,68.813553
5.5100808,3.397372,8.358158,3.548207,9.694881,68.531624,67.879547
5.5198760,3.450045,8.281544,3.416526,9.599970,69.152046,67.383667
5.5299106,3.396175,8.238448,3.239355,9.481532,70.022636,67.596840
5.5400319,3.305195,8.192958,2.962825,9.318111,71.460152,68.029915
5.5498829,3.102885,8.237251,2.591723,9.175905,73.593590,69.359138
5.5602212,2.726996,8.323442,2.312799,9.058987,75.208382,71.859734
5.5699911,2.273294,8.415619,1.991976,8.941950,77.128365,74.883591
5.5799356,1.927332,8.461109,1.739388,8.850449,78.665825,77.167709
5.5901089,1.634043,8.398860,1.568202,8.698862,79.614120,78.990341
5.6000228,1.420959,8.294712,1.434127,8.536866,80.328896,80.279076
5.6099691,1.304840,8.188169,1.300052,8.392786,81.088943,80.945663
5.6200056,1.280898,8.184579,1.199495,8.370593,81.761230,81.105278
5.6298857,1.255759,8.331821,1.199495,8.510874,81.897942,81.428986
5.6398635,1.265336,8.577228,1.191115,8.751494,82.177521,81.608101
5.6498904,1.302446,8.805874,1.238999,8.987486,82.076065,81.586578
5.6601915,1.425747,9.099164,1.363498,9.310567,81.578964,81.094742
5.6698709,1.556231,9.281123,1.584962,9.543228,80.439888,80.481361
5.6809549,1.781286,9.411607,1.855506,9.756753,79.036911,79.282692
5.6903186,2.047042,9.484630,2.153584,9.939140,77.486061,77.820816
5.6999416,2.296039,9.433155,2.426523,10.007209,75.967186,76.320160
5.7101040,2.565387,9.305065,2.670732,10.014902,74.533447,74.586578
5.7201028,2.835932,9.126697,2.924517,9.994594,72.985725,72.738449
5.7302232,3.161543,9.050082,3.077746,10.068360,72.200623,70.743721
5.7399950,3.505111,9.107543,3.213019,10.274076,71.776131,68.950378
5.7499619,3.784036,9.238028,3.342306,10.527635,71.489449,67.725250
5.7599540,3.799598,9.375694,3.148375,10.594945,72.712997,67.939232
5.7699027,3.315969,9.696517,2.329558,10.509278,77.193047,71.120575
5.7803059,2.846706,9.812635,1.917756,10.395640,79.369362,73.822227
5.7900219,2.474407,9.915586,1.522712,10.332482,81.525375,75.988174
5.8007312,2.072181,9.998186,1.170765,10.277565,83.458977,78.290894
5.8099871,1.847127,10.024523,0.780510,10.223118,85.621346,79.559738
5.8198547,1.671153,10.022128,0.471658,10.171444,87.342194,80.533241
5.8300900,1.502362,10.023325,0.308852,10.139996,88.254570,81.475594
5.8402863,1.407791,10.002975,0.323217,10.106723,88.167343,81.988968
5.8501225,1.520318,9.998186,0.306458,10.117757,88.264297,81.353874
5.8599291,1.804031,10.040085,0.318429,10.205843,88.212044,79.813629
5.8699255,2.059013,10.151415,0.397437,10.365747,87.802658,78.534233
5.8804340,2.292448,10.225636,0.499191,10.491336,87.272766,77.363998
5.8899775,2.470816,10.195708,0.721852,10.515630,86.063797,76.377625
5.9000897,2.688689,9.995792,0.954089,10.394960,84.733765,74.944801
5.9100718,2.961627,9.665392,1.271321,10.188586,82.832008,72.964119
5.9201560,3.232172,9.315839,1.628057,9.994116,80.624649,70.865555
5.9308934,3.497929,9.114726,1.917756,9.949449,78.886688,69.004860
5.9401169,3.722984,9.132683,2.139219,10.091717,77.761719,67.821487
5.9545498,3.882198,9.267955,2.311602,10.310672,77.044449,67.271973
5.9704199,3.931279,9.576807,2.292448,10.603089,77.513725,67.681854
5.9800181,3.760094,9.635465,2.130840,10.560349,78.359085,68.682541
5.9901237,3.441665,9.598354,1.952471,10.381985,79.160210,70.273781
6.0006928,3.049016,9.493010,1.764527,10.125576,79.964149,72.193741
6.0100460,2.692280,9.391256,1.589750,9.898048,80.757553,74.003494
6.0208092,2.500744,9.360131,1.458069,9.797537,81.441452,75.041679
6.0306849,2.463634,9.393650,1.393425,9.810800,81.834686,75.304245
6.0407143,2.523489,9.440337,1.461660,9.880507,81.492798,75.034218
6.0501337,2.606089,9.457097,1.551443,9.931533,81.012802,74.593414
6.0603008,2.743755,9.531317,1.586159,10.044406,80.914124,73.940613
6.0708818,2.822764,9.594764,1.592144,10.127310,80.954834,73.606201
6.0801988,2.802413,9.637859,1.575385,10.159905,81.079781,73.787086
6.0902262,2.795230,9.664195,1.482011,10.168891,81.619888,73.868240
6.1012268,2.750938,9.630676,1.454478,10.120923,81.737419,74.058365
6.1100221,2.653973,9.599552,1.461660,10.066351,81.650993,74.545563
6.1200209,2.507926,9.587581,1.486799,10.021076,81.467682,75.340981
6.1299491,2.428918,9.605537,1.483208,10.018278,81.486053,75.809288
6.1399627,2.369063,9.600749,1.493982,10.000941,81.408760,76.138710
6.1500049,2.238579,9.531317,1.559822,9.914145,80.947868,76.782745
6.1602430,2.086547,9.416395,1.619677,9.779853,80.467117,77.505905
6.1700706,1.938106,9.241618,1.638831,9.583817,80.154045,78.155861
6.1799145,1.853112,9.089587,1.598130,9.413216,80.225258,78.476913
6.1901627,1.829170,8.967483,1.574188,9.286531,80.240494,78.471077
6.1998749,1.873463,8.924387,1.612495,9.260383,79.972061,78.144272
6.2103758,1.996764,8.910022,1.653196,9.279472,79.737617,77.368530
6.2201462,2.165555,8.900445,1.769315,9.329417,79.067696,76.325150
6.2306886,2.455254,8.710106,1.977611,9.263107,77.672859,74.257614
6.2406168,2.980781,8.865729,2.105700,9.587502,77.312714,71.416641
6.2503982,3.478775,9.427169,2.176329,10.281528,77.779541,69.745140
6.2607789,3.481169,9.415198,2.190695,10.274417,77.688972,69.708664
6.2700377,3.496732,9.507375,2.170344,10.359908,77.907272,69.806908
6.2804508,3.538630,9.630676,2.118869,10.476708,78.331688,69.824997
6.2900329,3.544616,9.661801,1.966837,10.477745,79.180496,69.853477
6.2999539,3.518279,9.690532,1.994370,10.500581,79.051331,70.045883
6.3099341,3.299210,9.617508,1.665167,10.303108,80.699181,71.065872
6.3199959,2.919729,9.447520,1.653196,10.025642,80.508759,72.826385
6.3301024,2.244564,9.115923,1.701080,9.541059,79.729797,76.167526
6.3403602,2.169147,9.251195,1.586159,9.633572,80.523148,76.804115
6.3499289,2.074576,9.196129,1.572991,9.557560,80.527122,77.287323
6.3599849,2.342726,9.216479,1.630451,9.648328,80.271019,75.738091
6.3699355,2.715025,9.068039,1.715446,9.619950,79.727982,73.331985
6.3801703,3.059790,8.878897,2.042254,9.610823,77.731384,70.985344
6.3899937,3.250129,9.042900,2.308010,9.882524,76.494148,70.230942
6.4004889,3.076549,8.997410,2.505532,9.833424,75.238411,71.122536
6.4099975,2.747346,8.864532,2.455254,9.599797,75.181320,72.780449
6.4200130,2.500744,8.772355,2.303222,9.408122,75.829269,74.088692
6.4305940,2.518700,8.953117,2.055422,9.525068,77.538071,74.287590
6.4402537,2.572570,9.118318,2.018312,9.686868,77.974007,74.244537
6.4508724,2.576161,9.070433,1.975216,9.633838,78.168800,74.144531
6.4606447,2.619257,9.048885,1.970428,9.624209,78.185921,73.856583
6.4702320,2.631228,9.069236,2.086547,9.670992,77.540283,73.821144
6.4802046,2.679112,9.208099,2.011129,9.798539,78.155991,73.777557
6.4907141,2.596512,9.101558,1.787272,9.631955,79.306419,74.077499
6.5023098,2.607286,9.224859,1.781286,9.750331,79.473526,74.217751
6.5201321,2.589329,9.230844,1.950077,9.783451,78.502563,74.330750
6.5304842,2.794033,9.410410,1.832761,9.986063,79.424446,73.463387
6.5404096,2.865860,9.482236,1.801637,10.068358,79.691948,73.183365
6.5505939,2.847903,9.419987,1.837550,10.011158,79.423386,73.178589
6.5601606,2.877831,9.324219,1.909376,9.943273,78.928902,72.847664
6.5702868,2.998738,9.336189,1.970428,10.001971,78.638184,72.193237
6.5808687,3.055001,9.349358,2.032677,10.043669,78.323601,71.904648
6.5904999,3.059790,9.346964,2.053028,10.047037,78.209038,71.873802
6.6000805,2.989161,9.284714,2.072181,9.971706,78.006187,72.154335
6.6103668,2.952051,9.214086,2.085350,9.897610,77.837074,72.235344
6.6213078,2.953248,9.119514,2.181118,9.830792,77.181351,72.056061
6.6299329,2.990358,9.001001,2.161964,9.728019,77.159309,71.622223
6.6401258,3.040636,8.999804,2.294842,9.772833,76.419075,71.332161
6.6500139,3.081338,9.002198,2.342726,9.799111,76.168022,71.104576
6.6600866,3.025074,8.995016,2.302025,9.765281,76.365005,71.411919
6.6703849,2.893393,9.045294,2.311602,9.774076,76.319748,72.261658
6.6798930,2.703054,8.957906,2.206257,9.613435,76.732529,73.208778
6.6898818,2.559402,8.916007,2.160767,9.524423,76.887375,73.983505
6.7002387,2.554613,8.871715,2.122460,9.473025,77.052803,73.936226
6.7103934,2.606089,8.859743,2.075773,9.465494,77.332138,73.608780
6.7207408,2.691083,9.042900,2.000355,9.644552,78.029510,73.427483
6.7302346,2.691083,9.042900,1.933318,9.630872,78.419662,73.427483
6.7408509,2.688689,9.294291,1.946486,9.869229,78.625107,73.865692
6.7506599,2.711433,9.285912,1.758541,9.832217,79.696930,73.722496
6.7606397,2.762909,9.281123,1.758541,9.842021,79.707298,73.422195
6.7700868,2.889802,9.379285,1.867477,9.990466,79.226563,72.875694
6.7803106,3.068170,9.494206,1.996764,10.175494,78.683258,72.091125
6.7901092,3.246537,9.599552,2.011129,10.331314,78.774933,71.314629
6.8005257,3.226187,9.415198,2.091335,10.169951,78.133110,71.085602
6.8109941,3.335123,9.326612,1.957260,10.096515,78.822159,70.323349
6.8201828,3.325546,9.138668,2.013524,9.931203,78.302345,70.003639
6.8299918,3.355474,9.016563,2.085350,9.844100,77.769943,69.587479
6.8408561,3.476381,9.058462,2.178724,9.944234,77.344170,69.004616
6.8513455,3.611653,9.200917,2.221819,10.131011,77.331566,68.568413
6.8605080,3.620033,9.182961,2.321178,10.139984,76.766891,68.485046
6.8704767,3.620033,9.208099,2.324770,10.163576,76.777367,68.538437
6.8802075,3.556587,9.174581,2.410961,10.130892,76.232582,68.810852
6.8903060,3.542221,9.190144,2.264915,10.106232,77.049408,68.921494
6.9000926,3.454833,9.155427,2.129642,10.014645,77.722137,69.325821
6.9101787,3.301604,9.151836,2.027889,9.938261,78.226189,70.162651
6.9205346,3.060987,9.107543,1.990779,9.812247,78.294159,71.422836
6.9301863,2.817975,9.076419,1.960851,9.703984,78.342163,72.751884
6.9401221,2.626439,9.044097,1.953669,9.618248,78.280472,73.806503
6.9502287,2.577358,9.156625,1.884237,9.697263,78.795815,74.279434
6.9603620,2.531868,9.057265,1.873463,9.589279,78.733627,74.382195
6.9702659,2.626439,9.054871,1.916559,9.620918,78.509384,73.824768
6.9802594,2.747346,9.041702,1.926135,9.644184,78.479424,73.098450
6.9903965,2.811990,8.978256,2.023100,9.623373,77.864296,72.609444
7.0004869,2.765303,8.771158,2.188300,9.453506,76.615761,72.501381
7.0101428,2.850297,8.799889,2.290054,9.529248,76.094666,72.052780
7.0199857,2.958036,8.839393,2.256535,9.590453,76.391296,71.497574
7.0303326,3.013103,8.949526,2.240973,9.705399,76.649956,71.392784
7.0398698,2.993949,9.024943,2.255338,9.772404,76.656624,71.647171
7.0501189,3.154361,9.210494,2.003947,9.939768,78.368935,71.094971
7.0602598,3.269282,9.428367,1.947683,10.167388,78.956055,70.876030
7.0699239,3.241749,9.385271,2.024297,10.133609,78.477028,70.944672
7.0799661,3.233369,9.409213,2.006341,10.149550,78.598801,71.035301
7.0902085,3.227384,9.441534,1.883040,10.154034,79.312782,71.128120
7.1000633,3.110068,9.477448,1.752556,10.127486,80.034836,71.832512
7.1101418,2.935291,9.447520,1.709460,10.039613,80.196396,72.740273
7.1201425,2.827552,9.396045,1.713051,9.960686,80.096970,73.251877
7.1303930,2.870648,9.436746,1.665167,10.003278,80.417816,73.080292
7.1401248,3.008314,9.479841,1.786075,10.104821,79.819214,72.393784
7.1504478,3.141193,9.447520,1.786075,10.114979,79.829544,71.608620
7.1604595,3.232172,9.366117,2.002750,10.108517,78.572662,70.960854
7.1702328,3.244143,9.260772,2.434903,10.110149,76.064026,70.694122
7.1806269,3.087323,8.736442,2.299631,9.547003,76.061836,70.537376
