Keuwl Accelerometer Data File
2019-06-26 17-25-50

Time (s), X (m/s2), Y (m/s2), Z (m/s2), R (m/s2), Theta (deg), Phi (deg)
0.0000000,4.357447,8.337808,0.472855,9.419659,87.122612,62.407845
0.0100150,4.789600,8.526949,0.531513,9.794470,86.889221,60.677010
0.0199160,4.960786,8.593987,0.511162,9.936161,87.051140,60.004776
0.0299420,4.920084,8.621520,0.490811,9.938749,87.169373,60.287685
0.0400500,4.869806,8.716091,0.490811,9.996307,87.185684,60.807274
0.0500670,4.886566,8.962694,0.486023,10.219815,87.274162,61.400265
0.0601430,4.869806,9.058462,0.612916,10.302738,86.589432,61.737637
0.0701330,4.857835,8.948329,0.612916,10.200335,86.555145,61.503517
0.0800970,4.952406,8.829816,0.852336,10.159648,85.187561,60.713104
0.0900680,5.128380,8.844181,1.076194,10.279981,83.990791,59.892303
0.1000390,5.321113,9.011775,1.148020,10.528261,83.739922,59.439754
0.1109710,5.440824,9.208099,1.091756,10.750980,84.171600,59.422279
0.1202580,5.281609,9.163807,0.995988,10.623688,84.620529,60.042774
0.1303040,4.884171,8.939949,0.877475,10.224861,85.076950,61.350853
0.1400360,4.525041,8.711303,0.894234,9.857101,84.794983,62.550613
0.1504520,4.323928,8.577228,0.903811,9.647904,84.624680,63.246540
0.1600460,4.259285,8.536526,0.870292,9.579728,84.787651,63.483177
0.1701240,4.286818,8.544906,0.770933,9.590962,85.389526,63.357941
0.1800110,4.320337,8.570045,0.640449,9.618792,86.182243,63.246384
0.1899980,4.472369,8.805874,0.563834,9.892593,86.732620,63.074680
0.2002630,4.449624,8.868123,0.464475,9.932698,87.319740,63.354568
0.2104210,4.404134,8.888474,0.403423,9.927945,87.671143,63.642128
0.2206830,4.307169,8.906430,0.331597,9.898796,88.080307,64.191490
0.2304760,4.186262,8.811859,0.361524,9.762395,87.877716,64.588951
0.2400960,4.193444,8.699332,0.486023,9.669518,87.118904,64.263977
0.2506800,4.355053,8.661025,0.561440,9.710564,86.685455,63.305222
0.2600400,4.523844,8.670602,0.617704,9.799289,86.385933,62.446918
0.2703980,4.607641,8.661025,0.617704,9.829816,86.397171,61.987148
0.2801840,4.612430,8.646660,0.636858,9.820632,86.281822,61.922985
0.2902970,4.566940,8.651448,0.646434,9.804202,86.219490,62.171253
0.3006480,4.538209,8.653842,0.633266,9.792107,86.292030,62.326782
0.3107030,4.527435,8.664616,0.605733,9.794904,86.454475,62.412029
0.3200910,4.554969,8.664616,0.597353,9.807147,86.507950,62.269196
0.3301030,4.581305,8.659827,0.599748,9.815328,86.496864,62.119835
0.3399650,4.580108,8.672996,0.610521,9.827053,86.438110,62.161987
0.3505800,4.584896,8.705317,0.617704,9.858265,86.407578,62.225227
0.3606200,4.578911,8.728063,0.604536,9.874764,86.490143,62.317623
0.3707010,4.595670,8.754398,0.608127,9.906034,86.480423,62.302521
0.3802760,4.594473,8.755595,0.565032,9.903983,86.729446,62.311890
0.3902390,4.572925,8.704121,0.571017,9.848828,86.676231,62.283699
0.4003480,4.545392,8.628703,0.638055,9.773547,86.256851,62.220825
0.4103620,4.564546,8.614338,0.673968,9.772212,86.045296,62.081879
0.4204850,4.596867,8.625112,0.673968,9.796835,86.055252,61.944027
0.4303150,4.616021,8.664616,0.688333,9.841596,85.989388,61.953815
0.4401150,4.633977,8.700529,0.672771,9.880566,86.095695,61.959846
0.4501260,4.649539,8.720880,0.659603,9.904900,86.181641,61.935680
0.4601040,4.645948,8.752005,0.666785,9.931114,86.150208,62.038673
0.4709940,4.622006,8.712500,0.656011,9.884378,86.194565,62.053921
0.4800670,4.602853,8.655039,0.661997,9.825182,86.136620,61.995422
0.4901890,4.586093,8.623915,0.693121,9.792067,85.940979,61.996494
0.5010210,4.563348,8.620323,0.699107,9.778695,85.900261,62.104557
0.5101410,4.558560,8.633492,0.665588,9.785737,86.099953,62.165550
0.5202129,4.556166,8.674192,0.652420,9.819670,86.190453,62.289059
0.5304419,4.546589,8.705317,0.615310,9.840358,86.415001,62.422962
0.5402860,4.532224,8.731653,0.590171,9.855513,86.566940,62.568123
0.5509170,4.525041,8.731653,0.553061,9.850058,86.781265,62.605267
0.5623730,4.505888,8.688558,0.566229,9.803809,86.688980,62.588737
0.5706820,4.516662,8.655039,0.606930,9.781528,86.442589,62.442039
0.5803580,4.542998,8.656237,0.642843,9.797067,86.237785,62.308449
0.5903109,4.564546,8.670602,0.664391,9.821193,86.121056,62.235920
0.6002030,4.576517,8.690952,0.658405,9.844321,86.165092,62.229424
0.6108420,4.593276,8.730456,0.660800,9.887149,86.167824,62.250202
0.6204050,4.604050,8.737639,0.650026,9.897785,86.234451,62.214291
0.6303050,4.606444,8.723274,0.650026,9.886221,86.230042,62.163097
0.6401450,4.613626,8.701726,0.673968,9.872174,86.085403,62.067612
0.6501220,4.624401,8.687361,0.707487,9.866907,85.888191,61.973019
0.6610360,4.636372,8.680179,0.736217,9.868306,85.721519,61.891846
0.6702160,4.631583,8.671799,0.733823,9.858507,85.731209,61.893452
0.6810050,4.620809,8.699332,0.721852,9.876808,85.808769,62.024178
0.6901420,4.607641,8.708909,0.708684,9.878142,85.885918,62.117931
0.7001580,4.595670,8.735245,0.678756,9.893705,86.066139,62.250847
0.7110680,4.590882,8.747216,0.681150,9.902220,86.055641,62.307751
0.7201520,4.598064,8.744822,0.688333,9.903934,86.014671,62.264416
0.7302010,4.608838,8.737639,0.696713,9.903188,85.965775,62.189720
0.7402520,4.612430,8.695741,0.721852,9.869725,85.805756,62.057446
0.7501860,4.605247,8.664616,0.744597,9.840645,85.660545,62.009338
0.7604170,4.587290,8.659827,0.763750,9.829504,85.543640,62.088902
0.7703210,4.577713,8.676587,0.752976,9.838984,85.610870,62.184147
0.7800900,4.566940,8.707711,0.724246,9.859295,85.787361,62.324303
0.7902150,4.569334,8.741230,0.699107,9.888208,85.945747,62.402424
0.8002720,4.550180,8.763975,0.678756,9.898086,86.067886,62.562050
0.8107970,4.533421,8.759187,0.669179,9.885497,86.118507,62.635639
0.8201970,4.523844,8.704121,0.666785,9.832166,86.111404,62.537479
0.8301539,4.497508,8.643068,0.681150,9.766994,86.000946,62.509331
0.8402700,4.479551,8.599973,0.712275,9.722821,85.798859,62.485909
0.8514570,4.467580,8.625112,0.736217,9.741346,85.665649,62.617035
0.8606439,4.477157,8.713697,0.736217,9.824229,85.702286,62.805592
0.8701180,4.485537,8.783129,0.703895,9.887308,85.917557,62.946636
0.8800980,4.504691,8.799889,0.660800,9.907923,86.175873,62.891953
0.8900730,4.507085,8.765172,0.652420,9.877637,86.212845,62.787598
0.9005380,4.499902,8.689755,0.732626,9.813140,85.718452,62.623074
0.9102319,4.501099,8.688558,0.758962,9.814630,85.564911,62.613628
0.9217340,4.522647,8.698134,0.742203,9.831721,85.670586,62.527554
0.9302599,4.517859,8.722076,0.720655,9.849112,85.803947,62.616760
0.9401670,4.533421,8.731653,0.707487,9.863783,85.886887,62.561935
0.9504910,4.541800,8.734048,0.701501,9.869328,85.924042,62.525074
0.9601830,4.528633,8.710106,0.720655,9.843465,85.801537,62.528793
0.9700510,4.534618,8.701726,0.726640,9.839248,85.764786,62.475212
0.9799740,4.525041,8.711303,0.758962,9.845752,85.578957,62.550613
0.9900730,4.540604,8.716091,0.757765,9.857056,85.591019,62.482967
0.9999700,4.565742,8.741230,0.751779,9.890413,85.640694,62.420914
1.0101190,4.572925,8.761581,0.748188,9.911445,85.670776,62.438629
1.0200890,4.566940,8.765172,0.730232,9.910521,85.774475,62.479019
1.0299309,4.552575,8.731653,0.727837,9.874080,85.772781,62.463028
1.0400579,4.514267,8.662222,0.733823,9.795468,85.703690,62.473984
1.0503160,4.490325,8.646660,0.750582,9.771956,85.594780,62.556549
1.0599660,4.505888,8.664616,0.751779,9.795089,85.598183,62.524075
1.0699619,4.550180,8.712500,0.756568,9.858204,85.598511,62.423786
1.0800189,4.581305,8.735245,0.742203,9.891599,85.696846,62.324692
1.0899580,4.581305,8.752005,0.735020,9.905867,85.744713,62.369839
1.0999869,4.552575,8.740033,0.717063,9.880703,85.838264,62.485554
1.1099700,4.560954,8.710106,0.717063,9.858115,85.828712,62.361675
1.1200249,4.538209,8.684967,0.725443,9.825999,85.766060,62.411304
1.1299670,4.526238,8.674192,0.744597,9.812384,85.648018,62.444214
1.1399019,4.537012,8.678981,0.744597,9.821589,85.652107,62.401291
1.1499170,4.564546,8.676587,0.725443,9.830794,85.768127,62.252213
1.1599281,4.586093,8.668207,0.718261,9.832903,85.811005,62.118000
1.1700660,4.583699,8.614338,0.732626,9.785390,85.706284,61.982506
1.1799560,4.583699,8.558074,0.752976,9.737449,85.565010,61.826527
1.1899520,4.582502,8.564059,0.767342,9.743267,85.482933,61.849422
1.1999860,4.589684,8.588001,0.761356,9.767222,85.529251,61.878620
1.2101070,4.587290,8.626308,0.724246,9.796988,85.760521,61.996891
1.2199659,4.594473,8.639477,0.682347,9.808942,86.011063,61.995960
1.2300850,4.595670,8.653842,0.656011,9.820363,86.169724,62.029221
1.2399299,4.571728,8.678981,0.664391,9.831928,86.125298,62.221592
1.2499590,4.525041,8.690952,0.651223,9.820017,86.197594,62.495758
1.2599900,4.520253,8.696938,0.635661,9.822091,86.289368,62.536743
1.2702860,4.525041,8.700529,0.628478,9.827013,86.333199,62.521599
1.2802429,4.546589,8.699332,0.639252,9.836590,86.273888,62.406788
1.2899110,4.592079,8.713697,0.673968,9.872686,86.085609,62.210976
1.2999049,4.638766,8.729259,0.676362,9.908360,86.085846,62.013634
1.3099149,4.673482,8.755595,0.667982,9.947265,86.149559,61.907997
1.3199310,4.681861,8.757990,0.673968,9.953714,86.117523,61.871853
1.3299160,4.693832,8.732851,0.677559,9.937496,86.090424,61.742352
1.3399650,4.698621,8.719683,0.702698,9.929939,85.942039,61.681892
1.3501360,4.685453,8.713697,0.723049,9.919919,85.820084,61.732582
1.3601460,4.677073,8.688558,0.731429,9.894495,85.760666,61.706306
1.3699970,4.690241,8.689755,0.730232,9.901690,85.770699,61.642323
1.3799860,4.675876,8.663419,0.715866,9.870720,85.841019,61.643089
1.3905571,4.655525,8.675390,0.691924,9.869907,85.980011,61.780399
1.3999300,4.661511,8.707711,0.654814,9.898621,86.206993,61.838459
1.4100000,4.630386,8.718486,0.602142,9.890149,86.509506,62.027237
1.4200600,4.605247,8.711303,0.581791,9.870845,86.621010,62.136745
1.4304470,4.586093,8.668207,0.574608,9.823454,86.646652,62.118000
1.4400150,4.574122,8.645462,0.579397,9.798077,86.609909,62.117676
1.4499700,4.586093,8.620323,0.582988,9.781723,86.583160,61.986599
1.4600630,4.587290,8.602366,0.612916,9.768296,86.402588,61.930824
1.4699889,4.619612,8.585608,0.624887,9.769542,86.332703,61.716873
1.4800110,4.674679,8.580819,0.651223,9.793221,86.187172,61.419231
1.4899670,4.711789,8.580819,0.645237,9.810594,86.228966,61.228497
1.5000370,4.718972,8.626308,0.652420,9.854316,86.203873,61.319393
1.5100440,4.717774,8.658630,0.640449,9.881268,86.283798,61.415630
1.5205020,4.738125,8.698134,0.609324,9.923641,86.479752,61.421593
1.5301479,4.746505,8.736442,0.577003,9.959300,86.678650,61.484787
1.5401300,4.757279,8.731653,0.547075,9.958552,86.850861,61.417065
1.5499709,4.752491,8.693346,0.550666,9.922886,86.818764,61.335392
1.5600860,4.746505,8.650250,0.572214,9.883500,86.680954,61.245850
1.5699669,4.744111,8.640674,0.600945,9.875675,86.511337,61.231274
1.5801070,4.738125,8.615535,0.609324,9.851322,86.453873,61.191345
1.5900029,4.740520,8.607155,0.586579,9.843765,86.583778,61.155567
1.6003700,4.746505,8.615535,0.581791,9.853691,86.615120,61.148575
1.6100401,4.776433,8.621520,0.587777,9.873722,86.587196,61.012985
1.6199861,4.790798,8.619126,0.593762,9.878949,86.554230,60.933235
1.6309400,4.793192,8.576031,0.573411,9.841331,86.659737,60.798927
1.6400619,4.765658,8.542512,0.599748,9.800291,86.491486,60.843922
1.6499879,4.764462,8.566454,0.610521,9.821251,86.436005,60.918209
1.6599309,4.746505,8.616732,0.599748,9.855814,86.511276,61.151939
1.6700450,4.741716,8.669404,0.566229,9.897629,86.720406,61.323616
1.6799829,4.736928,8.668207,0.525527,9.892041,86.954659,61.344654
1.6899810,4.754885,8.639477,0.525527,9.875508,86.949554,61.173054
1.6999260,4.753687,8.613141,0.548272,9.853139,86.810165,61.105209
1.7100370,4.750096,8.586804,0.594959,9.831103,86.530449,61.049263
1.7200500,4.736928,8.588001,0.629675,9.827957,86.326553,61.119965
1.7300390,4.740520,8.598776,0.641646,9.839877,86.261162,61.131977
1.7399299,4.783615,8.629900,0.627281,9.886942,86.362404,61.000084
1.7499760,4.807557,8.652645,0.612916,9.917487,86.456779,60.942703
1.7602119,4.808754,8.669404,0.593762,9.931527,86.572495,60.983700
1.7709489,4.800375,8.661025,0.585382,9.919659,86.616875,61.002579
1.7799480,4.786009,8.643068,0.604536,9.898180,86.498451,61.024963
1.7902329,4.781221,8.631097,0.638055,9.887519,86.300056,61.015614
1.8000319,4.800375,8.625112,0.648829,9.892276,86.239304,60.901527
1.8100590,4.811148,8.593987,0.653617,9.870713,86.203224,60.758709
1.8199160,4.796783,8.566454,0.664391,9.840461,86.128662,60.753368
1.8301629,4.781221,8.567651,0.684742,9.835323,86.007797,60.836075
1.8402790,4.780024,8.562862,0.671574,9.829661,86.082436,60.828552
1.8500689,4.777629,8.562862,0.651223,9.827127,86.200348,60.840767
1.8599349,4.778827,8.559271,0.618901,9.822492,86.387482,60.824429
1.8700089,4.740520,8.573636,0.644040,9.818072,86.238846,61.060997
1.8799549,4.727351,8.614338,0.645237,9.847385,86.243073,61.243031
1.8899651,4.692636,8.713697,0.588974,9.914446,86.594307,61.695957
1.8999460,4.674679,8.716091,0.565032,9.906671,86.730331,61.794121
1.9100959,4.675876,8.735245,0.567426,9.924228,86.722282,61.840370
1.9199719,4.648343,8.731653,0.571017,9.908325,86.696213,61.971153
1.9302419,4.643554,8.701726,0.609324,9.881999,86.464897,61.914013
1.9399650,4.645948,8.649054,0.635661,9.838447,86.295547,61.756969
1.9499819,4.644751,8.621520,0.670376,9.815993,86.083977,61.686913
1.9599280,4.675876,8.633492,0.724246,9.845076,85.781265,61.560143
1.9700010,4.733337,8.640674,0.721852,9.878603,85.809532,61.286194
1.9800729,4.738125,8.634688,0.694318,9.873690,85.967628,61.245037
1.9899590,4.722563,8.613141,0.664391,9.845314,86.130569,61.264156
1.9999338,4.687847,8.590396,0.669179,9.809109,86.088234,61.378353
2.0099609,4.693832,8.595184,0.666785,9.816000,86.104988,61.361034
2.0202870,4.721366,8.605958,0.666785,9.838618,86.113960,61.250126
2.0299370,4.738125,8.617929,0.678756,9.857953,86.051849,61.198067
2.0400329,4.756082,8.615535,0.685939,9.865002,86.012863,61.099743
2.0499408,4.757279,8.620323,0.670376,9.868692,86.104919,61.107109
2.0601189,4.726154,8.601170,0.645237,9.835293,86.238449,61.212170
2.0699589,4.672285,8.603564,0.636858,9.811072,86.278191,61.495216
2.0799608,4.638766,8.592790,0.608127,9.783865,86.436417,61.637875
2.0901580,4.629189,8.597578,0.573411,9.781439,86.639259,61.700672
2.1000419,4.637568,8.568848,0.585382,9.760884,86.561783,61.577187
2.1099529,4.649539,8.523358,0.586579,9.726764,86.542641,61.387287
2.1199510,4.678270,8.485051,0.617704,9.708959,86.352257,61.129662
2.1302879,4.724957,8.505402,0.694318,9.754443,85.918251,60.946766
2.1400518,4.791995,8.537724,0.715866,9.816741,85.818108,60.695675
2.1499991,4.841076,8.605958,0.736217,9.901543,85.735909,60.641109
2.1599200,4.869806,8.659827,0.731429,9.962058,85.789474,60.649014
2.1699829,4.848258,8.659827,0.687136,9.948385,86.039421,60.757442
2.1799150,4.818331,8.645462,0.702698,9.922404,85.938950,60.867989
2.1900749,4.793192,8.655039,0.732626,9.920742,85.764977,61.022156
2.1999159,4.769250,8.653842,0.737414,9.908506,85.731972,61.140244
2.2102530,4.762067,8.657434,0.748188,9.908998,85.669708,61.186775
2.2199779,4.764462,8.645462,0.743400,9.899331,85.693268,61.141106
2.2307131,4.799177,8.610746,0.727837,9.884675,85.777321,60.867004
2.2399459,4.832696,8.571242,0.743400,9.867816,85.679482,60.584534
2.2499421,4.835090,8.541314,0.756568,9.844010,85.592148,60.486549
2.2602899,4.875792,8.532935,0.772130,9.858018,85.507706,60.255985
2.2704351,4.914099,8.540117,0.748188,9.881384,85.657585,60.083294
2.2799840,4.911705,8.559271,0.755371,9.897300,85.622879,60.150806
2.2899168,4.894945,8.554482,0.743400,9.883942,85.686546,60.221455
2.2999527,4.841076,8.552089,0.731429,9.854402,85.743393,60.487125
2.3099380,4.790798,8.565256,0.730232,9.841168,85.744644,60.780441
2.3200240,4.752491,8.560468,0.703895,9.816478,85.888046,60.962402
2.3300469,4.728549,8.552089,0.670376,9.795243,86.075668,61.061287
2.3399339,4.691438,8.532935,0.634463,9.758233,86.272095,61.197849
2.3500259,4.671088,8.544906,0.622492,9.758175,86.342514,61.336700
2.3600869,4.686650,8.562862,0.632069,9.781963,86.295204,61.307106
2.3699241,4.744111,8.565256,0.621295,9.811025,86.369247,61.018875
2.3799300,4.839879,8.586804,0.647632,9.878110,86.240860,60.592590
2.3900211,4.861426,8.593987,0.678756,9.897010,86.067459,60.504131
2.3999949,4.853047,8.605958,0.663194,9.902243,86.159790,60.580605
2.4099948,4.839879,8.567651,0.660800,9.862338,86.158173,60.537830
2.4199290,4.830302,8.524555,0.663194,9.820372,86.127731,60.462639
2.4300809,4.847061,8.520964,0.688333,9.827239,85.983521,60.367069
2.4402759,4.857835,8.542512,0.671574,9.850080,86.090569,60.374588
2.4502800,4.887763,8.553286,0.661997,9.873558,86.155579,60.254257
2.4599328,4.932055,8.549694,0.651223,9.891741,86.225204,60.020676
2.4699199,4.960786,8.541314,0.663194,9.899660,86.158791,59.852028
2.4800119,4.977545,8.534132,0.675165,9.902687,86.090546,59.747063
2.4900091,4.957195,8.523358,0.693121,9.884424,85.978973,59.817669
2.5001678,4.950012,8.526949,0.679953,9.883006,86.054916,59.864239
2.5101540,4.941632,8.550891,0.683545,9.899733,86.040764,59.976017
2.5201359,4.929661,8.592790,0.697910,9.930996,85.970169,60.157215
2.5302479,4.918888,8.615535,0.640449,9.941483,86.306343,60.276558
2.5401018,4.886566,8.592790,0.611719,9.903977,86.458878,60.373886
2.5499330,4.869806,8.586804,0.606930,9.890226,86.481735,60.441269
2.5600879,4.871003,8.571242,0.622492,9.878277,86.387039,60.390602
2.5699830,4.898537,8.567651,0.633266,9.889455,86.328583,60.241325
2.5800838,4.916493,8.555679,0.641646,9.888542,86.279587,60.116310
2.5899649,4.922479,8.543709,0.629675,9.880397,86.346077,60.051498
2.5999107,4.886566,8.505402,0.638055,9.829928,86.278351,60.121555
2.6099188,4.878186,8.506598,0.657208,9.828064,86.165733,60.167496
2.6200099,4.871003,8.512584,0.638055,9.828422,86.277779,60.221287
2.6299598,4.871003,8.511387,0.627281,9.826691,86.340073,60.217815
2.6399229,4.868609,8.497022,0.612916,9.812156,86.418694,60.188229
2.6499579,4.876989,8.475474,0.635661,9.799120,86.280663,60.082855
2.6600640,4.896142,8.446744,0.650026,9.784796,86.190910,59.901340
2.6699469,4.911705,8.449138,0.691924,9.797526,85.950264,59.829441
2.6799929,4.917690,8.477868,0.693121,9.825393,85.954773,59.883602
2.6899469,4.921282,8.525752,0.672771,9.867122,86.090363,60.005360
2.7000909,4.912902,8.567651,0.629675,9.896350,86.351974,60.168980
2.7100000,4.894945,8.541314,0.602142,9.862916,86.499855,60.183392
2.7203021,4.897339,8.536526,0.632069,9.861832,86.325256,60.157436
2.7299409,4.912902,8.534132,0.659603,9.869300,86.167847,60.071964
2.7399328,4.894945,8.523358,0.663194,9.851292,86.139900,60.131348
2.7501328,4.879383,8.483853,0.657208,9.808979,86.158264,60.095173
2.7600179,4.891354,8.451532,0.660800,9.787257,86.128654,59.939735
2.7699828,4.906917,8.456321,0.657208,9.798934,86.154320,59.874859
2.7801569,4.909311,8.467094,0.663194,9.809834,86.123566,59.894390
2.7899599,4.897339,8.498219,0.651223,9.829941,86.201431,60.046082
2.8002880,4.915296,8.536526,0.647632,9.871769,86.238441,60.066841
2.8099740,4.935647,8.552089,0.636858,9.894666,86.309677,60.009567
2.8199208,4.936844,8.543709,0.633266,9.887791,86.327965,59.979225
2.8300390,4.966772,8.516175,0.632069,9.878946,86.331627,59.748569
2.8400807,5.006276,8.511387,0.648829,9.895831,86.240654,59.536568
2.8503621,5.062540,8.538920,0.629675,9.946806,86.370506,59.337223
2.8599129,5.062540,8.538920,0.629675,9.946806,86.370506,59.337223
2.8699460,5.054160,8.505402,0.632069,9.913924,86.344589,59.279972
2.8803320,5.018247,8.479065,0.652420,9.874360,86.211586,59.381271
2.8899751,4.975151,8.457518,0.664391,9.834792,86.126427,59.533745
2.9000068,4.948815,8.439561,0.653617,9.805313,86.177856,59.613365
2.9099708,4.953603,8.439561,0.638055,9.806706,86.269524,59.589184
2.9201620,4.967968,8.456321,0.641646,9.828621,86.256874,59.566368
2.9300759,4.960786,8.501810,0.629675,9.863400,86.339775,59.736542
2.9403460,4.971560,8.495825,0.598550,9.861730,86.520332,59.664818
2.9500790,4.975151,8.446744,0.609324,9.821959,86.443260,59.501820
2.9599819,4.981137,8.398860,0.632069,9.785299,86.296471,59.328964
2.9699750,4.978743,8.391677,0.648829,9.779014,86.195679,59.319542
2.9800377,4.969166,8.418014,0.665588,9.797886,86.104797,59.446583
2.9900489,4.958392,8.440758,0.656011,9.811340,86.166199,59.568558
2.9999318,4.954801,8.474277,0.622492,9.836204,86.371567,59.685722
3.0100851,4.982334,8.518570,0.594959,9.886539,86.549927,59.677528
3.0199628,4.994305,8.526949,0.566229,9.898108,86.720558,59.642139
3.0299940,5.011064,8.500613,0.575805,9.884469,86.660423,59.480888
3.0399721,5.032612,8.468291,0.612916,9.869894,86.439667,59.277454
3.0499430,5.037400,8.433576,0.635661,9.844017,86.297646,59.150002
3.0600178,5.029021,8.435969,0.652420,9.842880,86.199455,59.199131
3.0699570,5.042189,8.426393,0.628478,9.839854,86.337990,59.104523
3.0800099,5.074511,8.412027,0.632069,9.844408,86.318741,58.899746
3.0900359,5.109226,8.396465,0.629675,9.848925,86.334389,58.679604
3.0999889,5.098453,8.403648,0.648829,9.850711,86.223412,58.755016
3.1099551,5.082890,8.418014,0.639252,9.854307,86.280594,58.875954
3.1199570,5.057751,8.421604,0.612916,9.842760,86.429840,59.012295
3.1299367,5.043386,8.447941,0.604536,9.857430,86.483963,59.162971
3.1399159,5.031415,8.473080,0.553061,9.869858,86.787727,59.297657
3.1500170,5.006276,8.475474,0.533907,9.858068,86.895378,59.430592
3.1600318,5.002685,8.476671,0.539892,9.857601,86.860390,59.452133
3.1700668,4.973954,8.473080,0.537498,9.839828,86.868675,59.585777
3.1799097,4.966772,8.468291,0.553061,9.832937,86.775658,59.607780
3.1901000,4.984728,8.458714,0.556652,9.833983,86.755043,59.489117
3.1999500,5.049371,8.464700,0.578200,9.873277,86.642715,59.183033
3.2100968,5.069722,8.465898,0.587777,9.885291,86.591202,59.085117
3.2200890,5.063736,8.458714,0.598550,9.876717,86.525620,59.093517
3.2301409,5.068525,8.459911,0.602142,9.880416,86.506058,59.073219
3.2404289,5.079299,8.438364,0.616507,9.868402,86.418236,58.955029
3.2510021,5.073313,8.414422,0.615310,9.844776,86.416611,58.912933
3.2604778,5.067328,8.398860,0.642843,9.830153,86.250465,58.895939
3.2705431,5.075707,8.384495,0.657208,9.823160,86.163818,58.810616
3.2801337,5.074511,8.396465,0.645237,9.831969,86.237175,58.852798
3.2899609,5.070919,8.420407,0.638055,9.850106,86.285980,58.942902
3.3004401,5.082890,8.438364,0.611719,9.869952,86.446655,58.937134
3.3099980,5.087678,8.465898,0.596156,9.895014,86.545944,58.995754
3.3199389,5.055357,8.438364,0.584185,9.854131,86.601326,59.074509
3.3299489,5.042189,8.420407,0.593762,9.832573,86.537956,59.086582
3.3403828,5.056554,8.413225,0.603339,9.834384,86.482697,58.993103
3.3502808,5.045780,8.422802,0.603339,9.837049,86.483650,59.075779
3.3603377,5.015852,8.418014,0.549469,9.814461,86.790581,59.211506
3.3703249,5.007473,8.398860,0.554258,9.794021,86.755814,59.196236
3.3804238,5.009867,8.400057,0.561440,9.796679,86.714622,59.187782
3.3899779,5.026627,8.437167,0.582988,9.838326,86.602844,59.214706
3.4003189,5.037400,8.501810,0.628478,9.902079,86.361031,59.352871
3.4100637,5.070919,8.516175,0.599748,9.929710,86.537270,59.228500
3.4199600,5.103241,8.571242,0.580594,9.992314,86.669006,59.230808
3.4300559,5.123591,8.595184,0.593762,10.024018,86.604156,59.200821
3.4400487,5.148731,8.638280,0.620098,10.075407,86.471458,59.203510
3.4499719,5.225345,8.664616,0.669179,10.140394,86.216217,58.907200
3.4599900,5.372589,8.628703,0.752976,10.192458,85.763367,58.091892
3.4700189,5.513846,8.568848,0.809240,10.221669,85.459190,57.239697
3.4800959,5.598841,8.595184,0.889446,10.296374,85.044365,56.920071
3.4901340,5.568913,8.610746,0.902614,10.294292,84.969788,57.107639
3.5000069,5.505467,8.623915,0.887052,10.269807,85.044922,57.446030
3.5099487,5.499481,8.511387,0.798466,10.164917,85.494705,57.132195
3.5201058,5.509058,8.245630,0.673968,9.939535,86.111977,56.252380
3.5301287,5.589264,8.001422,0.535104,9.774915,86.861916,55.064400
3.5399969,5.722142,7.682993,0.529119,9.594336,86.838585,53.321983
3.5502348,5.996278,7.414843,0.529119,9.550666,86.824120,51.038025
3.5602689,6.362591,7.510611,0.492008,9.855654,87.138519,49.730499
3.5702178,6.704962,7.714118,0.023942,10.220798,89.865784,49.003464
3.5805340,6.998251,7.857770,-0.749385,10.549012,94.073631,48.311249
3.5903170,7.319075,7.864953,-1.620875,10.865246,98.579391,47.058945
3.6006467,7.898471,7.791929,-2.710236,11.421269,103.727081,44.610950
3.6099849,8.737639,7.101202,-3.922899,11.923194,109.208946,39.101246
3.6199639,10.249578,5.931635,-4.790798,12.774579,112.025909,30.058821
3.6299880,12.111070,4.790798,-4.657919,13.832063,109.678871,21.582354
3.6400859,13.457808,3.843891,-3.321955,14.384834,103.352097,15.940684
3.6504140,13.449428,3.169923,-1.784877,13.932742,97.360199,13.262121
3.6603670,12.318168,2.701857,-1.782483,12.736347,98.045097,12.371298
3.6701679,11.401189,2.224213,-4.017470,12.291229,109.078102,11.038960
3.6800239,11.599907,2.038663,-6.999449,13.700594,120.722900,9.967835
3.6901629,12.294226,2.621651,-8.953117,15.433060,125.459396,12.037595
3.7015948,12.020090,4.137180,-8.508993,15.297116,123.796730,18.992889
3.7106271,11.176133,5.786786,-7.175423,14.487220,119.689095,27.374247
3.7209830,10.279505,7.414843,-6.666655,14.321048,117.743523,35.803776
3.7299819,9.544485,9.297882,-6.089652,14.650313,114.561333,44.250172
3.7403140,8.804677,11.221623,-5.541380,15.302094,111.231194,51.881664
3.7501187,8.186973,12.810176,-6.246472,16.436104,112.336517,57.417389
3.7602139,6.162675,14.856022,-6.069301,17.190590,110.674561,67.470016
3.7710550,4.024653,16.521189,-3.787627,17.421070,102.557335,76.309097
3.7809548,4.061763,15.500062,-3.726575,16.451056,103.092567,75.315918
3.7906280,4.370615,12.312182,-3.938462,13.645643,106.775604,70.456001
3.8013709,5.335478,7.923611,-4.064157,10.381152,113.047485,56.045074
3.8102999,5.335478,7.923611,-4.064157,10.381152,113.047485,56.045074
3.8208208,7.679402,10.581175,5.524621,14.193517,67.093063,54.029327
3.8303468,7.679402,10.581175,5.524621,14.193517,67.093063,54.029327
3.8405418,8.333019,10.058042,8.990228,15.856469,55.460423,50.358482
3.8501050,8.301894,8.567651,8.503007,14.650161,54.521061,45.902542
3.8617110,7.480683,5.807136,8.028955,12.415619,49.708107,37.821625
3.8710608,6.434417,3.056198,7.929596,10.659294,41.934116,25.406630
3.8800797,5.430049,1.525106,7.574057,9.443396,36.673878,15.688150
3.8901727,4.765658,1.095347,5.983110,7.727153,39.258678,12.944153
3.9000859,4.507085,1.677138,3.855862,6.163950,51.277397,20.410816
3.9101598,4.540604,2.989161,1.666364,5.685854,72.958038,33.357628
3.9204259,4.740520,4.499902,-0.355539,6.545843,93.113564,43.508373
3.9301801,4.988319,5.740098,-1.910573,7.841068,104.102798,49.008369
3.9402490,5.213374,6.497863,-3.010709,8.858096,109.869690,51.259186
3.9501259,5.391742,6.851008,-3.720589,9.478923,113.110886,51.797260
3.9600928,5.446809,6.943185,-4.040215,9.705611,114.599716,51.886429
3.9699559,5.395334,6.989872,-4.068946,9.722359,114.740822,52.336212
3.9805369,5.280412,6.993463,-4.009091,9.636601,114.584038,52.945385
3.9901979,5.240908,6.955156,-4.010288,9.587686,114.725716,53.000935
3.9999180,5.341464,6.775591,-4.210204,9.600296,116.011360,51.749901
4.0100408,5.617994,6.574478,-4.453215,9.727114,117.246178,49.485592
4.0202827,6.068104,6.530185,-4.721366,10.087443,117.907394,47.100555
4.0301161,6.649895,6.733692,-4.951209,10.680739,117.617340,45.358734
4.0403647,7.267599,7.149086,-5.184644,11.437130,116.956688,44.529011
4.0500569,7.887698,7.614758,-5.641936,12.330116,117.230652,43.991344
4.0616808,8.374918,8.021772,-6.215348,13.157455,118.189041,43.766174
4.0700316,8.711303,8.155849,-6.593631,13.633805,118.922340,43.113869
4.0799351,9.461885,8.092402,-6.812701,14.192502,118.686783,40.539150
4.0903797,10.732009,7.764396,-6.540959,14.773151,116.280106,35.884995
4.1001401,11.967417,7.204153,-5.521029,15.020009,111.566338,31.047127
4.1101637,12.690466,6.457162,-4.085705,14.813367,106.010414,26.967899
4.1201191,12.728773,5.701791,-2.539051,14.176702,100.317352,24.129759
4.1304431,12.015302,4.953603,-1.314417,13.062671,95.775101,22.405109
4.1400900,10.899603,4.311957,-0.640449,11.739016,93.127457,21.584091
4.1505876,9.781511,3.922899,-0.421380,10.547258,92.289665,21.853376
4.1603208,8.906430,3.848679,-0.711078,9.728436,94.191643,23.370316
4.1704707,8.481460,4.358644,-1.284489,9.621998,97.671608,27.198750
4.1802640,8.489840,5.414487,-1.575385,10.191952,98.891945,32.528137
4.1900477,8.811859,6.768408,-1.572991,11.222054,98.057655,37.527943
4.2003379,9.319430,8.131907,-1.215057,12.428035,95.610626,41.107151
4.2102399,9.710882,9.156625,-0.638055,13.362340,92.736923,43.317345
4.2201748,9.744401,9.550470,-0.232238,13.646200,90.975136,44.424145
4.2303677,9.297882,9.382876,-0.136469,13.210133,90.591911,45.260681
4.2401667,8.420407,8.901642,-0.168791,12.254427,90.789207,46.591358
4.2507157,7.390901,8.439561,-0.337582,11.223438,91.723625,48.789917
4.2612438,6.458359,8.209718,-0.549469,10.460009,93.011162,51.808846
4.2705269,5.645528,8.119935,-0.642843,9.910528,93.719086,55.190361
4.2802258,5.148731,8.222886,-0.508768,9.715149,93.001869,57.947407
4.2905488,4.936844,8.570045,-0.217872,9.892702,91.261955,60.055557
4.3001399,5.029021,9.056067,-0.031125,10.358783,90.172157,60.955685
4.3102717,5.176264,9.512163,0.160412,10.830544,89.151360,61.446152
4.3210187,4.373009,9.609129,0.569820,10.572761,86.910538,65.530235
4.3301778,4.373009,9.609129,0.527921,10.570585,87.137314,65.530235
4.3401909,1.905785,9.036914,0.248997,9.239038,88.455658,78.091454
4.3506761,0.653617,8.792706,-0.137667,8.818040,90.894531,85.748665
4.3601670,-0.161609,8.710106,-0.433351,8.722377,92.847778,91.062950
4.3707628,-0.294487,8.845378,-0.636858,8.873162,94.115852,91.906830
4.3807230,0.010774,9.205706,-0.793678,9.239862,94.927620,89.932945
4.3907290,0.489614,9.670180,-0.828394,9.717939,94.890045,87.101509
4.4001865,0.979228,9.874885,-0.867898,9.961199,94.998398,84.336861
4.4106879,1.440112,9.728839,-0.606930,9.853558,93.531372,81.579933
4.4201198,1.987187,9.375694,-0.196325,9.585984,91.173523,78.033203
4.4309750,2.613271,9.105149,0.213084,9.475142,88.711380,73.985977
4.4401927,3.289633,9.006987,0.581791,9.606559,86.527939,69.936226
4.4502935,3.904943,8.989030,0.975637,9.849015,84.314995,66.519295
4.4601269,4.437653,8.989030,1.347936,10.114957,82.341888,63.725628
4.4702969,4.890157,8.997410,1.689109,10.378830,80.633698,61.475605
4.4800048,5.242105,8.966286,2.114080,10.599211,78.494827,59.687473
4.4899616,5.467160,8.887277,2.493561,10.728065,76.559616,58.401539
4.4999909,5.568913,8.796297,2.772485,10.773779,75.087929,57.662205
4.5099869,5.564125,8.698134,2.948459,10.738270,74.063316,57.393291
4.5212107,5.451597,8.608353,2.962825,10.611407,73.786865,57.654263
4.5299201,5.224148,8.571242,2.797625,10.420395,74.426407,58.637810
4.5400896,4.866215,8.549694,2.542642,10.160824,75.508301,60.352840
4.5500679,4.478354,8.524555,2.237381,9.885827,76.919365,62.284916
4.5600829,4.109647,8.517372,1.927332,9.651396,78.480896,64.242607
4.5705566,3.772065,8.518570,1.698686,9.469954,79.666565,66.116005
4.5810022,3.529053,8.514978,1.474828,9.334570,80.909386,67.488319
4.5916276,3.321955,8.485051,1.362301,9.213433,81.497055,68.619324
4.6002760,3.104083,8.479065,1.274912,9.118952,81.963203,69.892937
4.6102724,2.888604,8.508993,1.222240,9.068675,82.254333,71.248848
4.6206307,2.688689,8.589199,1.225831,9.083284,82.244003,72.618248
4.6302528,2.560599,8.693346,1.241394,9.147240,82.200188,73.587822
4.6403346,2.528277,8.862138,1.255759,9.300892,82.240517,74.077095
4.6504655,2.498349,8.950723,1.283292,9.381046,82.137497,74.404381
4.6603417,2.483984,9.069236,1.283292,9.490419,82.228676,74.682823
4.6702447,2.439692,9.123106,1.308431,9.533895,82.111832,75.028351
4.6803670,2.400187,9.233239,1.358709,9.636374,81.894402,75.428429
4.6902933,2.327164,9.284714,1.401805,9.674020,81.668274,75.929001
4.7010169,2.214637,9.306262,1.507150,9.684143,81.046623,76.614143
4.7110610,2.094927,9.397242,1.574188,9.755764,80.714172,77.432556
4.7202849,1.877054,9.465476,1.539472,9.771824,80.935753,78.783463
4.7307005,1.624466,9.545682,1.461660,9.792619,81.415871,80.342041
4.7403183,1.392228,9.576807,1.355118,9.771893,82.028816,81.728569
4.7507091,1.248576,9.568427,1.255759,9.730913,82.585396,82.565529
4.7601185,1.168370,9.564836,1.168370,9.706506,83.086555,83.035667
4.7708149,1.118092,9.521740,1.142034,9.654942,83.206871,83.302704
4.7801208,1.076194,9.513360,1.143231,9.642054,83.190582,83.545883
4.7914410,1.155202,9.515755,1.197101,9.660080,82.881470,83.078224
4.8004780,1.155202,9.484630,1.197101,9.629421,82.858681,83.055733
4.8103037,1.255759,9.398438,1.262941,9.565699,82.413193,82.389580
4.8209929,1.595735,9.345766,1.328782,9.573682,82.021858,80.310516
4.8306618,1.760935,9.431957,1.374272,9.692849,81.849022,79.424698
4.8404040,1.873463,9.471462,1.419762,9.758801,81.634621,78.811279
4.8506346,1.927332,9.482236,1.406593,9.777827,81.728996,78.510735
4.8600669,1.951274,9.469068,1.388637,9.767242,81.826401,78.356148
4.8714728,1.969231,9.481039,1.345541,9.776423,82.089195,78.266380
4.8809872,2.000355,9.520543,1.253365,9.808826,82.658714,78.134216
4.8903322,2.050634,9.593566,1.137246,9.875978,83.387566,77.934540
4.9010458,2.111686,9.695320,1.027112,9.975641,84.090233,77.712616
4.9106188,2.161964,9.787497,0.907402,10.064421,84.827217,77.543930
4.9211879,2.211045,9.901221,0.823605,10.178469,85.358757,77.411797
4.9308681,2.280477,10.002975,0.788889,10.289919,85.603035,77.157211
4.9402690,2.357092,10.089166,0.750582,10.387999,85.856499,76.850075
4.9501429,2.457648,10.093954,0.701501,10.412495,86.136993,76.316032
4.9600368,2.547431,10.060435,0.751779,10.405140,85.856728,75.790642
4.9703784,2.633622,9.987412,0.785298,10.358623,85.652176,75.227707
4.9801106,2.724602,9.859323,0.841562,10.263427,85.296684,74.551987
4.9900088,2.790442,9.697714,0.894234,10.130739,84.935944,73.947235
5.0001707,2.826355,9.530120,0.956484,9.986307,84.503815,73.481178
5.0103478,2.835932,9.367314,1.019930,9.840190,84.050644,73.156441
5.0224071,2.811990,9.240421,1.035492,9.714161,83.880867,73.074257
5.0304298,2.785654,9.161413,1.012747,9.628967,83.962631,73.087387
5.0407419,2.779668,9.185355,0.948104,9.643455,84.357803,73.163162
5.0508471,2.798822,9.332599,0.835576,9.779008,85.098335,73.306152
5.0602760,2.850297,9.607931,0.756568,10.050320,85.682808,73.476440
5.0702195,2.930503,9.890448,0.616507,10.333871,86.579765,73.495636
5.0801287,2.981978,10.102334,0.511162,10.545645,87.221703,73.554604
5.0902071,2.946065,10.143036,0.452504,10.571908,87.546844,73.803955
5.1004028,2.825158,9.981427,0.470461,10.384207,87.403305,74.196289
5.1102729,2.652776,9.739613,0.575805,10.110826,86.735275,74.763954
5.1211686,2.528277,9.513360,0.684742,9.867374,86.020790,75.117058
5.1334038,2.385822,9.323022,0.691924,9.648297,85.887520,75.645691
5.1510987,2.160767,9.170990,0.523133,9.436611,86.822090,76.742393
5.1603909,2.116474,9.232041,0.421380,9.480907,87.452644,77.087883
5.1707821,2.164358,9.374496,0.310049,9.626099,88.154228,76.999504
5.1803131,2.284068,9.503783,0.245406,9.777479,88.561775,76.486252
5.1910305,2.378639,9.611523,0.223858,9.904010,88.704849,76.099846
5.2003217,2.444480,9.667787,0.220267,9.974472,88.734634,75.810280
5.2102880,2.470816,9.712079,0.223858,10.023948,88.720345,75.726379
5.2217088,2.454057,9.721656,0.235829,10.029387,88.652634,75.832687
5.2309728,2.431312,9.730036,0.245406,10.032204,88.598305,75.970390
5.2406211,2.412158,9.749189,0.227449,10.045742,88.702637,76.102890
5.2507844,2.402581,9.805453,0.178368,10.097085,88.987801,76.232346
5.2602000,2.436100,9.855731,0.137667,10.153274,89.223114,76.116142
5.2701879,2.492364,9.919178,0.126893,10.228297,89.289169,75.895447
5.2802210,2.552219,9.981427,0.137667,10.303478,89.234436,75.656967
5.2902999,2.626439,10.005369,0.184354,10.345994,88.979004,75.291534
5.3004766,2.742558,9.959879,0.368707,10.337154,87.955933,74.604546
5.3108301,2.766500,9.874885,0.465672,10.265657,87.400047,74.349510
5.3200932,2.770091,9.763555,0.554258,10.164035,86.874039,74.160431
5.3302517,2.764106,9.633071,0.633266,10.041780,86.384346,73.989738
5.3401098,2.755726,9.528923,0.676362,9.942428,86.099281,73.870346
5.3501730,2.415750,8.578424,0.507571,8.926524,86.740349,74.272377
5.3610177,3.221398,9.351752,0.638055,9.911598,86.309059,70.992706
5.3710856,3.295619,9.542090,0.837971,10.129895,85.254929,70.946266
5.3804078,3.228581,9.385271,0.973243,9.972675,84.399536,71.016525
5.3909698,3.083732,9.216479,1.013944,9.771437,84.043915,71.500328
5.4005179,3.081338,9.211691,1.060631,9.771122,83.768402,71.504761
5.4121108,3.210624,9.362526,1.031901,9.951372,84.048050,71.071983
5.4203286,3.236961,9.417592,1.116895,10.020799,83.600647,71.031425
5.4308376,3.215413,9.410410,1.041478,9.998969,84.021317,71.135376
5.4404140,3.065775,9.313444,1.040281,9.860091,83.943787,71.779625
5.4501400,2.871845,9.094376,1.059434,9.595705,83.661217,72.474792
5.4603109,2.874239,9.075222,1.109712,9.583964,83.350899,72.426338
5.4700789,3.026271,9.305065,1.092953,9.845664,83.626541,71.984009
5.4802442,3.005920,9.430760,1.083376,9.957334,83.753746,72.321060
5.4906440,2.992752,9.659407,1.010353,10.162751,84.294380,72.785568
5.5003128,2.698265,9.567230,0.945710,9.985334,84.565376,74.249847
5.5109820,2.822764,9.879673,1.108515,10.334638,83.842484,74.054604
5.5201449,2.873042,10.006566,1.059434,10.464613,84.189438,73.980400
5.5303407,2.401384,9.548077,0.720655,9.871765,85.813591,75.882652
5.5400629,2.208651,9.533711,0.441730,9.796168,87.415535,76.956528
5.5501938,2.183512,9.637859,0.391452,9.889858,87.731575,77.234802
5.5605497,2.254141,9.700109,0.597353,9.976477,86.567291,76.917625
5.5701098,2.357092,9.713276,0.812831,10.028175,85.350807,76.359871
5.5800905,2.458845,9.595961,0.897826,9.946581,84.821159,75.627892
5.5904636,2.597709,9.448717,1.021127,9.852363,84.051018,74.627632
5.6009650,2.782062,9.282320,1.065420,9.748664,83.725677,73.315674
5.6102810,2.949656,9.135077,1.126472,9.665353,83.307114,72.105072
5.6200519,3.174711,9.186552,1.193510,9.792649,82.999496,70.935745
5.6302447,3.344700,9.277532,1.379060,9.957983,82.039642,70.174950
5.6405182,3.336320,9.252393,1.491588,9.947997,81.376640,70.171204
5.6500101,3.207033,9.172187,1.393425,9.816094,81.839119,70.727943
5.6602697,3.013103,9.036914,1.121683,9.591807,83.284363,71.560493
5.6701488,2.687491,8.931569,0.879869,9.368548,84.610992,73.253563
5.6801348,2.457648,8.904037,0.688333,9.262597,85.738243,74.569695
5.6909041,2.370260,8.998607,0.664391,9.329226,85.916161,75.243309
5.7002397,2.318784,9.100361,0.755371,9.421460,85.401344,75.705132
5.7105122,2.268506,9.209297,0.837971,9.521526,84.950981,76.161949
5.7202868,2.254141,9.323022,0.991199,9.642736,84.100014,76.407753
5.7300081,2.182315,9.372103,1.072602,9.682422,83.639816,76.892120
5.7404380,2.262521,9.531317,1.001973,9.847281,84.159973,76.646423
5.7502341,2.244564,9.661801,0.940921,9.963624,84.581161,76.921417
5.7612872,2.045845,9.695320,0.903811,9.949954,84.788315,78.084602
5.7700896,1.928530,9.700109,0.811634,9.923209,85.308449,78.755356
5.7810316,1.848324,9.660604,0.866701,9.873941,84.964287,79.168732
5.7903285,1.777695,9.545682,0.866701,9.748405,84.899269,79.450638
5.8002801,1.972822,9.519346,1.128866,9.786946,83.376534,78.291573
5.8104854,2.085350,9.600749,1.176750,9.894837,83.169899,77.745308
5.8213444,2.088941,9.613917,1.179144,9.908656,83.165527,77.741150
5.8302612,1.975216,9.496601,1.145625,9.767260,83.264137,78.250458
5.8427401,1.886631,9.358934,1.110910,9.611616,83.362923,78.602715
5.8605347,2.116474,9.388862,1.133654,9.690993,83.282143,77.296501
5.8702369,2.189497,9.431957,1.205481,9.757504,82.903320,76.931053
5.8803377,2.227805,9.464279,1.193510,9.795925,83.001846,76.754227
5.8907089,2.258929,9.498995,1.176750,9.834552,83.127823,76.623123
5.9006529,2.260126,9.534908,1.185130,9.870521,83.103996,76.664894
5.9108720,2.219425,9.568427,1.162385,9.890995,83.251030,76.941010
5.9203062,2.208651,9.615114,1.148020,9.932096,83.362526,77.063225
5.9310331,2.245761,9.623494,1.149217,9.948657,83.366684,76.864403
5.9401727,2.268506,9.540894,1.171962,9.876653,83.185234,76.625320
5.9501996,2.288857,9.419987,1.168370,9.764226,83.127617,76.343002
5.9601407,2.305616,9.340978,1.200692,9.695947,82.886551,76.134926
5.9700561,2.376245,9.373300,1.217452,9.746151,82.824089,75.774521
5.9804306,2.460042,9.476251,1.233014,9.867698,82.821869,75.447212
5.9900579,2.518700,9.591172,1.258153,9.995869,82.769157,75.286011
6.0000629,2.559402,9.625888,1.250970,10.038585,82.841408,75.110283
6.0103350,2.518700,9.554062,1.286883,9.963936,82.579285,75.231354
6.0211768,2.424129,9.431957,1.297657,9.824568,82.410027,75.586243
6.0301766,2.366668,9.361329,1.339556,9.748334,82.101776,75.812149
6.0412250,2.381034,9.367314,1.355118,9.759726,82.018814,75.738289
6.0503521,2.445677,9.417592,1.367089,9.825544,82.002136,75.442291
6.0600457,2.518700,9.487024,1.368286,9.910584,82.064217,75.131599
6.0700946,2.567781,9.572019,1.327585,9.998976,82.370193,74.983437
6.0800691,2.547431,9.621099,1.254562,10.031395,82.815575,75.169800
6.0906630,2.398990,9.613917,1.131260,9.973079,83.486839,75.988937
6.1007671,2.208651,9.524135,1.090559,9.837510,83.635269,76.943863
6.1100507,2.075773,9.403227,1.097741,9.691983,83.496559,77.551537
6.1204839,2.103306,9.337387,1.182736,9.644146,82.955643,77.305634
6.1311188,2.276886,9.346964,1.227028,9.698224,82.731407,76.309593
6.1403418,2.457648,9.431957,1.277307,9.830227,82.534073,75.395409
6.1503725,2.486378,9.531317,1.296460,9.935234,82.502022,75.379417
6.1606379,2.267309,9.436746,1.510741,9.822179,81.152260,76.489975
