Keuwl Accelerometer Data File
2019-06-27 15-59-48

Time (s), X (m/s2), Y (m/s2), Z (m/s2), R (m/s2), Theta (deg), Phi (deg)
0.0000000,1.349133,3.952827,8.995016,9.917425,24.907204,71.154800
0.0082600,1.364695,4.216189,9.051279,10.077911,26.086596,72.064285
0.0182250,1.333570,4.158728,8.803479,9.827242,26.385530,72.220627
0.0282540,1.420959,4.149151,9.070433,10.075085,25.804642,71.095222
0.0381840,1.394622,3.835511,9.125500,9.996543,24.095592,70.018333
0.0482080,1.312023,3.556587,9.050082,9.811968,22.727699,69.751015
0.0581690,1.268927,3.627216,8.963891,9.752856,23.204535,70.718376
0.0681980,1.084573,3.683479,8.838196,9.636287,23.482967,73.593323
0.0783750,0.914585,3.665523,8.784326,9.562264,23.271227,75.990173
0.0883300,0.899023,3.705027,8.737639,9.533195,23.573349,76.360817
0.0982340,0.943315,3.592500,8.777143,9.530695,22.936951,75.287453
0.1083970,1.143231,3.411737,8.875306,9.576951,22.068380,71.474632
0.1183480,1.235408,4.031836,8.847773,9.801276,25.482544,72.964241
0.1284600,1.078588,4.045004,8.852561,9.792509,25.309246,75.069641
0.1382460,1.104924,4.060566,9.035717,9.967609,24.972855,74.777756
0.1488270,1.259350,4.037821,9.168595,10.097183,24.764803,72.677902
0.1588820,1.479617,3.883395,9.193734,10.089339,24.323763,69.142601
0.1683190,1.537078,3.734955,9.257181,10.099895,23.571453,67.630951
0.1783800,1.590947,3.733757,9.251195,10.102310,23.687473,66.921234
0.1888160,1.589750,3.684676,9.184157,10.022619,23.602819,66.662262
0.1984000,1.598130,3.824737,9.096769,9.996692,24.497692,67.322861
0.2082550,1.465251,3.945644,9.033323,9.965741,24.982382,69.627060
0.2183950,1.270124,3.961207,8.966286,9.884263,24.888653,72.222038
0.2284600,1.061828,3.920505,8.908825,9.791068,24.509426,74.845589
0.2384910,0.918176,3.853468,8.887277,9.730157,24.024082,76.597878
0.2484170,0.864307,3.810372,8.917204,9.735630,23.661142,77.219856
0.2583670,0.848745,3.780444,8.941146,9.744549,23.428984,77.346382
0.2696720,0.933739,3.755305,8.939949,9.741503,23.405336,76.036835
0.2785210,1.108515,3.817555,8.936357,9.780644,23.981348,73.808121
0.2883450,1.252167,3.964798,9.011775,9.924698,24.767525,72.472778
0.2983820,1.320402,3.945644,9.058462,9.968315,24.670185,71.497284
0.3090370,1.325191,3.861847,9.059659,9.937174,24.259533,71.060371
0.3184060,1.308431,3.794810,9.005790,9.859859,24.023418,70.976067
0.3286360,1.346738,3.790021,8.907627,9.773626,24.301250,70.437943
0.3383270,1.373075,3.886986,8.860941,9.772936,24.949274,70.544273
0.3481800,1.368286,3.951630,8.826224,9.766771,25.351336,70.901146
0.3582100,1.331176,3.898957,8.766370,9.686234,25.172161,71.149147
0.3683710,1.279701,3.901352,8.765172,9.679174,25.099810,71.839752
0.3782650,1.186327,3.888184,8.780735,9.676086,24.842295,73.032486
0.3883820,1.146823,3.883395,8.886080,9.765162,24.497725,73.547371
0.3983780,1.201889,3.920505,8.963891,9.857294,24.582073,72.956299
0.4083750,1.264138,3.940856,8.933964,9.846020,24.855865,72.214920
0.4184560,1.310825,3.919308,8.916007,9.827229,24.868431,71.507317
0.4283830,1.327585,3.892972,8.950723,9.850540,24.680141,71.169548
0.4383840,1.291672,3.835511,9.026140,9.891954,24.150642,71.388199
0.4483960,1.312023,3.884592,8.996213,9.886521,24.501934,71.337585
0.4587110,1.322796,3.916914,8.959103,9.866992,24.771332,71.339455
0.4692160,1.272518,3.914520,8.912416,9.817021,24.789640,71.991875
0.4783820,1.225831,3.870227,8.823831,9.712945,24.706480,72.425255
0.4884880,1.254562,3.908534,8.756793,9.671194,25.115898,72.204407
0.4982360,1.218649,3.834314,8.832211,9.705411,24.490568,72.368340
0.5086660,1.322796,3.858256,8.923190,9.811180,24.564754,71.075813
0.5182250,1.368286,3.866636,8.917204,9.815274,24.700743,70.512657
0.5282969,1.423353,3.915717,8.877700,9.806749,25.141102,70.023926
0.5383010,1.383849,3.945644,8.882488,9.817420,25.207932,70.672798
0.5483750,1.361104,3.998317,8.787917,9.750212,25.669828,71.200439
0.5583040,1.325191,3.957615,8.711303,9.659485,25.599108,71.487099
0.5682600,1.315614,3.974375,8.699332,9.654267,25.698715,71.684212
0.5783250,1.268927,3.932476,8.712500,9.642728,25.373899,72.116211
0.5883800,1.261744,3.878607,8.760384,9.663328,24.965834,71.979843
0.5984270,1.338359,3.870227,8.862138,9.762547,24.801163,70.924164
0.6083290,1.444901,3.740940,8.966286,9.822253,24.097183,68.881447
0.6186560,1.592144,3.831920,9.024943,9.933184,24.692202,67.437355
0.6283450,1.547851,3.867833,9.041702,9.955317,24.738335,68.189415
0.6381940,1.525106,3.909731,9.027337,9.955137,24.932930,68.690254
0.6484190,1.513135,4.027047,9.017760,9.991331,25.503572,69.406631
0.6583130,1.515530,4.104859,8.973468,9.983478,25.995060,69.735657
0.6689479,1.575385,4.118027,8.925584,9.955201,26.288555,69.065239
0.6783340,1.628057,4.045004,8.904037,9.914358,26.091200,68.075912
0.6885210,1.568202,4.003105,8.960299,9.938364,25.632545,68.607414
0.6982410,1.486799,3.982754,8.979453,9.934962,25.334702,69.528931
0.7083310,1.476025,3.998317,8.901642,9.869368,25.584877,69.737785
0.7183370,1.486799,4.060566,8.858546,9.857616,26.018829,69.889511
0.7282870,1.480814,4.041412,8.863335,9.853148,25.901886,69.876663
0.7382870,1.498770,4.052186,8.878897,9.874276,25.947582,69.702225
0.7482759,1.504756,3.987543,8.900445,9.868268,25.587637,69.325294
0.7583900,1.487996,3.928885,8.959103,9.895241,25.123453,69.256699
0.7689120,1.487996,3.890578,8.997410,9.914844,24.842148,69.070068
0.7782580,1.578976,3.994725,8.996213,9.969094,25.523283,68.432838
0.7884610,1.593341,4.022259,8.971074,9.959793,25.745951,68.389946
0.7984260,1.562217,3.989937,8.968679,9.939685,25.536579,68.617714
0.8082660,1.557428,4.009091,8.969876,9.947717,25.617296,68.770134
0.8189180,1.547851,4.070143,8.900445,9.908573,26.070110,69.178482
0.8282470,1.523909,4.055778,8.799889,9.808653,26.213320,69.406898
0.8383539,1.495179,3.988740,8.754398,9.735764,25.946896,69.451492
0.8482190,1.455675,3.886986,8.759187,9.692833,25.354366,69.469101
0.8584650,1.490391,3.858256,8.756793,9.684464,25.282846,68.879150
0.8686610,1.511938,3.896563,8.750807,9.697721,25.530352,68.792831
0.8781950,1.523909,3.932476,8.773552,9.734571,25.673479,68.817703
0.8882210,1.559822,3.954024,8.819042,9.789936,25.732967,68.471268
0.8983210,1.601721,3.960010,8.866926,9.842234,25.722599,67.977951
0.9082069,1.617283,3.904943,8.863335,9.819515,25.494781,67.502472
0.9184190,1.555034,3.839103,8.924387,9.838777,24.897465,67.949524
0.9282309,1.545457,3.847482,9.056067,9.960116,24.600414,68.115654
0.9381880,1.630451,3.944447,8.992621,9.954108,25.390280,67.542068
0.9484060,1.662773,3.963601,8.822633,9.813959,25.974621,67.241425
0.9581950,1.623269,3.883395,8.874108,9.821689,25.375095,67.314949
0.9683110,1.596933,3.901352,8.918402,9.864513,25.299082,67.739342
0.9782130,1.610101,3.920505,8.887277,9.846140,25.496004,67.672676
0.9883980,1.583764,3.943250,8.889671,9.853110,25.548594,68.117668
0.9981920,1.470040,3.919308,8.853758,9.793418,25.304110,69.440117
1.0084330,1.428141,3.894169,8.795100,9.724091,25.248665,69.860069
1.0183430,1.452083,3.889381,8.759187,9.693254,25.359623,69.527100
1.0282210,1.470040,3.925294,8.810662,9.756881,25.442032,69.468849
1.0382680,1.478420,3.964798,8.880095,9.836739,25.478354,69.550194
1.0481830,1.456872,3.988740,9.044097,9.991407,25.151453,69.935478
1.0581909,1.349133,3.932476,9.272743,10.162101,24.149240,71.064209
1.0683610,1.309628,3.709816,8.971074,9.795817,23.679466,70.556099
1.0783819,1.484405,3.617639,8.916007,9.735807,23.681072,67.690468
1.0882440,1.552640,3.714604,9.035717,9.892076,24.016279,67.315918
1.0983030,1.266533,3.552995,9.006987,9.764921,22.723181,70.380424
1.1082319,1.116895,3.562572,9.105149,9.840890,22.295979,72.593376
1.1181760,1.024718,3.567361,9.022549,9.756151,22.360853,73.973381
1.1282539,0.951695,3.547010,9.008183,9.728020,22.179789,74.980759
1.1383370,1.039083,3.575740,8.868123,9.618172,22.777157,73.796532
1.1482389,1.133654,3.641581,8.924387,9.705203,23.140102,72.708199
1.1582260,1.210269,3.779247,9.063251,9.893936,23.646008,72.242813
1.1684120,1.218649,3.884592,8.999804,9.877836,24.340672,72.582657
1.1781850,1.198298,3.955221,8.923190,9.833769,24.851120,73.144974
1.1886389,1.155202,3.940856,8.918402,9.818489,24.724792,73.662300
1.1982840,1.128866,3.829526,8.754398,9.621803,24.515360,73.575562
1.2082499,1.063026,3.805584,8.829816,9.673579,24.108088,74.393188
1.2182320,0.982820,3.821146,8.814254,9.657026,24.114666,75.575859
1.2286630,0.997185,3.801992,8.759187,9.600671,24.167631,75.303513
1.2381769,1.019930,3.819949,8.771158,9.621096,24.264370,75.050705
1.2486539,1.011550,3.818752,8.777143,9.625194,24.231773,75.163651
1.2581789,1.035492,3.942053,8.631097,9.545044,25.277674,75.282135
1.2683100,0.887052,3.918111,8.451532,9.357717,25.423162,77.243408
1.2784029,0.673968,3.708618,8.408437,9.214657,24.145901,79.700035
1.2883840,0.592565,3.828329,8.300697,9.160175,25.018358,81.201340
1.2983050,0.521936,4.104859,8.090008,9.086832,27.089012,82.753677
1.3082310,0.492008,4.217386,7.760805,8.846384,28.683367,83.345840
1.3181710,0.489614,4.437653,7.448361,8.683927,30.938663,83.703918
1.3283789,0.134075,3.716998,7.105990,8.020545,27.628439,87.934189
1.3384820,0.233435,3.702633,7.043741,7.961047,27.776070,86.392532
1.3482250,0.507571,4.031836,6.768408,7.894598,30.980028,82.824738
1.3582780,0.438139,4.199430,6.791153,7.996683,31.870224,84.043709
1.3686550,0.361524,3.938462,5.607220,6.861712,35.197006,84.755325
1.3781600,1.163582,4.955997,8.623915,10.014377,30.553663,76.787254
1.3883960,1.993173,4.875792,10.413580,11.669993,26.831463,67.765770
1.3981630,2.142811,3.573346,9.585187,10.451614,23.494106,59.050358
1.4082531,2.388216,2.552219,8.882488,9.545470,21.480093,46.901291
1.4181799,3.487155,2.797625,8.906430,9.965513,26.654846,38.738876
1.4283040,4.333505,3.464410,9.348161,10.870580,30.688971,38.640499
1.4384160,5.068525,3.945644,9.752781,11.677961,33.369148,37.899334
1.4482379,5.542577,4.468778,10.157401,12.404150,35.028046,38.877968
1.4582659,5.578490,4.707001,10.238804,12.574121,35.484177,40.156898
1.4683011,4.979939,4.238934,9.977836,11.930028,33.241955,40.404495
1.4781810,3.896563,3.989937,9.691729,11.181789,29.917759,45.678333
1.4883929,3.193865,4.265270,9.126697,10.568344,30.278120,53.173866
1.4983130,2.639607,4.502296,8.191761,9.713040,32.501472,59.617744
1.5092760,2.209848,4.677073,7.667431,9.249212,34.005688,64.709953
1.5182809,2.208651,5.029021,7.101202,8.977542,37.721291,66.289825
1.5283949,2.191892,5.260061,6.763620,8.844161,40.114761,67.378281
1.5382080,1.960851,4.845864,6.870162,8.632872,37.267773,67.969566
1.5482399,2.262521,4.769250,7.122750,8.865569,36.542336,64.620453
1.5583299,2.426523,5.595249,10.107122,11.804607,31.107277,66.554794
1.5683570,1.759738,4.730943,9.044097,10.357326,29.166431,69.596634
1.5782419,2.078167,3.963601,6.482301,7.877128,34.621120,62.331398
1.5886289,2.619257,4.358644,6.411672,8.183387,38.417973,58.996918
1.5982269,3.435679,5.584476,6.585252,9.292783,44.875507,58.399353
1.6082189,4.735731,6.077681,5.947197,9.733166,52.336426,52.074268
1.6181500,4.945224,4.958392,6.351817,9.454442,47.791214,45.076183
1.6282120,4.594473,3.769670,7.406463,9.496067,38.743946,39.368176
1.6383600,4.219780,3.491943,8.336611,9.974933,33.305347,39.608360
1.6482570,3.895366,3.980360,9.157822,10.718342,31.305759,45.618305
1.6582019,3.616442,4.797980,8.752005,10.615877,34.469666,52.993111
1.6683190,3.794810,5.408502,7.558495,10.039089,41.157230,54.945045
1.6782279,4.565742,5.895722,6.940791,10.187253,47.053032,52.245220
1.6884379,5.215768,5.647922,5.904101,9.693383,52.476574,47.278004
1.6981829,5.062540,4.243722,5.641936,8.687344,49.500366,39.971745
1.7085190,5.748478,3.803190,6.094440,9.200623,48.517265,33.488594
1.7182469,6.308722,4.362236,6.842628,10.278649,48.262966,34.662350
1.7282310,6.229713,4.844667,7.123947,10.631592,47.927265,37.871170
1.7382001,6.238092,4.977545,7.309498,10.822130,47.513119,38.587326
1.7482378,6.030994,4.784812,7.633912,10.841768,45.241459,38.427441
1.7581909,6.602011,4.855441,8.139089,11.550179,45.196941,36.332577
1.7682400,6.877345,5.070919,7.881712,11.624693,47.311306,36.402718
1.7785540,7.238869,5.584476,7.572860,11.871638,50.364960,37.648640
1.7882059,6.701371,5.327099,7.445967,11.345871,48.983898,38.482128
1.7983040,5.779603,4.951209,6.655881,10.110343,48.827827,40.585655
1.8086519,5.305551,4.495114,6.100426,9.250412,48.740070,40.272850
1.8181959,4.854244,4.369418,5.631162,8.623542,49.231922,41.991116
1.8283290,5.556942,4.821922,5.243302,9.034532,54.523972,40.949139
1.8381940,4.952406,2.996343,5.889736,8.257929,44.502327,31.175102
1.8481959,4.866215,3.736152,5.823895,8.459116,46.490433,37.516106
1.8581620,4.690241,3.776853,5.473145,8.137463,47.733017,38.843025
1.8682730,4.398149,3.791218,5.907693,8.283591,44.505745,40.761444
1.8782769,4.821922,4.398149,6.531382,9.233287,44.978390,42.368416
1.8882120,4.195838,3.655946,7.278373,9.162189,37.402100,41.066505
1.8982159,4.182671,3.876213,7.192182,9.178630,38.410553,42.822243
1.9082199,4.623203,4.254497,7.007828,9.411929,41.877926,42.621769
1.9182500,5.538986,5.136760,6.582858,10.020014,48.930737,42.842312
1.9283850,6.351817,5.866991,5.887342,10.460782,55.750252,42.727772
1.9382150,7.234080,6.744466,5.394136,11.265720,61.392307,42.993973
1.9483210,8.027759,8.028955,5.331887,12.543447,64.844681,45.004272
1.9581809,8.706514,9.223662,5.401319,13.785993,66.933601,46.652084
1.9682560,7.565677,7.597999,5.712565,12.149176,61.952595,45.122128
1.9782169,6.382942,5.747281,5.698200,10.307408,56.438915,42.000271
1.9890519,5.463568,4.717774,5.834670,9.281775,51.051933,40.810509
1.9982630,5.108029,4.486734,5.918467,9.013933,48.959610,41.295063
2.0087819,5.070919,4.696227,6.262034,9.326406,47.822422,42.803066
2.0185430,4.902128,5.212177,5.956774,9.310252,50.222496,46.755825
2.0282149,4.704607,6.016629,5.274426,9.281849,55.371597,51.976940
2.0387170,4.390966,7.097611,4.966772,9.712131,59.242954,58.256824
2.0481958,3.918111,8.100781,4.863821,10.228930,61.608315,64.188301
2.0582349,2.510320,9.075222,5.208586,10.760611,61.050285,74.537888
2.0684910,3.004723,9.267955,3.576937,10.378720,69.840088,72.037010
2.0783629,3.926491,8.756793,2.954445,10.041289,72.888649,65.848839
2.0883129,4.290410,8.173804,3.258508,9.789615,70.557930,62.305130
2.0981688,4.216189,7.672219,3.715801,9.510330,67.001183,61.209457
2.1084309,4.033033,7.332242,3.707421,9.152710,66.104942,61.187408
2.1181490,3.829526,7.356185,3.573346,9.030367,66.690155,62.499153
2.1283770,3.775656,7.588422,3.412935,9.137169,68.067001,63.547138
2.1388390,3.938462,7.824251,3.345897,9.376855,69.094658,63.280872
2.1486149,4.365827,7.990648,3.445256,9.735538,69.274902,61.349262
2.1584969,4.991910,8.042124,3.634398,10.139219,68.994995,58.171280
2.1682181,5.620389,7.931990,3.897760,10.473670,68.151817,54.679672
2.1785018,6.100426,7.662642,4.097676,10.617073,67.297173,51.475807
2.1882591,6.321889,7.428011,4.461595,10.726018,65.420212,49.599300
2.1986558,6.315904,7.345411,4.635174,10.739206,64.430069,49.309624
2.2085171,6.211756,7.399281,4.697424,10.742489,64.069839,49.986267
2.2181919,6.050148,7.486669,4.691438,10.708132,64.016060,51.057533
2.2282760,6.021417,7.581240,4.440047,10.651135,65.363403,51.541557
2.2382667,6.088455,7.748834,4.155137,10.694806,67.137611,51.842381
2.2482450,6.293159,7.947553,3.798401,10.825677,69.459488,51.626549
2.2590380,6.483498,8.092402,4.158728,11.172185,68.146202,51.298870
2.2682538,6.691794,8.040926,4.060566,11.221622,68.786026,50.232204
2.2783098,6.800730,7.823054,4.310760,11.226431,67.419373,48.998947
2.2888830,6.295553,7.366959,4.590882,10.722979,64.650742,49.483921
2.2985799,5.949591,7.526173,4.510676,10.601279,64.818687,51.672920
2.3086689,5.686229,7.934384,4.423288,10.716955,65.623093,54.372471
2.3188100,5.614403,8.347384,4.170700,10.890137,67.481636,56.075451
2.3285491,5.580884,8.610746,3.878607,10.969723,69.293938,57.051514
2.3383009,5.421670,8.675390,4.102465,11.022120,68.148460,57.996750
2.3482361,5.206192,8.520964,3.861847,10.706312,68.856346,58.575645
2.3584580,5.091270,8.291121,3.702633,10.410245,69.165359,58.447456
2.3682408,4.951209,8.121132,3.967192,10.305623,67.359108,58.630600
2.3781819,4.693832,7.958326,4.100070,10.108294,66.070358,59.467834
2.3882160,4.498705,7.878121,4.095282,9.953615,65.704887,60.271999
2.3987200,4.382586,7.934384,4.353856,10.055723,64.343620,61.085773
2.4086280,4.271256,8.008605,4.364630,10.071315,64.318230,61.927513
2.4181700,4.182671,8.090008,4.380192,10.105891,64.314598,62.660275
2.4282019,4.201824,8.203732,4.244920,10.147704,65.271851,62.879181
2.4382560,4.098873,8.277952,4.483143,10.267611,64.110962,63.657436
2.4485810,3.987543,8.367735,4.526238,10.315344,63.973492,64.520432
2.4584260,3.882198,8.449138,4.455609,10.310763,64.397072,65.322227
2.4684658,3.702633,8.517372,4.325125,10.245088,65.028603,66.504669
2.4782450,3.472790,8.604761,4.606444,10.359610,63.598785,68.021523
2.4885619,3.238158,8.619126,4.362236,10.188430,64.649422,69.409081
2.4983070,2.931700,8.658630,4.210204,10.064421,65.271088,71.294563
2.5083089,2.716222,8.705317,4.098873,9.998058,65.797241,72.671104
2.5182838,2.551022,8.713697,3.870227,9.869899,66.913254,73.682083
2.5284338,2.462436,8.623915,4.022259,9.829246,65.844574,74.064056
2.5382431,2.523489,8.493430,3.849876,9.660637,66.514832,73.452751
2.5482779,2.506729,8.367735,3.837905,9.541080,66.281044,73.323318
2.5587540,2.366668,8.234857,3.778050,9.364168,66.205452,73.965538
2.5692101,2.038663,8.213309,3.836708,9.291658,65.611626,76.060081
2.5783181,1.902193,8.252813,3.580529,9.194968,67.082771,77.020561
2.5886829,1.799243,8.343793,3.493140,9.222699,67.743439,77.831161
2.5984139,1.637634,8.475474,3.445256,9.294370,68.242310,79.064056
2.6088750,1.470040,8.710106,3.609259,9.542207,67.775200,80.420235
2.6183207,1.201889,9.017760,3.542221,9.762779,68.725952,82.408348
2.6284399,0.945710,9.272743,3.223793,9.862604,70.921074,84.176643
2.6385667,0.745794,9.488221,2.774880,9.913754,73.745644,85.505676
2.6486828,0.483629,9.895236,2.931700,10.331720,73.515427,87.201904
2.6585889,0.402226,10.230424,2.493561,10.537609,76.312012,87.748482
2.6683378,0.377087,10.342952,2.154782,10.571752,78.239304,87.912018
2.6785121,0.496797,10.201694,2.001553,10.408053,78.912491,87.212044
2.6887040,0.784101,9.823410,2.208651,10.099126,77.367470,85.436348
2.6985929,1.107318,9.345766,2.586935,9.760211,74.630127,83.242905
2.7083290,1.351527,8.920795,2.955642,9.494369,71.862122,81.385033
2.7183270,1.520318,8.582016,3.187880,9.280353,69.909225,79.954185
2.7283709,1.629254,8.359355,3.462016,9.193413,67.878265,78.971207
2.7382798,1.654393,8.189367,3.505111,9.060273,67.240372,78.578979
2.7486279,1.624466,8.050503,3.442862,8.905210,67.256142,78.591797
2.7583921,1.504756,7.975086,3.306392,8.763476,67.833939,79.314934
2.7696130,1.289278,8.273164,3.044227,8.909253,70.019958,81.142357
2.7783308,1.262941,8.565256,2.908955,9.133491,71.428169,81.612213
2.7885430,1.260547,8.888474,2.722207,9.381063,73.131203,81.928246
2.7983119,1.262941,9.312247,2.595315,9.749289,74.561401,82.276581
2.8086369,1.271321,9.805453,2.467225,10.190700,75.989159,82.612556
2.8183930,1.289278,10.225636,2.285265,10.556908,77.498154,82.813904
2.8288848,1.297657,10.500969,2.148796,10.796832,78.520287,82.955391
2.8383307,1.310825,10.578780,2.044648,10.854006,79.141899,82.936440
2.8485110,1.346738,10.544065,2.122460,10.839550,78.708130,82.721321
2.8585138,1.368286,10.395624,2.233790,10.720589,77.973473,82.501755
2.8685069,1.406593,10.163386,2.316390,10.518488,77.278000,82.120430
2.8783610,1.477222,9.915586,2.378639,10.303348,76.652245,81.526405
2.8884449,1.592144,9.677363,2.414552,10.100314,76.169098,80.657249
2.8989389,1.687912,9.445126,2.445677,9.901554,75.699982,79.867790
2.9084609,1.788469,9.229648,2.463634,9.718771,75.315735,79.033463
2.9182987,1.905785,9.033323,2.437297,9.548474,75.211296,78.086853
2.9284379,1.991976,8.918402,2.498349,9.473521,74.709137,77.409317
2.9383240,1.983596,8.874108,2.539051,9.440934,74.398766,77.400017
2.9489520,1.896208,8.884883,2.548628,9.435691,74.329483,77.952698
2.9586508,1.780089,9.015367,2.505532,9.524875,74.748795,78.830589
2.9684720,1.674744,9.212888,2.415750,9.670466,75.533913,79.697121
2.9784429,1.632846,9.382876,2.248155,9.785640,76.718224,80.128021
2.9883890,1.661576,9.506178,2.090138,9.874053,77.779182,80.085480
2.9983840,1.701080,9.594764,2.020706,9.951705,78.284554,79.946350
3.0091529,1.728614,9.665392,1.993173,10.019014,78.525078,79.860100
3.0184519,1.740585,9.692925,2.018312,10.052663,78.417786,79.819740
3.0285618,1.776498,9.710882,2.135628,10.100400,77.793251,79.633011
3.0384409,1.859098,9.718064,2.246958,10.146223,77.205338,79.169983
3.0483699,2.000355,9.648633,2.313996,10.121863,76.784538,78.287361
3.0588789,2.128445,9.574412,2.409764,10.099833,76.196404,77.466644
3.0684869,2.244564,9.545682,2.571373,10.137557,75.306503,76.767891
3.0782988,2.313996,9.564836,2.715025,10.208428,74.576050,76.399895
3.0884490,2.357092,9.587581,2.749741,10.248837,74.436996,76.187851
3.0983300,2.378639,9.605537,2.747346,10.269965,74.483688,76.091515
3.1084578,2.443283,9.615114,2.761712,10.297917,74.443909,75.742416
3.1183949,2.477999,9.572019,2.718616,10.254506,74.626259,75.485939
3.1283541,2.518700,9.463082,2.671929,10.150517,74.738144,75.095657
3.1382799,2.551022,9.370906,2.644396,10.065506,74.768562,74.771515
3.1482837,2.598906,9.306262,2.712631,10.035895,74.318306,74.396851
3.1583958,2.637213,9.267955,2.813187,10.038122,73.724854,74.116203
3.1683130,2.630031,9.253590,2.847903,10.032773,73.509285,74.133934
3.1783469,2.574964,9.228451,2.811990,9.985090,73.643150,74.409592
3.1884091,2.488773,9.203311,2.726996,9.916221,74.037773,74.867920
3.1984298,2.406173,9.159019,2.669535,9.838887,74.256882,75.280396
3.2091699,2.270900,9.077616,2.723404,9.745616,73.772667,75.954865
3.2191489,2.224213,9.064447,2.697068,9.715220,73.882225,76.213287
3.2284129,2.224213,9.064447,2.697068,9.715220,73.882225,76.213287
3.2388790,2.141613,9.044097,2.651578,9.665044,74.076881,76.677925
3.2483969,2.110489,9.060856,2.546233,9.645547,74.693634,76.888229
3.2585988,2.074576,9.087193,2.445677,9.636507,75.297928,77.139961
3.2684269,2.029086,9.184157,2.236184,9.667805,76.626251,77.541588
3.2784450,2.015918,9.230844,2.069787,9.672458,77.643852,77.680634
3.2883420,2.038663,9.238028,2.045845,9.678987,77.797363,77.555336
3.2983339,2.105700,9.191340,2.120066,9.664853,77.328651,77.096428
3.3093438,2.170344,9.074024,2.249352,9.597286,76.445290,76.548584
3.3184860,2.179921,8.937555,2.321178,9.487878,75.839043,76.292862
3.3285208,2.202666,8.815451,2.355895,9.386914,75.464699,75.971077
3.3383799,2.282871,8.705317,2.352303,9.302010,75.351929,75.305702
3.3486779,2.443283,8.565256,2.334347,9.207736,75.314087,74.078934
3.3586507,2.631228,8.421604,2.317587,9.122390,75.282417,72.649223
3.3686221,2.801216,8.233660,2.300828,8.996320,75.181847,71.210915
3.3785808,2.937685,8.058883,2.257732,8.869777,75.253540,69.971802
3.3884549,3.057395,7.972692,2.173935,8.811213,75.716278,69.019005
3.3983438,3.163938,7.917625,2.020706,8.762565,76.667206,68.218010
3.4090140,3.308787,7.830236,1.881842,8.706434,77.517357,67.092766
3.4183869,3.417723,7.709330,1.781286,8.619024,78.072777,66.091187
3.4285119,3.555390,7.560889,1.754950,8.537428,78.137741,64.815483
3.4386089,3.626019,7.339425,1.733402,8.367786,78.044510,63.708481
3.4483640,3.654749,7.032968,1.681927,8.102388,78.019188,62.540924
3.4593420,3.722984,6.726510,1.662773,7.865835,77.796074,61.036381
3.4683540,3.766079,6.496666,1.663970,7.691478,77.505875,59.899384
3.4784167,3.757699,6.312313,1.625663,7.523854,77.521820,59.234798
3.4897928,3.720589,6.190208,1.589750,7.395185,77.586182,58.992268
3.4983709,3.585317,6.088455,1.550246,7.233744,77.625099,59.507385
3.5087678,3.394978,5.920861,1.539472,6.996602,77.289124,60.170357
3.5189860,3.173514,5.704185,1.520318,6.702260,76.889099,60.910694
3.5288298,2.832341,5.397728,1.464054,6.269057,76.494621,62.312733
3.5384340,2.565387,5.038598,1.556231,5.864344,74.610954,63.017216
3.5484757,2.272097,4.595670,1.839944,5.446834,70.257065,63.692230
3.5586729,1.946486,4.201824,1.991976,5.041042,66.724571,65.144173
3.5684080,1.559822,3.925294,1.900996,4.631929,65.769325,68.328255
3.5785329,1.137246,3.906140,1.752556,4.429753,66.694550,73.767448
3.5887280,0.853533,4.282030,1.561020,4.636925,70.327110,78.727036
3.5983820,0.597353,4.790798,1.286883,4.996463,75.074738,82.892609
3.6091309,0.453701,5.340267,1.091756,5.469573,78.486115,85.143898
3.6188228,0.214281,5.807136,1.046266,5.904525,79.793442,87.886765
3.6289818,-0.161609,6.173449,0.993594,6.254984,80.859947,91.499550
3.6386900,-0.535104,6.499061,0.897826,6.582569,82.160744,94.706863
3.6487968,-0.799663,6.842628,0.782904,6.933539,83.516594,96.665634
3.6584849,-1.053449,7.220912,0.639252,7.325296,84.993637,98.300247
3.6684399,-1.383849,7.499837,0.426168,7.638338,86.801620,100.454468
3.6792519,-0.932542,8.245630,0.330400,8.304770,87.719925,96.452461
3.6883571,-0.767342,8.659827,0.330400,8.700033,87.823563,95.063713
3.6982908,-0.530316,8.968679,0.460884,8.996159,87.063385,93.383942
3.7098949,-0.371101,8.962694,0.659603,8.994592,85.794540,92.370987
3.7184639,-0.574608,8.638280,0.851139,8.699109,84.385078,93.805641
3.7284799,-0.820014,8.319851,0.992397,8.418859,83.230362,95.628960
3.7384129,-1.164779,8.079233,0.800860,8.201958,84.396561,98.203781
3.7492321,-1.557428,7.993042,0.451307,8.155856,86.827896,101.025818
3.7585590,-1.988384,8.055291,0.248997,8.300807,88.281059,103.865822
3.7690198,-2.365471,8.236053,0.207098,8.571518,88.615532,106.024559
3.7788327,-2.661155,8.383297,0.440533,8.806560,87.132683,107.611282
3.7886918,-2.790442,8.458714,0.741005,8.937869,85.244362,108.257187
3.7983289,-2.760514,8.410830,0.764947,8.885249,85.061188,108.170326
3.8083279,-2.554613,8.335413,0.493206,8.732034,86.762077,107.039101
3.8183720,-2.298434,8.377312,0.108936,8.687578,89.281532,105.342369
3.8283808,-2.009932,8.583213,-0.190339,8.817460,91.236916,103.179482
3.8383207,-1.771709,8.943541,-0.578200,9.135654,93.628700,101.205185
3.8483508,-1.733402,9.477448,-0.895431,9.676182,95.309731,100.364700
3.8583620,-2.160767,9.998186,-1.274912,10.308154,97.104530,102.194977
3.8683958,-2.003947,10.952275,-1.297657,11.209462,96.647720,100.368759
3.8782010,-1.899799,11.500547,-1.295263,11.728151,96.340714,99.380096
3.8883069,-1.819593,11.704055,-1.012747,11.887870,94.887047,98.836853
3.8982158,-1.726219,11.587936,-0.900220,11.750340,94.393860,98.472870
3.9082189,-1.695095,11.289858,-0.782904,11.443216,93.923035,98.538788
3.9181738,-1.681927,11.016919,-0.725443,11.168154,93.724350,98.680183
3.9290709,-1.622072,10.952275,-0.669179,11.091946,93.458763,98.424469
3.9383578,-1.517924,11.093534,-0.787692,11.224573,94.024078,97.791374
3.9483449,-1.313220,11.445481,-0.695516,11.541549,93.454842,96.545319
3.9584239,-1.085770,11.712435,-0.660800,11.781200,93.215370,95.296318
3.9684649,-0.956484,11.857284,-0.629675,11.912452,93.029984,94.611855
3.9784660,-0.958878,11.890802,-0.465672,11.938487,92.235443,94.610374
3.9887590,-1.150414,11.869255,-0.120907,11.925488,90.580910,95.536034
3.9985490,-1.274912,11.871649,-0.544681,11.952327,92.611938,96.129578
4.0084968,-1.238999,11.967417,-0.569820,12.044869,92.711571,95.910835
4.0186296,-1.110910,12.014104,-0.640449,12.082342,93.038506,95.282951
4.0289211,-0.915782,11.961432,-0.610521,12.011962,92.913376,94.378098
4.0384378,-0.689530,11.840525,-0.612916,11.876411,92.958221,93.332840
4.0488162,-0.480037,11.730392,-0.531513,11.752234,92.592171,92.343384
4.0585227,-0.385466,11.651382,-0.384269,11.664088,91.887932,91.894844
4.0685139,-0.429759,11.541249,-0.336385,11.554146,91.668335,92.132523
4.0784678,-0.533907,11.419145,-0.428562,11.439650,92.146965,92.676941
4.0884986,-0.719458,11.394006,-0.672771,11.436503,93.372467,93.613060
4.0983701,-1.011550,11.464635,-0.638055,11.526847,93.173164,95.042274
4.1084690,-1.329979,11.514913,-1.234211,11.656986,96.077721,96.588501
4.1189747,-1.498770,11.645397,-1.286883,11.811759,96.254753,97.333687
4.1304798,-1.784877,11.789049,-1.170765,11.980742,95.607925,98.609268
4.1385016,-1.784877,11.789049,-1.170765,11.980742,95.607925,98.609268
4.1484036,-1.787272,11.868058,-1.076194,12.050035,95.123940,98.564110
4.1583810,-1.790863,11.805809,-1.088165,11.990346,95.206947,98.625633
4.1683478,-1.946486,11.665748,-0.858321,11.858127,94.150841,99.472809
4.1783757,-2.078167,11.645397,-0.958878,11.868172,94.634209,100.118149
4.1884398,-2.121263,11.672931,-0.939724,11.901267,94.528793,100.299675
4.1990180,-2.057816,11.648989,-1.367089,11.908085,96.592285,100.018059
4.2084489,-1.865083,11.830948,-1.504756,12.071211,97.160927,98.958633
4.2183967,-1.679533,12.050017,-1.335965,12.239630,96.266357,97.934769
4.2288408,-1.656788,12.196063,-1.218649,12.368266,95.654541,97.736053
4.2384472,-1.781286,12.261904,-1.133654,12.442364,95.227608,98.265533
4.2483368,-2.039860,12.322956,-0.960075,12.527490,94.395309,99.399132
4.2585540,-2.291251,12.362460,-1.369483,12.647361,96.216301,100.500023
4.2685828,-2.347515,12.392388,-1.382651,12.688335,96.255959,100.726555
4.2783570,-2.296039,12.261904,-1.249773,12.537464,95.720924,100.605804
4.2896199,-2.164358,12.063186,-1.206678,12.315071,95.623085,100.171700
4.2984648,-1.982399,11.942278,-1.128866,12.158216,95.327469,99.425064
4.3088775,-1.763330,11.945869,-1.069011,12.122538,95.059128,98.396797
4.3184428,-1.673547,12.000936,-1.303643,12.186989,96.140678,97.938782
4.3285046,-1.540669,12.146982,-1.164779,12.299575,95.434097,97.228546
4.3383069,-1.423353,12.231977,-1.063026,12.360308,94.933716,96.637276
4.3487549,-1.435324,12.234370,-0.960075,12.355635,94.456573,96.691299
4.3584943,-1.646014,12.218808,-0.815226,12.356101,93.782982,97.672211
4.3684878,-1.981202,12.265495,-0.793678,12.449798,93.655098,99.175529
4.3785472,-2.266112,12.454638,-0.869095,12.688916,93.927406,100.312119
4.3884902,-2.503138,12.852075,-1.319205,13.159857,95.753258,101.021255
4.3984241,-2.723404,13.447034,-1.899799,13.850953,97.883553,101.449150
4.4085379,-2.926912,14.115016,-2.365471,14.608078,99.318878,101.714912
4.4185367,-3.031059,14.672865,-2.468422,15.184644,99.355545,101.671745
4.4285388,-2.964022,14.913483,-2.217031,15.365956,98.295700,101.240929
4.4384313,-2.840720,14.800955,-1.792060,15.177267,96.781036,100.864555
4.4484310,-2.701857,14.614207,-1.392228,14.926935,95.351730,100.474503
4.4584179,-2.525883,14.681245,-1.204283,14.945546,94.621796,99.762070
4.4684238,-2.403779,15.017631,-1.313220,15.265383,94.935028,99.093842
4.4784102,-2.333150,15.460558,-1.513135,15.708661,95.527580,98.581741
4.4883628,-2.233790,15.787366,-1.748964,16.040249,96.259750,98.053452
4.4984446,-2.129642,15.905879,-1.868674,16.156248,96.641846,97.625992
4.5084858,-2.037466,15.903484,-1.872266,16.142412,96.660400,97.300644
4.5184860,-1.880645,15.816096,-1.950077,16.046450,96.980240,96.781036
4.5289450,-1.732205,15.638926,-1.984793,15.859254,97.189445,96.320457
4.5388432,-1.725022,15.344439,-1.890222,15.556363,96.979141,96.414261
4.5484109,-1.723825,15.045163,-1.689109,15.237506,96.364433,96.536263
4.5584998,-1.668759,14.669273,-1.558625,14.845930,96.026398,96.489998
4.5684719,-1.611298,14.237121,-1.489193,14.405193,95.933777,96.457024
4.5783100,-1.594538,13.846866,-1.522712,14.021301,96.234612,96.568970
4.5884418,-1.598130,13.552379,-1.514333,13.730046,96.332222,96.725403
4.5984807,-1.586159,13.387178,-1.382651,13.551538,95.856026,96.757095
4.6085730,-1.555034,13.324929,-1.140837,13.463780,94.860718,96.656372
4.6184769,-1.502362,13.311762,-0.992397,13.432980,94.236732,96.439140
4.6288600,-1.007959,13.305776,-0.967257,13.378910,94.145943,94.332085
4.6384230,-0.705092,13.181277,-0.981623,13.236570,94.252953,93.061943
4.6486921,-0.562637,12.969391,-1.007959,13.020661,94.439835,92.484047
4.6584330,-0.527921,12.779052,-1.104924,12.837590,94.937523,92.365631
4.6684880,-0.580594,12.559982,-1.237802,12.634175,95.622429,92.646652
4.6793399,-0.708684,12.369643,-1.326388,12.460723,96.110451,93.279015
4.6884060,-0.951695,12.208035,-1.277307,12.311513,95.955093,94.457558
4.7005358,-1.286883,12.059594,-1.047463,12.173211,94.936211,96.091003
4.7184176,-1.790863,11.951855,-0.932542,12.121206,94.412392,98.521782
4.7283931,-1.835156,11.949461,-1.174356,12.146461,95.548195,98.731064
4.7383971,-1.731008,11.838130,-1.272518,12.031501,96.071274,98.319008
4.7486310,-1.617283,11.648989,-1.261744,11.828210,96.123535,97.904114
4.7586412,-1.617283,11.374852,-1.328782,11.565834,96.597198,98.092110
4.7685018,-1.704672,11.061212,-1.254562,11.261893,96.395958,98.761070
4.7785158,-1.819593,10.696096,-0.999579,10.895713,95.263748,99.654587
4.7887430,-1.958457,10.342952,-0.709881,10.550647,93.857956,100.722122
4.7983789,-2.153584,9.967062,-0.630872,10.216567,93.540260,102.192474
4.8083820,-2.342726,9.567230,-0.577003,9.866772,93.352531,103.759270
4.8185387,-2.382231,9.166202,-0.539892,9.486082,93.262703,104.568466
4.8284683,-2.183512,8.840590,-0.490811,9.119465,93.085159,103.873657
4.8385038,-1.764527,8.592790,-0.505177,8.786626,93.295967,101.604355
4.8491917,-1.261744,8.458714,-0.515950,8.567850,93.452400,98.483971
4.8586330,-0.827197,8.389283,-0.434548,8.441159,92.950867,95.631248
4.8683238,-0.478840,8.374918,-0.308852,8.394279,92.108566,93.272354
4.8791156,-0.240617,8.403648,-0.229843,8.410233,91.566032,91.640076
4.8891225,-0.122104,8.370130,-0.138864,8.372171,90.950371,90.835777
4.8983879,-0.056264,8.219295,-0.253785,8.223404,91.768509,90.392204
4.9085069,-0.189142,7.983466,0.179565,7.987724,88.711876,91.357178
4.9184179,-0.420182,7.618350,0.166397,7.631742,88.750664,93.156891
4.9283199,-0.713472,7.321469,0.105345,7.356905,89.179543,95.565857
4.9387259,-1.065420,7.143101,0.178368,7.224321,88.585228,98.483337
4.9484506,-1.380257,7.137115,0.055067,7.269564,89.565979,100.945396
4.9583969,-1.519121,7.305906,-0.015562,7.462187,90.119492,101.746170
4.9683566,-1.480814,7.533356,-0.082600,7.677961,90.616402,101.120712
4.9783468,-1.290475,7.694964,-0.113725,7.803252,90.835060,99.520126
4.9884486,-1.025915,7.679402,-0.174777,7.749598,91.292305,97.609268
4.9987779,-0.736217,7.428011,-0.217872,7.467586,91.671883,95.660309
5.0084209,-0.438139,7.055712,-0.166397,7.071260,91.348381,93.553337
5.0183897,-0.251391,6.609194,-0.108936,6.614870,90.943611,92.178284
5.0284925,-0.002394,6.271611,0.086191,6.272204,89.212631,90.021873
5.0384345,0.052672,5.908890,0.120907,5.910361,88.827827,89.489273
5.0486021,0.135272,5.735310,0.102951,5.737829,88.971916,88.648880
5.0584779,0.286107,5.730522,0.130484,5.739143,88.697220,87.141777
5.0684729,0.550666,5.773617,0.201113,5.803304,88.014023,84.551819
5.0784440,0.857124,5.786786,0.363919,5.861228,86.440262,81.574753
5.0883346,1.149217,5.780800,0.530316,5.917735,84.858559,78.756256
5.0988011,1.521515,5.476737,0.717063,5.729208,82.810051,74.473953
5.1083097,1.731008,5.346252,0.823605,5.679536,81.661980,72.059105
5.1185026,1.899799,5.228937,0.895431,5.634964,80.856575,70.032692
5.1283898,2.100912,5.159505,0.960075,5.652970,80.221748,67.844208
5.1384110,2.258929,5.133168,1.102530,5.715571,78.877968,66.247368
5.1484408,2.388216,5.164293,1.175553,5.809942,78.326477,65.181923
5.1585398,2.493561,5.287594,1.205481,5.969060,78.348701,64.752045
5.1684098,2.651578,5.498284,1.159991,6.213500,79.240395,64.254051
5.1783857,2.762909,5.792771,1.085770,6.509129,80.397758,64.500816
5.1883926,2.849100,6.096835,1.115698,6.821550,80.586708,64.952934
5.2001581,2.962825,6.391322,1.191115,7.144653,80.403168,65.128975
5.2084427,3.028665,6.637924,1.235408,7.400074,80.389732,65.474358
5.2184949,3.175909,6.771999,1.323994,7.596007,79.962006,64.874527
5.2282939,3.420117,6.833052,1.225831,7.738893,80.886032,63.410862
5.2383275,3.648763,6.937200,1.483208,7.977350,79.284798,62.256947
5.2482886,3.847482,7.052121,1.477222,8.168092,79.580559,61.384087
5.2582178,4.024653,7.219715,1.407791,8.384748,80.334312,60.862381
5.2681928,4.067749,7.477092,1.353921,8.618966,80.962189,61.452564
5.2781849,3.936068,7.674613,1.300052,8.722526,81.428398,62.848141
5.2881918,3.790021,7.855376,1.206678,8.804956,82.123093,64.243858
5.2989006,3.885789,8.129512,1.120486,9.079858,82.911430,64.452873
5.3082137,4.118027,8.467094,1.128866,9.482836,83.163116,64.063721
5.3182225,4.447230,8.845378,1.225831,9.976032,82.941795,63.307919
5.3281865,4.686650,9.126697,1.306037,10.342485,82.745384,62.819050
5.3384275,4.717774,9.214086,1.525106,10.463399,81.618919,62.886753
5.3490276,4.666299,9.078813,1.699883,10.348372,80.545418,62.797886
5.3585081,4.469975,8.702923,1.769315,9.942435,79.749283,62.814167
5.3684163,4.266468,8.206126,1.893813,9.440857,78.428093,62.529514
5.3784428,4.016273,7.638700,2.019509,8.863330,76.829475,62.265518
5.3884473,3.902549,7.152678,2.134431,8.422974,75.320854,61.382824
5.3988118,3.825934,6.780379,2.237381,8.100444,73.966171,60.565460
5.4086137,3.762488,6.558916,2.485181,7.959385,71.806160,60.159485
5.4188051,3.726575,6.491878,2.670732,7.947619,70.364098,60.142605
5.4286938,3.823540,6.605602,2.747346,8.111803,70.203224,59.936329
5.4383440,3.944447,6.812701,2.716222,8.327630,70.963531,59.929829
5.4486260,4.129998,7.092823,2.620454,8.615788,72.293228,59.788677
5.4589386,4.333505,7.414843,2.451663,8.931395,74.067818,59.696423
5.4687757,4.326323,7.661446,2.236184,9.078289,75.740013,60.547127
5.4785028,4.255693,7.870938,2.075773,9.185392,76.939117,61.600601
5.4900789,4.061763,8.088810,1.969231,9.263080,77.725868,63.336670
5.4986539,3.794810,8.318654,1.892616,9.337162,78.305275,65.478439
5.5089006,3.585317,8.623915,1.835156,9.518099,78.883362,67.425331
5.5183620,3.506308,8.890868,1.832761,9.731431,79.144417,68.477119
5.5283618,3.520674,9.081207,1.918953,9.927026,78.854225,68.809296
5.5382462,3.663129,9.178172,2.076970,10.098077,78.130707,68.242409
5.5482216,3.824737,9.234436,2.255338,10.246462,77.284569,67.501541
5.5582728,3.994725,9.303867,2.413355,10.408846,76.593620,66.763161
5.5691948,4.193444,9.431957,2.843115,10.706544,74.600410,66.030090
5.5784569,4.246117,9.496601,2.962825,10.816342,74.102272,65.909645
5.5883508,4.255693,9.537302,3.027468,10.873666,73.833954,65.952820
5.5985246,4.220978,9.518148,3.094506,10.862218,73.447899,66.084328
5.6083589,4.153940,9.509769,3.090914,10.827958,73.413841,66.403931
5.6188440,4.065354,9.467871,3.034651,10.741359,73.589325,66.762077
5.6284022,3.960010,9.405622,3.037045,10.647583,73.427208,67.167648
5.6383939,3.867833,9.301474,3.058593,10.527703,73.110428,67.420990
5.6483779,3.757699,9.199720,2.966416,10.370862,73.379356,67.782051
5.6584420,3.598485,9.180567,3.281253,10.392234,71.594452,68.596428
5.6683435,3.550601,9.170990,3.065775,10.301106,72.685524,68.835800
5.6785960,3.578135,9.197326,2.929306,10.294400,73.467850,68.741936
5.6885653,3.649961,9.216479,2.806004,10.302396,74.195000,68.395172
5.6989069,3.702633,9.242816,2.711433,10.319448,74.766708,68.169174
5.7086182,3.743334,9.293094,2.602497,10.351190,75.438438,68.060020
5.7193766,3.816358,9.380483,2.486378,10.427853,76.205734,67.861534
5.7286158,3.891775,9.412804,2.394202,10.463221,76.772346,67.537086
5.7397738,3.849876,9.334992,2.281674,10.352279,77.267288,67.588089
5.7494769,3.624821,9.133880,2.231396,10.077014,77.206711,68.354126
5.7586160,3.342306,8.902839,2.188300,9.758083,77.040916,69.422852
5.7683396,3.062184,8.734048,2.069787,9.483912,77.394203,70.679176
5.7793307,2.894590,8.609550,1.950077,9.290092,77.882957,71.417000
5.7883720,2.835932,8.628703,2.001553,9.300712,77.572487,71.806236
5.7991629,2.772485,8.786720,2.145205,9.460181,76.893517,72.487885
5.8083510,2.588132,8.887277,2.183512,9.510512,76.727104,73.763504
5.8184299,2.379837,8.911219,2.024297,9.443051,77.621490,75.047508
5.8284340,2.297236,8.939949,1.722628,9.389751,79.428734,75.588890
5.8384509,2.245761,8.971074,1.830367,9.427293,78.804565,75.945770
5.8496952,2.274492,9.003395,1.699883,9.440553,79.626640,75.822235
5.8584876,2.395399,9.058462,1.750161,9.531880,79.419815,75.187881
5.8686266,2.619257,9.117120,1.883040,9.670999,78.772217,73.971176
5.8787179,2.962825,9.157822,2.055422,9.842195,77.945747,72.072083
5.8888350,3.367445,9.181764,2.309207,10.048727,76.714645,69.859306
5.8994236,3.740940,9.184157,2.609680,10.254454,75.256493,67.837685
5.9093676,4.016273,9.151836,2.886210,10.402729,73.892082,66.305786
5.9189210,4.205415,9.052477,3.096900,10.451012,72.762970,65.082321
5.9283471,4.323928,8.931569,3.217807,10.431853,72.033569,64.167564
5.9383531,4.315548,8.852561,3.239355,10.367508,71.792900,64.011162
5.9492278,4.249708,8.807071,3.195062,10.287514,71.906013,64.241127
5.9583440,4.165911,8.811859,3.088520,10.224609,72.418190,64.696999
5.9683228,4.092888,8.838196,2.913743,10.166383,73.345146,65.151573
5.9783487,4.021062,8.881291,2.656367,10.104581,74.758545,65.641052
5.9887056,3.954024,8.900445,2.355895,10.020103,76.401489,66.046806
5.9986506,3.858256,8.911219,2.050634,9.924770,78.075783,66.589020
6.0095367,3.839103,8.953117,1.856703,9.916873,79.209015,66.790314
6.0184889,3.885789,9.017760,1.775301,9.978530,79.751839,66.688591
6.0284801,3.976769,9.309854,1.861492,10.293358,79.581078,66.869911
6.0394907,4.188656,9.557653,2.008735,10.626787,79.104073,66.334488
6.0485821,4.545392,9.688137,2.189497,10.923118,78.436951,64.865395
6.0585670,4.944026,9.518148,2.473210,11.007057,77.015167,62.551212
6.0686131,5.288792,9.121908,2.908955,10.938124,74.576805,59.895267
6.0783095,5.543774,8.602366,3.381810,10.778255,71.713890,57.200340
6.0885267,5.711368,8.155849,3.799598,10.657135,69.112701,54.997257
6.0985565,5.801151,7.951144,4.243722,10.718359,66.675995,53.885525
6.1084518,5.966351,8.037335,4.605247,11.018367,65.294083,53.412415
6.1184278,6.198588,8.280347,4.692636,11.358146,65.597038,53.181824
6.1284676,6.588843,8.519767,4.463989,11.658751,67.487350,52.283085
6.1385050,6.862979,8.627506,3.975572,11.719194,70.169670,51.498573
6.1483622,7.071275,8.584411,3.716998,11.726513,71.519981,50.520538
6.1583390,7.272388,8.556877,3.544616,11.775910,72.481987,49.639187
6.1683316,7.425617,8.626308,3.190274,11.820779,74.342461,49.277782
6.1784697,7.557298,8.815451,2.509123,11.879420,77.806381,49.394218
6.1893392,7.999028,9.034520,1.728614,12.189959,81.847610,48.478806
6.1983628,8.726865,9.060856,1.417367,12.659629,83.571709,46.075687
6.2087207,9.222465,8.723274,1.945289,12.842645,81.287811,43.406635
6.2185397,9.260772,8.021772,2.640805,12.533339,77.836479,40.899437
6.2285209,9.003395,7.237672,3.169923,11.978875,74.655266,38.795193
6.2384257,8.577228,6.569689,3.696647,11.419057,71.111580,37.450150
6.2484989,8.239645,6.126762,4.230555,11.105248,67.607399,36.633427
6.2587008,7.977480,5.843049,4.345476,10.801138,66.276924,36.220650
6.2695670,7.759608,5.674258,4.169502,10.478238,66.551781,36.176357
6.2783809,7.546524,5.740098,3.755305,10.198092,68.393127,37.257641
6.2884040,7.120356,5.916072,3.359065,9.847980,70.056595,39.722088
6.2992048,6.512228,6.115988,2.808398,9.364909,72.549286,43.202801
6.3085971,5.802348,6.368577,2.638410,9.010395,72.973228,47.663654
6.3185372,5.183447,6.733692,2.700660,8.916518,72.369171,52.411720
6.3284578,4.750096,7.248446,2.936488,9.150209,71.281410,56.762123
6.3385506,4.416105,7.844602,3.112462,9.525082,70.927467,60.622738
6.3485522,4.028244,8.414422,2.984372,9.794679,72.260292,64.418114
6.3584070,3.913323,8.834604,2.985569,10.113256,72.829659,66.108864
6.3684449,3.681085,8.936357,3.070564,10.140869,72.374687,67.612144
6.3785000,3.564966,8.731653,3.219004,9.965578,71.154808,67.790749
6.3884840,3.484761,8.349778,3.397372,9.664599,69.419228,67.346893
6.3983231,3.462016,7.946355,3.839103,9.479917,66.110619,66.458527
6.4084759,3.558981,7.592013,4.156334,9.358425,63.632469,64.883774
6.4198050,3.816358,7.261614,4.139575,9.188672,63.223686,62.275726
6.4283967,4.100070,7.011420,4.317943,9.198652,62.003971,59.682171
6.4383497,4.345476,6.818686,4.522647,9.264555,60.779846,57.491074
6.4485865,4.717774,6.706159,4.740520,9.471140,59.965420,54.873661
6.4587202,5.121197,6.752846,5.268441,9.979181,58.133411,52.824188
6.4686027,5.392939,6.842628,5.886145,10.514374,55.956722,51.756996
6.4783149,5.357026,6.927623,6.332664,10.807049,54.128078,52.285759
6.4892559,4.521450,6.903681,6.351817,10.413928,52.415211,56.777878
6.4984131,3.949236,6.932411,5.969942,9.964687,53.193829,60.330826
6.5084515,3.303998,7.058106,5.659893,9.631598,54.010426,64.915047
6.5184155,2.570175,7.322666,5.297171,9.396130,55.683704,70.659485
6.5284438,1.941698,7.734468,4.964377,9.393468,58.096344,75.907433
6.5383415,1.323994,8.233660,4.558560,9.504030,61.337788,80.864891
6.5483627,0.675165,8.621520,4.168305,9.600063,64.265877,85.522217
6.5585909,0.064643,8.643068,3.786430,9.436305,66.342911,89.571480
6.5688419,0.762553,10.079589,3.574543,10.721799,70.525322,85.673630
6.5785074,1.708263,11.032481,2.937685,11.543994,75.257378,81.198250
6.5884180,-0.715866,8.588001,2.766500,9.050953,72.202217,94.764961
6.5985227,-2.185906,7.023391,3.348291,8.081909,65.525101,107.287827
6.6084676,-2.803610,6.149507,3.786430,7.746852,60.740223,114.508629
6.6191697,-2.100912,6.156690,3.882198,7.575626,59.172237,108.841721
6.6282983,-1.037886,6.178237,4.774038,7.876501,52.691132,99.536118
6.6384954,-0.045490,5.671864,5.760449,8.084237,44.556961,90.459518
6.6483974,1.662773,5.754464,6.141128,8.578585,44.285683,73.883156
6.6589346,2.694674,5.881356,6.030994,8.844461,47.008095,65.384064
6.6683831,4.112041,6.636727,6.739678,10.313986,49.197746,58.218113
6.6784420,5.159505,7.347805,7.001843,11.385804,52.050804,54.924114
6.6886449,5.458780,7.521385,6.968324,11.615810,53.137268,54.029057
6.6984887,5.559336,7.527370,6.999449,11.685881,53.204102,53.552292
6.7083182,5.683835,7.472303,7.287950,11.885096,52.178699,52.741432
6.7184620,5.679047,7.125144,7.611167,11.872200,50.126736,51.443649
6.7284479,5.407305,6.649895,7.800309,11.588998,47.694862,50.884014
6.7383780,4.997896,6.309918,7.730877,11.160667,46.156612,51.618317
6.7484498,4.576517,6.130353,7.316680,10.585818,46.276600,53.257412
6.7584448,4.147954,6.178237,6.709750,10.019825,47.960140,56.123318
6.7687058,3.335123,5.917270,6.319495,9.277562,47.065720,60.593292
6.7784147,3.051410,6.075287,6.203377,9.203375,47.620914,63.331177
6.7892199,3.879804,7.107188,6.426037,10.337260,51.564125,61.369934
6.7985187,4.104859,7.236475,7.055712,10.908689,49.699425,60.436111
6.8084769,3.655946,6.666655,7.307104,10.545330,46.138046,61.259949
6.8204041,3.009511,5.955577,7.138312,9.771466,43.069473,63.191315
6.8303356,2.561796,5.386954,7.024588,9.215579,40.336922,64.566315
6.8387709,2.213439,5.347449,6.139930,8.437611,43.307259,67.514145
6.8501401,1.856703,5.505467,5.981913,8.339112,44.165348,71.363464
6.8583570,1.857901,5.833472,6.545747,8.962589,43.085003,72.333862
6.8684831,1.800440,5.930438,7.404069,9.655667,39.931648,73.112076
6.8786325,1.971625,5.835866,7.269993,9.528769,40.274868,71.332657
6.8883777,2.205060,5.700594,7.594408,9.748543,38.828148,68.852921
6.8984537,2.627636,5.540183,7.747637,9.880485,38.359226,64.625626
6.9089017,2.856283,5.215768,9.063251,10.839976,33.269966,61.293804
6.9187317,3.007117,4.356250,8.856153,10.317514,30.866941,55.382698
6.9283328,3.604471,4.856638,9.208099,11.016726,33.297733,53.418152
6.9383240,3.475184,5.419276,9.635465,11.588254,33.748367,57.329430
6.9484210,3.070564,5.725733,9.218874,11.278299,35.174702,61.796482
6.9585195,2.385822,5.661090,7.284359,9.529006,40.142754,67.147392
6.9683447,1.106121,5.549759,6.507440,8.623811,41.010456,78.728096
6.9783387,1.310825,6.823475,5.966351,9.158352,49.347813,79.125656
6.9883370,0.806846,7.632715,6.712144,10.196187,48.829693,83.965736
6.9997764,0.213084,6.050148,7.186196,9.396335,40.111935,87.982895
7.0090981,0.726640,6.530185,7.076063,9.656190,42.878296,83.650589
7.0189281,0.551863,7.273585,6.572083,9.818445,47.982239,85.661148
7.0285554,-0.096965,7.084443,5.880159,9.207335,50.309620,90.784164
7.0387230,-0.258574,6.622362,5.905299,8.876659,48.297619,92.236008
7.0486031,0.505177,6.781576,6.545747,9.438845,46.092964,85.739761
7.0584087,0.924162,7.076063,6.722919,9.804202,46.707897,82.559059
7.0684199,1.108515,7.636306,7.408857,10.697343,46.164631,81.740417
7.0782948,0.879869,8.009802,7.413646,10.949577,47.384789,83.731247
7.0884571,0.239420,7.687782,7.120356,10.481354,47.208260,88.216217
7.0986867,-0.144849,6.940791,7.060501,9.901830,44.516376,91.195549
7.1083117,0.017957,6.852205,7.194576,9.935540,43.603867,89.849854
7.1185780,0.452504,6.672640,7.170634,9.805451,43.005302,86.120438
7.1282368,0.966060,6.792350,7.001843,9.802811,44.416683,81.905243
7.1382136,0.405817,6.684611,7.321469,9.922330,42.449036,86.525887
7.1482329,-0.119710,6.344635,7.256825,9.640033,41.168221,91.080925
7.1586218,-0.101754,6.645107,6.758832,9.478903,44.517246,90.877274
7.1689448,0.187945,6.951565,6.347029,9.415112,47.613220,88.451309
7.1784167,-0.053870,7.068881,6.561310,9.644831,47.133465,90.436623
7.1886940,0.196325,6.891710,6.582858,9.532483,46.324665,88.368256
7.1984630,0.186748,6.779182,6.647501,9.496392,45.572773,88.422058
7.2083278,0.131681,6.851008,6.509834,9.451539,46.468029,88.898872
7.2185020,-0.047884,6.977901,6.422446,9.483734,47.374271,90.393173
7.2284298,-0.094571,6.851008,6.248867,9.273273,47.634491,90.790855
7.2397575,-0.021548,6.737284,6.272809,9.205410,47.044800,90.183250
7.2485285,-0.070629,6.774394,6.248867,9.216600,47.312351,90.597336
7.2585387,-0.397437,6.868965,6.153099,9.230453,48.194149,93.311432
7.2685018,-0.823605,6.710948,5.870583,8.954266,49.033432,96.996674
7.2783098,-1.132457,6.263232,5.932832,8.701094,47.011703,100.248940
7.2883859,-1.124078,6.167464,5.878962,8.594379,46.839272,100.329308
7.2984447,-1.260547,5.936423,5.985504,8.523870,45.395813,101.988190
7.3102846,-1.288081,5.864597,6.001067,8.489138,45.015846,102.387558
7.3189368,-1.242591,5.789180,6.062119,8.473955,44.325455,102.114174
7.3285818,-1.042675,5.717354,5.875371,8.264096,44.687618,100.335457
7.3393340,-0.682347,5.779603,5.993884,8.354403,44.155483,96.733246
7.3484287,-0.401029,6.080075,6.526594,8.928862,43.033508,93.773643
7.3584261,-0.253785,6.415264,7.346608,9.756673,41.150566,92.265419
7.3683457,0.014365,6.756437,7.650671,10.206980,41.448338,89.878181
7.3784337,0.654814,7.407660,7.875727,10.831864,43.357113,84.948364
7.3883929,0.950498,7.443573,7.943961,10.927797,43.368702,82.723068
7.3983707,1.405396,7.416040,8.171411,11.124062,42.729038,79.269264
7.4083557,1.495179,7.465121,8.609550,11.492951,41.486168,78.674164
7.4182129,1.100136,7.290344,9.240421,11.821371,38.586185,81.418633
7.4282541,0.219069,6.724115,9.210494,11.405915,36.145760,88.133980
7.4382958,-0.150835,6.878541,8.972271,11.306579,37.482025,91.256195
7.4482198,-0.411803,6.889316,8.668207,11.080166,38.526749,93.420731
7.4584422,-0.547075,6.646304,8.372523,10.703821,38.537598,94.705559
7.4682298,-0.392649,6.787562,8.133103,10.600592,39.894108,93.310776
7.4783568,-0.240617,6.918046,7.990648,10.572025,40.902103,91.992004
7.4886117,-0.292093,6.957550,7.934384,10.556859,41.272076,92.403984
7.4982376,-0.462081,6.934805,7.764396,10.420695,41.832836,93.812103
7.5081849,-0.594959,6.894104,7.671022,10.330888,42.052387,94.932388
7.5184336,-0.634463,6.979098,7.473501,10.245173,43.158386,95.194427
7.5283399,-0.614113,7.076063,7.120356,10.057200,44.928722,94.960121
7.5383348,-0.588974,7.183802,6.827066,9.927876,46.554340,94.686989
7.5482607,-0.623690,7.308300,6.691794,9.928764,47.624966,94.877800
7.5582337,-0.775721,7.241263,6.607996,9.833781,47.780781,96.114502
7.5682831,-0.796072,7.145495,6.603208,9.761874,47.434834,96.357048
7.5784917,-0.610521,7.163452,6.649895,9.793308,47.232548,94.871391
7.5886507,-0.490811,7.267599,6.758832,9.936835,47.142330,93.863556
7.5984406,-0.484826,7.182605,6.736086,9.858993,46.902428,93.861610
7.6085758,-0.447716,7.121553,6.695385,9.784945,46.823051,93.597321
7.6183457,-0.537498,6.983886,6.584054,9.613186,46.772392,94.400955
7.6288009,-0.696713,6.830657,6.561310,9.497056,46.300327,95.823906
7.6384315,-0.827197,6.785168,6.609194,9.508112,45.963936,96.950768
7.6484957,-0.867898,6.792350,6.635530,9.535173,45.900997,97.281555
7.6588693,-0.942118,6.712144,6.737284,9.556749,45.172356,97.989853
7.6683717,-1.007959,6.617573,6.781576,9.528800,44.627205,98.660469
7.6784067,-1.043872,6.552930,6.730101,9.451181,44.594704,99.051086
7.6891770,-0.976834,6.716933,6.673837,9.519007,45.484154,98.274437
7.6986365,-0.908600,6.991069,6.777985,9.779656,46.126389,97.404984
7.7086067,-0.888249,7.179014,6.726510,9.877913,47.080925,97.053276
7.7183766,-0.878672,7.295133,6.849811,10.045444,47.009087,96.867981
7.7285318,-0.955287,7.192182,6.870162,9.991956,46.561993,97.565910
7.7389116,-1.115698,6.957550,6.918046,9.874799,45.526775,99.110268
7.7491932,-1.183933,6.785168,6.839037,9.706319,45.203056,99.897797
7.7584257,-1.304840,6.627151,7.072472,9.779652,43.682148,101.138664
7.7683640,-1.350330,6.558916,7.229292,9.854208,42.808853,101.633339
7.7783666,-1.316811,6.506243,7.279570,9.851768,42.361347,101.441650
7.7890496,-1.149217,6.557718,7.152678,9.771651,42.947151,99.939941
7.7984738,-0.951695,6.726510,7.020997,9.769650,44.056549,98.053001
7.8092704,-0.809240,6.900089,6.952762,9.828886,44.977825,96.689072
7.8183761,-0.842759,6.866570,6.916849,9.782783,45.005165,96.997124
7.8285437,-0.916979,6.839037,6.971915,9.809224,44.703953,97.636681
7.8390250,-1.027112,6.791153,7.038953,9.834713,44.297329,98.600388
7.8484278,-1.116895,6.809110,7.080852,9.886854,44.259312,99.315247
7.8584609,-1.191115,6.728904,7.003040,9.784655,44.298042,100.038216
7.8685517,-1.155202,6.716933,6.858191,9.668839,44.821316,99.758469
7.8786516,-1.065420,6.727707,6.664260,9.529403,45.626194,98.998802
7.8886480,-0.998382,6.865374,6.618771,9.588444,46.347229,98.274117
7.8988390,-1.042675,6.892907,6.775591,9.721520,45.815731,98.601791
7.9084516,-1.119289,6.885724,6.800730,9.742480,45.729305,99.232796
7.9183745,-1.154005,6.953959,6.771999,9.774929,46.148415,99.422333
7.9284487,-1.096544,7.104794,6.704962,9.830413,46.994926,98.773727
7.9384170,-1.083376,7.194576,6.685808,9.881076,47.419331,98.563393
7.9483590,-1.136049,7.038953,6.629545,9.735929,47.083172,99.168167
7.9583488,-1.200692,6.873753,6.612785,9.613483,46.538609,99.908333
7.9683638,-1.266533,6.806715,6.685808,9.624735,46.000782,100.540543
7.9784832,-1.286883,6.783970,6.774394,9.673196,45.546810,100.741081
7.9883590,-1.271321,6.733692,6.849811,9.689106,45.011887,100.691589
7.9985256,-1.152808,6.678626,6.915652,9.682936,44.421490,99.793411
8.0084276,-1.012747,6.701371,7.074866,9.797334,43.770084,98.593819
8.0184755,-0.910994,6.776788,7.128736,9.877936,43.806419,97.656288
8.0283613,-0.826000,6.952762,7.127539,9.991245,44.489536,96.775078
8.0389624,-0.826000,7.011420,7.090428,10.005821,44.876415,96.718918
8.0483608,-0.847547,6.973113,7.026982,9.935850,44.989601,96.930023
8.0584898,-0.883460,6.977901,7.037756,9.949956,44.983105,97.215729
8.0686426,-0.972046,6.943185,7.068881,9.955992,44.764053,97.969612
8.0785999,-0.999579,6.903681,7.049727,9.917591,44.697468,98.238564
8.0890617,-0.991199,6.879739,6.982689,9.852473,44.868767,98.198479
8.0984821,-0.952892,6.866570,6.890512,9.774301,45.173512,97.900627
8.1086168,-0.902614,6.939594,6.895301,9.824350,45.423721,97.410706
8.1184778,-0.958878,7.003040,6.937200,9.903875,45.536636,97.796631
8.1285734,-1.065420,6.973113,6.873753,9.849259,45.741604,98.687019
8.1384201,-1.149217,6.950367,6.732495,9.744475,46.298302,99.388695
8.1536102,-1.191115,6.977901,6.622362,9.693582,46.908161,99.686920
8.1684122,-1.171962,6.937200,6.700173,9.715480,46.398464,99.588936
8.1786451,-1.112107,7.020997,6.797139,9.835257,46.282810,99.000717
8.1893024,-1.098939,7.026982,6.831854,9.862067,46.152554,98.888397
8.1983242,-1.114501,6.999449,6.756437,9.792029,46.370399,99.047081
8.2089167,-1.100136,7.011420,6.671443,9.740558,46.771164,98.917358
8.2185564,-1.089362,7.037756,6.679823,9.764054,46.833256,98.798882
8.2283764,-1.101333,7.095217,6.780379,9.875656,46.640396,98.823143
8.2384911,-1.092953,7.187394,6.829460,9.974703,46.789703,98.646461
8.2491722,-1.113304,7.177817,6.795941,9.947125,46.905273,98.816521
8.2587652,-1.084573,7.216124,6.777985,9.959409,47.112503,98.547501
8.2688599,-1.128866,7.115568,6.792350,9.901599,46.686863,99.014694
8.2785206,-1.186327,6.955156,6.823475,9.815364,45.958191,99.679672
8.2884254,-1.179144,6.907272,6.803124,9.766437,45.846581,99.687607
8.2985744,-1.089362,6.994660,6.769605,9.794873,46.279770,98.852242
8.3083773,-1.018733,7.038953,6.780379,9.826404,46.368595,98.235115
8.3183966,-1.000776,7.041347,6.842628,9.869330,46.106308,98.089188
8.3285561,-0.969652,7.132327,6.926425,9.989279,46.101261,97.741989
8.3391609,-0.943315,7.151481,6.898892,9.981395,46.276794,97.514214
8.3483715,-0.927753,7.190985,6.927623,10.028108,46.304901,97.351471
8.3584604,-0.955287,7.097611,6.727707,9.826021,46.789341,97.665527
8.3687572,-1.029507,6.891710,6.718130,9.679298,46.046684,98.496208
8.3784351,-1.053449,6.975507,6.783970,9.787222,46.120369,98.587975
8.3886337,-1.059434,6.953959,6.825869,9.801655,45.861141,98.662392
8.3983402,-1.011550,6.933608,6.895301,9.830733,45.460365,98.300377
8.4093580,-0.946907,6.916849,6.961142,9.858850,45.083099,97.795258
8.4183779,-0.896629,6.985084,6.974309,9.911424,45.278309,97.314674
8.4284334,-0.853533,7.105990,6.896498,9.939080,46.062210,96.849243
8.4385490,-0.916979,7.125144,6.821081,9.906345,46.484032,97.333443
8.4488878,-1.063026,7.003040,6.771999,9.799621,46.286949,98.631317
8.4587917,-1.198298,6.888118,6.706159,9.687861,46.193676,99.868752
8.4693012,-1.256956,6.872556,6.673837,9.661887,46.311405,100.364555
8.4786243,-1.268927,6.867768,6.697779,9.676603,46.198490,100.468231
8.4885511,-1.177947,6.846220,6.721721,9.666428,45.943481,99.762611
8.4983273,-1.046266,6.861782,6.724115,9.663978,45.909660,98.669533
8.5083857,-0.932542,6.925229,6.764817,9.725800,45.928638,97.669235
8.5183859,-0.877475,6.979098,6.804321,9.786550,45.951046,97.166138
8.5286598,-0.910994,7.000646,6.793547,9.797512,46.100533,97.414238
8.5384998,-0.991199,6.967127,6.807912,9.791374,45.949116,98.097023
8.5485725,-1.036689,6.938396,6.777985,9.754852,45.986156,98.497894
8.5586433,-0.991199,6.958747,6.785168,9.769603,46.011158,98.106644
8.5691290,-0.940921,6.988675,6.810307,9.803427,45.997772,97.667915
8.5790501,-0.858321,7.016208,6.864176,9.852960,45.840244,96.974571
8.5883818,-0.878672,6.982689,6.906075,9.860217,45.541069,97.172157
8.5992250,-0.878672,7.005434,6.914454,9.882198,45.598030,97.149117
8.6095600,-0.930147,6.957550,6.904878,9.846320,45.471432,97.614662
8.6187239,-0.966060,6.856994,6.866570,9.751996,45.241547,98.019440
8.6287651,-0.962469,6.876147,6.839037,9.745777,45.432938,97.968048
8.6387281,-0.978031,6.958747,6.867768,9.825830,45.657150,98.000351
8.6498737,-1.010353,6.959944,6.851008,9.818246,45.750572,98.259750
8.6585522,-0.976834,6.940791,6.812701,9.774542,45.814457,98.011086
8.6685362,-0.961272,6.939594,6.811504,9.771315,45.805851,97.886421
8.6784096,-1.000776,6.916849,6.822278,9.766668,45.691086,98.232811
8.6886292,-0.985214,6.932411,6.777985,9.745258,45.931633,98.088547
8.6984282,-0.938527,6.968324,6.777985,9.766241,46.050674,97.670708
8.7090559,-0.912191,7.023391,6.788759,9.810574,46.212643,97.400093
8.7184458,-0.909797,7.009026,6.788759,9.800072,46.153763,97.395844
8.7283764,-0.910994,6.965930,6.800730,9.777731,45.930336,97.450768
8.7384577,-0.879869,6.971915,6.867768,9.825885,45.657459,97.192810
8.7483349,-0.829591,7.019799,6.916849,9.889823,45.621872,96.739883
8.7591352,-0.778116,7.018602,6.930017,9.894008,45.538834,96.326248
8.7685289,-0.809240,7.006631,6.969521,9.915744,45.341938,96.588264
8.7786236,-0.876278,6.907272,6.987478,9.864234,44.897961,97.230095
8.7884960,-0.787692,6.938396,7.119159,9.972173,44.446674,96.476860
8.7984333,-0.748188,6.934805,7.287950,10.087890,43.743248,96.157753
