Keuwl Accelerometer Data File
2019-06-27 15-58-43

Time (s), X (m/s2), Y (m/s2), Z (m/s2), R (m/s2), Theta (deg), Phi (deg)
0.0000000,1.031901,5.538986,8.215703,9.962075,34.442120,79.446899
0.0098910,1.024718,5.242105,8.836999,10.325806,31.149900,78.939384
0.0200510,0.921768,5.361814,8.672996,10.238143,32.099579,80.245438
0.0298580,0.869095,5.342661,8.740033,10.280444,31.770807,80.760574
0.0398980,0.812831,5.238513,8.756793,10.236413,31.189938,81.180061
0.0498890,0.744597,5.051765,8.388085,9.820119,31.331455,81.615356
0.0599280,0.791284,4.983531,8.319851,9.730449,31.236662,80.977905
0.0699890,0.938527,5.134366,8.409634,9.897700,31.825800,79.641090
0.0800780,0.878672,5.226542,8.391677,9.925173,32.275070,80.456833
0.0899660,0.555455,5.122395,8.103176,9.602548,32.450329,83.811226
0.0999750,0.284910,5.152322,7.705738,9.273942,33.808483,86.834915
0.1099160,0.213084,5.237316,7.376535,9.049208,35.396999,87.670166
0.1199390,0.205901,5.169082,7.217321,8.879838,35.631931,87.718925
0.1300020,0.251391,5.237316,7.478289,9.133318,35.035934,87.251915
0.1402520,0.392649,5.476737,7.941567,9.654911,34.659954,85.899254
0.1500140,0.648829,5.481525,8.501810,10.136512,32.993607,83.249512
0.1602770,0.883460,5.420473,8.647857,10.244387,32.418423,80.742996
0.1700160,1.101333,5.309142,8.506598,10.087723,32.513748,78.280731
0.1800860,1.290475,5.309142,8.562862,10.157506,32.540829,76.338249
0.1902810,1.219846,5.285200,8.669404,10.226433,32.032787,77.003487
0.2000680,1.070208,5.325902,8.667010,10.228765,32.078922,78.638069
0.2100060,0.824802,5.323507,8.512584,10.073932,32.326881,81.192856
0.2199710,0.681150,5.297171,8.328231,9.893605,32.671524,82.672684
0.2300350,0.695516,5.313931,8.256405,9.843263,32.987705,82.543213
0.2400720,0.731429,5.275623,8.233660,9.806138,32.897511,82.106659
0.2500950,0.742203,5.293580,8.206126,9.793537,33.079674,82.018700
0.2601810,0.682347,5.227739,8.184579,9.735615,32.787544,82.563545
0.2700390,0.657208,5.203797,8.236053,9.764425,32.491032,82.801994
0.2802330,0.702698,5.234922,8.261193,9.805382,32.593208,82.354729
0.2900820,0.741005,5.188235,8.327033,9.839022,32.185570,81.871750
0.3001940,0.836774,5.216966,8.398860,9.922588,32.173622,80.887672
0.3099990,0.933739,5.282806,8.353370,9.927673,32.709343,79.976471
0.3200530,0.946907,5.261258,8.307879,9.879187,32.759666,79.797287
0.3301140,0.895431,5.221754,8.232463,9.789890,32.763161,80.269508
0.3402040,0.828394,5.244499,8.163031,9.737868,33.041382,81.024017
0.3499180,0.684742,5.109226,8.112753,9.611962,32.432198,82.366669
0.3600040,0.696713,5.155913,8.030152,9.568292,32.939392,82.304298
0.3699840,0.663194,5.160702,7.885303,9.447258,33.418941,82.677139
0.3800100,0.648829,5.112818,7.811083,9.358146,33.417179,82.767685
0.3901030,0.714669,5.189432,7.855376,9.441816,33.697617,82.158760
0.4000570,0.695516,5.171476,7.788338,9.374760,33.821327,82.340210
0.4099140,0.654814,5.090073,7.672219,9.230415,33.778931,82.669426
0.4199020,0.599748,5.069722,7.564480,9.125959,34.014400,83.253273
0.4299340,0.481235,5.121197,7.487866,9.084403,34.486950,84.631729
0.4399140,0.350751,5.203797,7.374141,9.032192,35.271122,86.143936
0.4499890,0.233435,5.312734,7.199365,8.950446,36.451683,87.484116
0.4616370,0.187945,5.243302,6.837840,8.618793,37.499004,87.947128
0.4700070,0.190339,5.118803,6.697779,8.431999,37.408100,87.870476
0.4799490,0.344765,5.169082,6.781576,8.533936,37.376862,86.184166
0.4903240,0.661997,5.492299,7.046135,8.958326,38.136108,83.127190
0.4999770,0.944513,5.822699,7.240066,9.338869,39.171249,80.786179
0.5100070,1.095347,5.877765,7.416040,9.526047,38.876438,79.443771
0.5200670,1.119289,5.728127,7.365762,9.397802,38.392487,78.943588
0.5300040,1.074997,5.452795,7.264008,9.146278,37.419891,78.847389
0.5400490,1.127669,5.299565,7.179014,8.994180,37.042927,77.987465
0.5500230,1.329979,5.463568,7.202956,9.137943,37.978016,76.318764
0.5600520,1.472434,5.456386,7.139510,9.105647,38.364796,74.898155
0.5708000,1.875857,5.735310,7.049727,9.279616,40.562222,71.888550
0.5805740,2.144008,5.707777,7.101202,9.359624,40.649754,69.412354
0.5900140,2.424129,5.711368,7.465121,9.706913,39.731167,67.001724
0.6001390,2.771288,5.634754,7.835025,10.040822,38.710384,63.811085
0.6100170,3.171120,5.507861,8.123527,10.314273,38.038162,60.069054
0.6200560,3.332729,5.486313,7.982268,10.243209,38.805832,58.722897
0.6300390,3.477578,5.571307,7.788338,10.187798,40.139503,58.027824
0.6400200,3.640384,5.614403,7.626729,10.145981,41.262184,57.040588
0.6500450,3.914520,5.894525,7.623138,10.401015,42.868034,56.412094
0.6601650,3.818752,6.342240,7.843405,10.785448,43.346077,58.947266
0.6700770,3.958812,5.993884,7.571663,10.436902,43.492008,56.556221
0.6802350,4.266468,5.883750,7.532158,10.466837,43.976780,54.053112
0.6902780,4.566940,6.021417,7.254431,10.475742,46.171818,52.821526
0.7000880,4.544195,6.307524,6.785168,10.318579,48.885342,54.229504
0.7102579,4.924873,6.482301,6.183026,10.222740,52.783348,52.774559
0.7202010,4.538209,5.396531,6.824672,9.812952,45.934845,49.937859
0.7300839,4.842273,6.372168,6.519411,10.322540,50.833920,52.768440
0.7402790,4.736928,6.104017,6.549339,10.128739,49.713543,52.187302
0.7501380,4.320337,5.864597,6.933608,10.056526,46.412342,53.621632
0.7601089,4.261679,5.724536,7.463924,10.326780,43.716053,53.333851
0.7700990,4.420894,5.177461,7.857770,10.396873,40.906246,49.506886
0.7803070,4.114436,5.054160,7.128736,9.658777,42.433769,50.852024
0.7900450,3.472790,4.752491,7.017405,9.159171,39.989559,53.843262
0.8003660,2.991555,4.531027,6.829460,8.724743,38.485176,56.565701
0.8105620,3.117251,4.690241,6.443994,8.558077,41.151501,56.391003
0.8205990,3.517082,4.772841,6.493075,8.792605,42.398758,53.613689
0.8302730,3.897760,5.015852,6.432023,9.040035,44.642567,52.149639
0.8402480,3.884592,4.976348,6.331466,8.941005,44.916370,52.024010
0.8502579,4.005499,5.129577,6.265626,9.034083,46.087887,52.015022
0.8606480,4.218584,5.139154,6.217742,9.103168,46.919083,50.618412
0.8700610,4.607641,5.319916,5.944803,9.212629,49.812698,49.103783
0.8803050,4.871003,5.714960,5.560534,9.343820,53.480038,49.558212
0.8907600,4.878186,6.123171,5.173870,9.383968,56.540184,51.456497
0.9000700,5.224148,6.769605,4.602853,9.711103,61.707150,52.342396
0.9099590,5.785588,6.806715,4.338294,9.931022,64.097397,49.636047
0.9200789,4.709395,5.431247,4.724957,8.602445,56.683914,49.071674
0.9299640,4.235343,5.194221,5.323507,8.559076,51.539700,50.806358
0.9400090,4.365827,5.177461,6.524199,9.403814,46.069740,49.861176
0.9500309,4.659117,5.142745,6.087258,9.230921,48.742661,47.824707
0.9600720,4.955997,5.261258,5.239710,8.927335,54.060627,46.711315
0.9699310,4.959589,5.640739,6.064513,9.653693,51.082077,48.676628
0.9801710,4.096479,5.367800,8.881291,11.156692,37.245399,52.650654
0.9904570,4.814740,5.373785,9.169792,11.668093,38.197292,48.140678
1.0001169,7.376535,7.283162,6.908469,12.457314,56.318806,44.635063
1.0099850,8.880095,9.065644,5.547365,13.849738,66.388100,45.592388
1.0199460,9.330204,10.240001,4.565742,14.586168,71.758759,47.661701
1.0299970,8.032547,10.602722,3.817555,13.838832,73.986839,52.852688
1.0401120,6.009446,10.409989,3.671508,12.568266,73.014763,60.003155
1.0499400,3.985149,9.737218,3.490746,11.085132,71.645012,67.742203
1.0602059,2.390610,8.735245,3.134010,9.583400,70.911705,74.694397
1.0699110,1.414973,7.745243,2.833538,8.367787,70.206909,79.646843
1.0800021,1.204283,7.017405,2.537854,7.558768,70.381866,80.262115
1.0899339,1.479617,6.709750,2.810793,7.423649,67.751350,77.564308
1.0998799,2.025495,6.734890,2.841918,7.585371,67.996841,73.261520
1.1100029,3.296816,7.643489,2.999935,8.848250,70.181442,66.668335
1.1200600,3.894169,8.201338,3.056198,9.579501,71.395409,64.600639
1.1303260,4.515464,8.474277,3.203442,10.122491,71.550560,61.949360
1.1401800,5.014656,8.366538,3.489549,10.359666,70.315536,59.062775
1.1501340,5.305551,7.969100,3.834314,10.312972,68.173622,56.345699
1.1601429,5.403713,7.547721,4.124012,10.157543,66.045883,54.399620
1.1707590,5.410896,7.290344,4.280833,10.037552,64.755508,53.417183
1.1800580,5.430049,7.326257,4.268862,10.068896,64.914818,53.455029
1.1902360,5.535394,7.599196,4.267664,10.324792,65.585091,53.929714
1.2004330,5.741296,7.869741,4.268862,10.635717,66.336128,53.887730
1.2100680,5.835866,8.036138,4.253299,10.804046,66.816544,54.012737
1.2201959,5.907693,7.993042,4.107253,10.754492,67.547928,53.531731
1.2302760,5.839458,7.820660,3.937265,10.524449,68.030899,53.252377
1.2402229,5.568913,7.660248,4.003105,10.281879,67.086815,53.983276
1.2513080,5.288792,7.571663,3.724181,9.958460,68.039238,55.065777
1.2602649,5.135562,7.606379,3.209427,9.722727,70.725433,55.974148
1.2700590,5.042189,7.791929,3.082535,9.779563,71.627007,57.092934
1.2802720,5.064934,8.076839,2.552219,9.869282,75.012856,57.908443
1.2902520,5.312734,8.497022,2.285265,10.278470,77.153770,57.984459
1.3001020,5.591658,8.998607,2.331953,10.848022,77.586487,58.143532
1.3105019,5.930438,9.558850,2.108095,11.444901,79.385796,58.183987
1.3202230,6.153099,10.152613,2.266112,12.086002,79.193146,58.781597
1.3301859,6.110003,10.624270,2.045845,12.425488,80.523148,60.096855
1.3400580,6.053739,10.680533,1.758541,12.402178,81.848389,60.455383
1.3503491,6.114791,10.287885,1.673547,12.084370,82.039604,59.274101
1.3610489,6.186617,9.611523,1.976413,11.600079,80.190125,57.231964
1.3713709,6.142324,8.862138,2.513912,11.071829,76.876266,55.274273
1.3801149,6.063316,8.336611,2.952051,10.722755,74.019684,53.971161
1.3903769,5.966351,8.024167,3.282450,10.524215,71.826530,53.367439
1.3999609,5.949591,7.916428,3.292027,10.435752,71.611618,53.073311
1.4100220,5.650316,8.030152,3.823540,10.537024,68.723618,54.868343
1.4199519,5.409699,8.203732,3.574543,10.456741,70.010918,56.598373
1.4302830,5.321113,8.418014,3.514688,10.560787,70.560852,57.702599
1.4399449,5.354632,8.607155,3.396175,10.690613,71.477425,58.113678
1.4499249,5.436035,8.706514,3.470395,10.835013,71.319267,58.020824
1.4601309,5.583278,8.719683,3.242946,10.850003,72.609116,57.368259
1.4701730,5.438429,8.643068,3.135207,10.682166,72.932434,57.820896
1.4800090,5.267244,8.585608,3.026271,10.517359,73.277260,58.471012
1.4900509,4.965574,8.498219,3.336320,10.392674,71.275009,59.701927
1.5003519,4.653131,8.348581,3.246537,10.094080,71.238602,60.866634
1.5102470,4.390966,8.273164,3.072958,9.857428,71.835854,62.042957
1.5204821,4.205415,8.269572,3.354277,9.865217,70.122490,63.044804
1.5300189,4.083311,8.237251,3.143587,9.716372,71.123154,63.631794
1.5400341,4.006697,8.164227,2.846706,9.529531,72.618980,63.859928
1.5503260,3.870227,8.092402,3.010709,9.462029,71.446594,64.440331
1.5602269,3.746926,7.945158,2.920926,9.257257,71.607292,64.751503
1.5700550,3.530250,7.806294,2.759317,9.000818,72.147781,65.666031
1.5805230,3.271677,7.880515,2.914941,9.016832,71.138741,67.453720
1.5900750,3.122039,8.020576,2.983175,9.109121,70.883308,68.731339
1.6002079,3.105280,8.111555,2.947262,9.172047,71.256569,69.052071
1.6101720,3.151967,8.189367,2.876633,9.234481,71.849747,68.949020
1.6201799,3.209427,8.292317,2.942474,9.365954,71.689468,68.841759
1.6327519,3.251326,8.396465,3.072958,9.513927,71.155807,68.832321
1.6502850,2.989161,8.639477,3.386598,9.749086,69.673096,70.914963
1.6601579,2.634819,8.670602,3.450045,9.696619,69.157593,73.097046
1.6701899,2.264915,8.710106,2.990358,9.483565,71.619865,75.424011
1.6800340,1.760935,8.822633,3.252523,9.566538,70.123764,78.712494
1.6910530,1.473631,8.956709,2.669535,9.461535,73.611671,80.656937
1.7002560,1.201889,9.040505,2.132037,9.365941,76.841995,82.427223
1.7106599,0.972046,9.130288,2.176329,9.436283,76.665588,83.922958
1.7201129,0.785298,9.259575,2.045845,9.515351,77.584198,85.152382
1.7302059,0.779313,9.416395,1.800440,9.618597,79.211555,85.268913
1.7400450,0.727837,9.635465,2.257732,9.923169,76.848816,85.680229
1.7500639,0.772130,9.758766,2.069787,10.005685,78.061531,85.476089
1.7600520,0.995988,9.816227,2.117671,10.091325,77.886398,84.206398
1.7699569,1.416170,9.844957,2.281674,10.204644,77.079918,81.814308
1.7802690,1.851915,9.782708,2.402581,10.242234,76.433372,79.280472
1.7899760,2.317587,9.697714,2.625242,10.310614,75.249199,76.559387
1.8010800,2.767697,9.682152,3.084929,10.531904,72.967583,74.047119
1.8107849,3.092112,9.633071,3.371036,10.664009,71.571960,72.203934
1.8201098,3.269282,9.575610,3.652355,10.757333,70.152222,71.149193
1.8299971,3.344700,9.561244,3.869030,10.843145,69.095093,70.719223
1.8400329,3.396175,9.566033,3.931279,10.885676,68.829628,70.453896
1.8508139,3.306392,9.411607,3.885789,10.705603,68.717430,70.643112
1.8602940,3.066972,9.159019,3.748123,10.360616,68.791283,71.486458
1.8707960,2.650381,8.906430,3.537433,9.942960,69.159195,73.428017
1.8803309,2.296039,8.759187,3.159149,9.590379,70.767143,75.311569
1.8900889,1.905785,8.748413,3.191471,9.505379,70.381592,77.710487
1.9001890,1.710657,8.823831,2.741361,9.396882,73.038391,79.028297
1.9107950,1.486799,9.062054,2.436100,9.500841,75.142914,80.682571
1.9202480,1.362301,9.382876,2.189497,9.730783,76.996689,81.738945
1.9318759,1.375469,9.666590,2.031480,9.973053,78.246773,81.901688
1.9403540,1.504756,9.858126,2.018312,10.174503,78.558365,81.321297
1.9501040,1.646014,9.889250,2.070984,10.236972,78.328255,80.550049
1.9604249,1.793257,9.805453,2.183512,10.204431,77.644493,79.636070
1.9700789,1.883040,9.652225,2.330755,10.106616,76.666611,78.960899
1.9800739,1.983596,9.530120,2.503138,10.051047,75.579140,78.242348
1.9907700,2.122460,9.433155,2.640805,10.023129,74.723877,77.319618
2.0006168,2.292448,9.311050,2.729390,9.969982,74.111824,76.168465
2.0105958,2.382231,9.206903,2.825158,9.920867,73.454941,75.493210
2.0200670,2.437297,9.163807,2.977190,9.938785,72.569260,75.105858
2.0300639,2.425326,9.129091,2.983175,9.905647,72.472771,75.121902
2.0401480,2.213439,9.135077,2.905364,9.838195,72.823586,76.379669
2.0506279,2.038663,9.175778,2.729390,9.787779,73.808006,77.473564
2.0601609,1.830367,9.227253,2.485181,9.729777,75.201515,78.780151
2.0700860,1.623269,9.275137,2.238579,9.678554,76.626808,80.073036
2.0813010,1.425747,9.297882,2.073379,9.632355,77.569717,81.282112
2.0901461,1.267730,9.333796,1.987187,9.626826,78.087250,82.265335
2.1000299,1.209072,9.411607,1.981202,9.693573,78.206612,82.679535
2.1100399,1.246182,9.500193,1.962048,9.780402,78.427353,82.526932
2.1209199,1.368286,9.549273,2.005144,9.852991,78.257935,81.845764
2.1300590,1.537078,9.557653,2.109292,9.907597,77.707855,80.863831
2.1401560,1.667562,9.514558,2.226608,9.912889,77.019615,80.059067
2.1506159,1.753753,9.443929,2.383428,9.896674,76.064400,79.479919
2.1615658,1.847127,9.367314,2.519897,9.874631,75.215218,78.845039
2.1709249,1.929727,9.271546,2.608483,9.822912,74.600311,78.242645
2.1802518,1.990779,9.245210,2.707842,9.837150,74.022079,77.848000
2.1902640,2.054225,9.266758,2.786851,9.892380,73.637299,77.500977
2.2002149,2.112883,9.285912,2.808398,9.928722,73.569267,77.181366
2.2110760,2.115277,9.312247,2.782062,9.946467,73.757484,77.202415
2.2202299,2.068590,9.345766,2.691083,9.943055,74.297081,77.519379
2.2302818,2.005144,9.382876,2.583344,9.936430,74.930702,77.937195
2.2401640,1.928530,9.422380,2.477999,9.931815,75.552010,78.432724
2.2500908,1.832761,9.457097,2.407370,9.929307,75.968758,79.032181
2.2600539,1.726219,9.504981,2.287660,9.927632,76.677399,79.706581
2.2700238,1.698686,9.570822,2.290054,9.986517,76.743279,79.935616
2.2801521,1.642422,9.574412,2.110489,9.940880,77.742592,80.266060
2.2900219,1.538275,9.582792,2.027889,9.915066,78.198250,80.880417
2.3000681,1.466449,9.611523,1.988384,9.923987,78.441902,81.325172
2.3110089,1.444901,9.645041,1.941698,9.944081,78.739990,81.480011
2.3201749,1.459266,9.623494,1.883040,9.913977,79.050842,81.377594
2.3302510,1.517924,9.572019,1.862689,9.869004,79.120659,80.989113
2.3402600,1.578976,9.509769,1.893813,9.824225,78.885529,80.572769
2.3509929,1.602918,9.445126,1.968034,9.780230,78.391357,80.368187
2.3606110,1.592144,9.404425,2.023100,9.750439,78.024811,80.391090
2.3700919,1.571793,9.416395,2.066196,9.767712,77.787781,80.523506
2.3802030,1.588553,9.446322,2.096124,9.805623,77.656769,80.454102
2.3913798,1.654393,9.500193,2.123657,9.874239,77.580338,80.121399
2.4000540,1.729811,9.521740,2.158373,9.915359,77.427208,79.703392
2.4105940,1.780089,9.512163,2.166753,9.916894,77.379578,79.400375
2.4201169,1.850718,9.498995,2.170344,9.917987,77.359734,78.975006
2.4306259,1.819593,9.503783,2.145205,9.911344,77.500015,79.161324
2.4400570,1.762132,9.558850,2.133234,9.951252,77.621529,79.555038
2.4501369,1.714248,9.613917,2.114080,9.991766,77.784904,79.889900
2.4605329,1.711854,9.647436,2.096124,10.019840,77.924683,79.938087
2.4701319,1.740585,9.660604,2.063802,10.030762,78.126755,79.786400
2.4801238,1.780089,9.642648,2.069787,10.021646,78.080826,79.540619
2.4900370,1.837550,9.612720,2.079364,10.005235,78.004929,79.178001
2.5006039,1.947683,9.554062,2.305616,10.019453,76.696220,78.477615
2.5106130,1.985990,9.556456,2.364274,10.042898,76.383766,78.260086
2.5207081,2.006341,9.548077,2.372654,10.040949,76.331863,78.133064
2.5303428,2.021903,9.564836,2.349909,10.054663,76.484207,78.064011
2.5401449,2.009932,9.582792,2.309207,10.059929,76.729706,78.154274
2.5500259,1.994370,9.549273,2.256535,10.012896,76.975784,78.203316
2.5602019,1.959654,9.473856,2.215834,9.924923,77.099449,78.313263
2.5700579,1.904588,9.417592,2.189497,9.854562,77.162827,78.566864
2.5800660,1.855506,9.382876,2.157176,9.804829,77.290291,78.813828
2.5900319,1.804031,9.392453,2.099715,9.791910,77.617699,79.127472
2.6003258,1.756147,9.418790,2.025495,9.792869,78.063141,79.438393
2.6100509,1.752556,9.455899,1.997961,9.822288,78.263504,79.499954
2.6202087,1.746570,9.482236,1.977611,9.842471,78.408875,79.563446
2.6300030,1.713051,9.475053,1.963245,9.826775,78.475594,79.751862
2.6399999,1.685518,9.446322,1.953669,9.792385,78.491753,79.883118
2.6500590,1.665167,9.414001,1.974019,9.761811,78.333275,79.969162
2.6600161,1.659182,9.397242,2.002750,9.750489,78.147087,79.987022
2.6702969,1.673547,9.378088,2.005144,9.734982,78.113533,79.881912
2.6800361,1.704672,9.375694,2.000355,9.737092,78.144936,79.695152
2.6901271,1.725022,9.384073,2.014721,9.751698,78.076706,79.583916
2.7000399,1.753753,9.399636,2.011129,9.771051,78.122185,79.431458
2.7100191,1.770512,9.422380,2.030283,9.799898,78.043213,79.357933
2.7203188,1.771709,9.437943,2.057816,9.820811,77.904823,79.368057
2.7302101,1.782483,9.435549,2.098518,9.829069,77.672394,79.302238
2.7401400,1.802834,9.424775,2.138022,9.830958,77.439026,79.170898
2.7500839,1.826776,9.414001,2.142811,9.826097,77.404099,79.018303
2.7601640,1.847127,9.403227,2.142811,9.819582,77.395607,78.886581
2.7702289,1.878251,9.402030,2.189497,9.834627,77.136360,78.702698
2.7802360,1.938106,9.398438,2.220622,9.849774,76.970718,78.348038
2.7900290,1.975216,9.385271,2.230199,9.846755,76.909447,78.115028
2.8000901,2.031480,9.411607,2.249352,9.887610,76.850540,77.819664
2.8104589,2.076970,9.439140,2.275689,9.929246,76.750580,77.590500
2.8200560,2.096124,9.452309,2.263718,9.943052,76.840164,77.496552
2.8301098,2.098518,9.449914,2.245761,9.937207,76.938591,77.479645
2.8403440,2.099715,9.448717,2.240973,9.935241,76.964310,77.471191
2.8501010,2.135628,9.443929,2.209848,9.931371,77.143387,77.257591
2.8601148,2.175132,9.425972,2.193089,9.919163,77.226578,77.005913
2.8711989,2.213439,9.402030,2.181118,9.902261,77.275421,76.752571
2.8801789,2.252944,9.366117,2.147599,9.869757,77.432251,76.474915
2.8901498,2.285265,9.314642,2.124854,9.823442,77.507935,76.215256
2.9000680,2.329558,9.265560,2.127248,9.787882,77.447456,75.887146
2.9101179,2.396596,9.223662,2.126051,9.764206,77.423714,75.434837
2.9201589,2.463634,9.226056,2.132037,9.784435,77.414230,75.049149
2.9301419,2.567781,9.214086,2.140416,9.801747,77.386635,74.427910
2.9401751,2.677915,9.206903,2.094927,9.814631,77.675430,73.782433
2.9501340,2.800019,9.157822,2.055422,9.794415,77.886055,72.998901
2.9602690,2.901772,9.066842,2.001553,9.728007,78.126503,72.253136
2.9700878,3.051410,8.904037,1.935712,9.609368,78.378815,71.083435
2.9803519,3.125630,8.870518,1.918953,9.598856,78.468025,70.589493
2.9909308,3.227384,8.864532,1.897405,9.622685,78.627876,69.994530
3.0001321,3.319561,8.874108,1.873463,9.658113,78.814964,69.490555
3.0101388,3.482366,8.882488,1.857901,9.719942,78.980492,68.592415
3.0201859,3.606865,8.864532,1.824382,9.742575,79.207153,67.859222
3.0300820,3.716998,8.793902,1.802834,9.715916,79.306526,67.087242
3.0401769,3.853468,8.665813,1.807622,9.654690,79.208977,66.026497
3.0501249,4.025850,8.495825,1.804031,9.572932,79.137589,64.645493
3.0602701,4.116830,8.242040,1.762132,9.380012,79.172058,63.458256
3.0707378,4.097676,8.051701,1.760935,9.204440,78.970543,63.027519
3.0814970,4.177882,7.966706,1.726219,9.159855,79.137375,62.326687
3.0901220,4.230555,7.917625,1.501164,9.101642,80.506638,61.883469
3.1000459,4.320337,7.953538,1.355118,9.152072,81.485085,61.489330
3.1100299,4.540604,7.997831,1.370680,9.298449,81.523163,60.415150
3.1199648,4.669890,7.937976,1.397017,9.315095,81.374611,59.531815
3.1299970,4.642357,7.797915,1.408988,9.183909,81.174873,59.233261
3.1400499,4.486734,7.654263,1.459266,8.991550,80.659981,59.622253
3.1503229,4.333505,7.582437,1.466449,8.855681,80.468254,60.251221
3.1600480,4.150349,7.603985,1.460463,8.785154,80.430595,61.373745
3.1700759,4.048595,7.629124,1.437718,8.755666,80.548988,62.046169
3.1802230,4.000711,7.605182,1.413776,8.708802,80.657326,62.253357
3.1902430,4.028244,7.556100,1.438915,8.682851,80.460983,61.937408
3.2001710,4.076128,7.392098,1.352724,8.549140,80.895866,61.126911
3.2100849,4.133589,7.183802,1.300052,8.389500,81.085419,60.083702
3.2201028,4.133589,6.941988,1.235408,8.173370,81.306404,59.228424
3.2301879,4.052186,6.685808,1.136049,7.900054,81.732048,58.780460
3.2401469,3.922899,6.426037,1.074997,7.605177,81.873993,58.597210
3.2505898,3.770868,6.275203,0.975637,7.385762,82.409210,58.997681
3.2602448,3.569755,6.060922,0.914585,7.093263,82.591820,59.502815
3.2701948,3.349488,5.847837,0.853533,6.792996,82.781769,60.197048
3.2811730,3.032256,5.659893,0.840365,6.475738,82.543625,61.820068
3.2910419,2.624045,5.565322,0.803255,6.205130,82.562180,64.756157
3.3002219,2.270900,5.612009,0.732626,6.098227,83.099960,67.969276
3.3109119,1.994370,5.711368,0.616507,6.080898,84.181114,70.751152
3.3201358,1.757344,5.849035,0.444124,6.123456,85.840775,73.277092
3.3302870,1.534683,5.937620,0.313640,6.140762,87.072334,75.508049
3.3402538,1.261744,5.907693,0.141258,6.042582,88.660469,77.944099
3.3504817,0.812831,5.799953,0.070629,5.857059,89.309067,82.022270
3.3600230,0.317232,5.862203,0.011971,5.870792,89.883171,86.902473
3.3700678,-0.169988,6.159084,-0.034716,6.161527,90.322823,91.580940
3.3801229,-0.499191,6.690597,-0.041899,6.709324,90.357803,94.266983
3.3908269,-0.543484,7.360973,-0.171185,7.382995,91.328606,94.222664
3.4001839,-0.288501,8.119935,-0.511162,8.141122,93.599838,92.034866
3.4100420,0.001197,8.781932,-0.826000,8.820692,95.373245,89.992188
3.4200981,0.126893,9.321824,-1.036689,9.380151,96.345261,89.220116
3.4300148,0.028730,9.566033,-0.916979,9.609925,95.475494,89.827919
3.4398909,-0.614113,9.337387,-0.317232,9.362936,91.941650,93.762878
3.4500608,-1.066617,8.835801,-0.385466,8.908290,92.479996,96.883179
3.4600098,-1.356315,8.136695,-0.569820,8.268620,93.951584,99.463692
3.4701171,-1.533486,7.317877,-0.729034,7.512283,95.569069,101.835274
3.4799209,-1.638831,6.519411,-0.921768,6.785141,97.807823,104.110481
3.4900529,-1.744176,5.865794,-1.036689,6.206804,99.614868,106.559685
3.5001478,-1.880645,5.589264,-0.954089,5.973858,99.190109,108.596779
3.5101008,-1.982399,5.738902,-0.833182,6.128547,97.813614,109.056541
3.5201578,-1.962048,6.297947,-0.847547,6.650723,97.321503,107.303780
3.5300488,-1.895011,7.031770,-0.957681,7.345339,97.491516,105.082481
3.5401878,-1.740585,7.766790,-1.085770,8.033154,97.767937,102.631622
3.5510640,-1.374272,8.321048,-1.528698,8.571195,100.273834,99.378090
3.5602820,-1.034295,8.665813,-1.238999,8.814829,98.080170,96.806252
3.5706999,-0.610521,8.811859,-0.943315,8.883211,96.095779,93.963348
3.5809269,-0.336385,8.810662,-1.218649,8.900901,97.869255,92.186455
3.5902309,-0.310049,8.753201,-1.261744,8.849105,98.197418,92.028641
3.6005409,-0.424971,8.834604,-1.452083,8.963223,99.323273,92.753975
3.6102948,-0.639252,9.029732,-1.470040,9.170918,99.223938,94.049446
3.6205089,-0.865504,9.264363,-1.389834,9.407931,98.495399,95.337250
3.6303611,-1.128866,9.429564,-1.222240,9.575222,97.333595,96.826714
3.6400628,-1.296460,9.524135,-1.132457,9.678451,96.719467,97.751671
3.6501279,-1.285686,9.538500,-1.112107,9.688795,96.591095,97.676582
3.6601279,-1.186327,9.473856,-1.100136,9.611015,96.572830,97.137489
3.6719019,-1.040281,9.429564,-1.003170,9.539664,96.036263,96.295479
3.6806309,-0.846350,9.451111,-1.119289,9.554717,96.727371,95.117210
3.6902049,-0.746991,9.578004,-1.440112,9.714426,98.525223,94.459488
3.7011418,-0.693121,9.868899,-1.382651,9.989360,97.955994,94.017448
3.7100589,-0.767342,10.339360,-1.345541,10.454743,97.394562,94.244461
3.7203367,-0.887052,10.861296,-1.455675,10.994252,97.608490,94.669037
3.7303307,-0.943315,11.359290,-1.504756,11.497288,97.520401,94.747154
3.7403960,-0.853533,11.839328,-1.683124,11.988791,98.070503,94.123489
3.7501960,-0.679953,12.072762,-1.965640,12.250619,99.233147,93.223564
3.7602837,-0.543484,12.130223,-1.869871,12.285524,98.754509,92.565369
3.7702258,-0.670376,11.901577,-1.610101,12.028689,97.692413,93.223877
3.7801228,-0.928950,11.569980,-1.306037,11.680458,96.419884,94.590416
3.7901061,-1.097741,11.370064,-1.114501,11.477173,95.572540,95.514626
3.8015721,-1.006762,11.303026,-0.982820,11.390255,94.949982,95.089912
3.8101077,-0.699107,11.385626,-0.786495,11.434151,93.944191,93.513695
3.8201547,-0.233435,11.476605,-0.717063,11.501354,93.574478,91.165237
3.8315489,0.271742,11.593922,-0.766145,11.622385,93.779663,88.657333
3.8407028,0.614113,11.686098,-0.737414,11.725434,93.605721,86.991837
3.8501508,0.829591,11.590330,-1.236605,11.685596,96.074585,85.905975
3.8601449,0.899023,11.335348,-1.090559,11.423120,95.478340,85.465279
3.8701789,0.696713,10.927136,-1.009156,10.995731,95.265846,86.351768
3.8804269,0.399832,10.550050,-1.054646,10.610169,95.704597,87.829613
3.8900800,0.144849,10.347740,-1.080982,10.405058,95.963219,89.198021
3.9000900,0.031125,10.330980,-1.418565,10.427964,97.818451,89.827385
3.9104218,-0.029928,10.691308,-1.543063,10.802130,98.212685,90.160385
3.9202619,-0.015562,10.851719,-1.628057,10.973177,98.532303,90.082169
3.9300959,0.025139,10.963050,-1.795651,11.109161,99.301926,89.868614
3.9402258,0.027533,11.122264,-1.947683,11.291545,99.932648,89.858162
3.9506888,-0.009577,11.386824,-1.959654,11.554224,99.764854,90.048187
3.9601309,-0.027533,11.760319,-1.996764,11.928659,99.636230,90.134140
3.9701009,-0.041899,12.273875,-2.043451,12.442887,99.452301,90.195587
3.9804358,-0.116119,12.731168,-2.229002,12.925345,99.930412,90.522568
3.9901528,-0.265756,13.067553,-2.416947,13.291846,100.476768,91.165070
4.0009408,-0.410606,13.347674,-2.418144,13.571161,100.263916,91.761993
4.0100508,-0.521936,13.587094,-2.372654,13.802573,99.898270,92.199883
4.0200648,-0.373495,13.745112,-2.148796,13.917073,98.881996,91.556511
4.0304947,0.081403,13.807362,-2.355895,14.007144,99.682739,89.662209
4.0403199,0.490811,13.870808,-2.343924,14.076014,99.585487,87.973465
4.0500841,0.916979,14.142550,-2.056619,14.320692,98.256897,86.290230
4.0601830,1.265336,14.507666,-1.835156,14.677917,97.182396,85.015366
4.0710187,1.594538,14.832080,-2.051831,15.057993,97.831596,83.863922
4.0804038,1.703475,15.236700,-1.727417,15.428637,96.428413,83.620781
4.0901561,1.650802,15.823279,-1.926135,16.025333,96.903252,84.044022
4.1005888,1.042675,16.704346,-2.571373,16.933229,98.734360,86.428268
4.1101518,-0.260968,17.624916,-2.207454,17.764534,97.138130,90.848305
4.1200747,-1.640028,18.059464,-1.649605,18.208654,95.197815,95.188950
4.1304097,-2.398990,18.069040,-1.318008,18.275188,94.135765,97.562813
4.1401868,-2.488773,17.902643,-0.969652,18.100798,93.070778,97.914368
4.1502986,-2.063802,17.621325,-0.588974,17.751543,91.901352,96.680023
4.1601057,-1.136049,17.106571,-0.198719,17.145405,90.664085,93.799438
4.1703510,-0.027533,16.363171,0.189142,16.364286,89.337746,90.096405
4.1803122,0.833182,15.800534,0.181959,15.823533,89.341125,86.981514
4.1903191,1.216254,15.606604,-0.138864,15.654540,90.508247,85.543831
4.2005429,1.373075,15.716737,-0.603339,15.788134,92.190071,85.007095
4.2112360,1.666364,15.934609,-1.224634,16.068237,94.371010,84.029984
4.2201591,2.017115,16.093824,-1.826776,16.322287,96.425957,82.856102
4.2303958,2.225410,16.828844,-2.489970,17.156992,98.344727,82.467033
4.2400780,1.632846,17.068264,-2.548628,17.334570,98.454605,84.535393
4.2502332,0.211887,16.782156,-2.330755,16.944559,97.906204,89.276634
4.2601700,-1.300052,16.098612,-2.025495,16.277533,97.148125,94.616928
4.2701206,-2.480393,15.225925,-1.746570,15.525194,96.459396,99.252541
4.2802019,-3.138798,14.432248,-1.642422,14.860665,96.345375,102.269905
4.2901397,-3.093309,13.857639,-1.720234,14.302514,96.907967,102.583298
4.3008800,-2.413355,13.625401,-1.972822,13.977406,98.114029,100.044159
4.3101196,-1.436521,13.706804,-2.240973,13.962881,99.235626,95.982956
4.3201909,-0.555455,13.912706,-2.407370,14.130370,99.809242,92.286278
4.3300867,0.034716,14.038402,-2.582147,14.273942,100.422150,89.858315
4.3403330,0.233435,14.053964,-2.311602,14.244715,99.339134,89.048409
4.3502197,0.209493,13.976152,-1.971625,14.116091,98.028877,89.141243
4.3601627,0.067038,13.718776,-1.458069,13.796205,96.066704,89.720024
4.3704038,-0.104148,12.897565,-1.221043,12.955654,95.408035,90.462654
4.3801556,-0.028730,12.525267,-1.274912,12.590017,95.811951,90.131424
4.3906441,-0.064643,12.248735,-1.333570,12.321287,96.213470,90.302376
4.4000888,-0.294487,12.005724,-1.447295,12.096231,96.871811,91.405121
4.4106708,-0.616507,11.835736,-1.534683,11.950732,97.378159,92.981766
4.4211869,-0.830788,11.674128,-1.599327,11.812422,97.781380,94.070587
4.4300890,-0.799663,11.468226,-1.533486,11.597899,97.597954,93.988701
4.4405203,-0.677559,11.212047,-1.333570,11.311387,96.770706,93.458252
4.4504380,-0.515950,10.915166,-0.987608,10.971892,95.164330,92.706306
4.4607830,-0.515950,10.581175,-0.717063,10.617987,93.872299,92.791595
4.4700899,-0.508768,10.289082,-0.756568,10.329396,94.200340,92.830818
4.4800797,-0.475249,10.114305,-0.481235,10.136894,92.721054,92.690224
4.4906440,-0.514753,9.921572,-0.517148,9.948366,92.979759,92.969971
4.5013618,-0.380678,9.800665,-0.717063,9.834232,94.181435,92.224365
4.5101929,-0.353145,9.649830,-0.489614,9.668694,92.902649,92.095856
4.5207529,-0.420182,9.451111,-0.593762,9.479061,93.591324,92.545609
4.5305219,-0.417788,9.271546,-0.604536,9.300623,93.726822,92.580078
4.5404849,-0.305261,9.133880,-0.633266,9.160893,93.963852,91.914154
4.5502400,-0.326809,8.939949,-0.393846,8.954586,92.520828,92.093575
4.5603919,-0.385466,8.725668,-0.174777,8.735927,91.146370,92.529465
4.5702238,-0.386664,8.439561,-0.110133,8.449132,90.746864,92.623207
4.5801578,-0.339977,8.142680,-0.098162,8.150366,90.690079,92.390846
4.5900669,-0.401029,7.825448,0.118513,7.836613,89.133484,92.933655
4.6006346,-0.384269,7.510611,0.043096,7.520558,89.671669,92.928902
4.6102481,-0.283713,7.275979,-0.220267,7.284840,91.732674,92.233009
4.6203108,-0.287304,7.108385,0.108936,7.115022,89.122726,92.314499
4.6302638,-0.262165,6.924031,0.093374,6.929622,89.227936,92.168358
4.6400061,-0.190339,6.801927,0.146046,6.806157,88.770454,91.602898
4.6502619,-0.154426,6.685808,0.004788,6.687593,89.958977,91.323158
4.6600747,-0.234632,6.591237,0.332794,6.603803,87.111397,92.038727
4.6702118,-0.339977,6.500257,0.189142,6.511890,88.335571,92.993958
4.6802678,-0.517148,6.477513,0.039504,6.498244,89.651680,94.564659
4.6903949,-0.574608,6.452374,-0.213084,6.481412,91.884003,95.088982
4.7005649,-0.690727,6.414066,0.059855,6.451429,89.468414,96.146461
4.7101488,-0.744597,6.284780,-0.032322,6.328817,90.292618,96.756691
4.7211857,-0.633266,6.125565,-0.258574,6.163638,92.404350,95.902321
4.7305207,-0.521936,6.009446,0.100556,6.032907,89.044952,94.963829
4.7402229,-0.413000,5.870583,0.064643,5.885447,89.370674,94.024170
4.7509956,-0.339977,5.795165,0.100556,5.806000,89.007622,93.357445
4.7609892,-0.359130,5.833472,0.351948,5.855104,86.553902,93.522896
4.7702689,-0.471658,6.057330,0.475249,6.094224,85.527336,94.452385
4.7803845,-0.417788,6.405687,0.519542,6.440287,85.372887,93.731628
4.7901101,-0.240617,6.837840,0.533907,6.862872,85.538086,92.015350
4.8002157,0.093374,7.217321,0.495600,7.234920,86.072105,89.258781
4.8102369,0.395043,7.491457,0.581791,7.524392,85.565430,86.981445
4.8201938,0.616507,7.600393,0.714669,7.658774,84.645721,85.362595
4.8307838,1.041478,7.337031,0.948104,7.470984,82.709229,81.920944
4.8400545,1.228225,7.077260,1.253365,7.291575,80.102150,80.154648
4.8506451,1.285686,6.811504,1.569399,7.107221,77.242943,79.311050
4.8604770,1.368286,6.594829,1.950077,7.011902,73.852592,78.278648
4.8702803,1.441309,6.436811,2.242170,6.966867,71.226173,77.378708
4.8813062,1.523909,6.317101,2.439692,6.941193,69.422127,76.437347
4.8905988,1.577779,6.283582,2.510320,6.947986,68.819832,75.904701
4.9000888,1.644817,6.357802,2.370260,6.981776,70.154053,75.495125
4.9106116,1.708263,6.568492,2.516306,7.238442,69.657524,75.422066
4.9202189,1.784877,6.858191,2.315193,7.455245,71.907890,75.412109
4.9306626,1.874660,7.129933,2.212242,7.697032,73.296745,75.268753
4.9402323,1.987187,7.349002,2.224213,7.931196,73.713615,74.868942
4.9509888,2.025495,7.465121,2.304419,8.070997,73.410156,74.819542
4.9601188,2.024297,7.466318,2.375048,8.092252,72.932594,74.830421
4.9702115,2.014721,7.423223,2.445677,8.071225,72.361404,74.815269
4.9800382,2.044648,7.378930,2.492364,8.052395,71.969795,74.512329
4.9905090,2.141613,7.350199,2.543839,8.067407,71.619682,73.755562
5.0002456,2.246958,7.360973,2.595315,8.122094,71.365036,73.025040
5.0108471,2.345121,7.401675,2.561796,8.176012,71.739929,72.419899
5.0208931,2.381034,7.490260,2.509123,8.250395,72.294678,72.365372
5.0307126,2.402581,7.611167,2.357092,8.322148,73.546852,72.480904
5.0403080,2.418144,7.716512,2.446874,8.448619,73.164894,72.600433
5.0500846,2.501941,7.806294,2.388216,8.538239,73.757202,72.229187
5.0607758,2.634819,7.924808,2.436100,8.699392,73.737938,71.609200
5.0701919,2.713828,8.198944,2.474407,8.983888,74.012520,71.685600
5.0802212,2.760514,8.549694,2.328361,9.281108,75.470940,72.105835
5.0903277,2.946065,8.845378,2.116474,9.560307,77.209816,71.579010
5.1003218,3.156755,9.052477,1.985990,9.790638,78.296570,70.775452
5.1101155,3.465607,9.168595,2.018312,10.007355,78.364616,69.294075
5.1202078,3.509900,9.167398,2.194286,10.058602,77.399590,69.049774
5.1302629,3.495534,9.030929,2.217031,9.934367,77.104836,68.840446
5.1405268,3.452439,8.841787,2.227805,9.749854,76.791443,68.670921
5.1501698,3.475184,8.644265,2.263718,9.587734,76.343201,68.098793
5.1601267,3.541024,8.489840,2.351106,9.494415,75.662659,67.359489
5.1702094,3.551798,8.305486,2.391808,9.344362,75.169365,66.846275
5.1801043,3.629610,8.125920,2.373851,9.210853,75.064987,65.931091
5.1900587,3.720589,7.959524,2.360683,9.097781,74.960854,64.946793
5.2002058,3.794810,7.805098,2.413355,9.008019,74.459953,64.071152
5.2102427,3.822343,7.705738,2.422932,8.936403,74.268448,63.616817
5.2201858,3.796007,7.693767,2.404976,8.909973,74.340523,63.738853
5.2300987,3.788824,7.799112,2.407370,8.998710,74.483025,64.089424
5.2400460,3.875015,7.963115,2.391808,9.173204,74.886116,64.051491
5.2500668,4.053383,8.165425,2.409764,9.429266,75.193100,63.599827
5.2602458,4.224569,8.323442,2.375048,9.631590,75.724220,63.089897
5.2700849,4.237737,8.450335,2.376245,9.747467,75.890205,63.366806
5.2806630,4.205415,8.530540,2.245761,9.772363,76.714264,63.757465
5.2901888,4.108450,8.537724,2.152387,9.716216,77.201363,64.302612
5.3001251,3.944447,8.519767,2.048239,9.609389,77.693001,65.156998
5.3100829,3.882198,8.540117,1.946486,9.580912,78.278023,65.554230
5.3201866,3.840300,8.631097,1.912967,9.638630,78.552567,66.013924
5.3302817,3.766079,8.729259,1.883040,9.691706,78.796516,66.663101
5.3400540,3.626019,8.799889,1.836353,9.693206,79.079460,67.605751
5.3503580,3.428497,8.833407,1.783680,9.641846,79.339241,68.787354
5.3601561,3.226187,8.842984,1.789666,9.581730,79.235130,69.956505
5.3700800,3.015497,8.853758,1.886631,9.541574,78.595901,71.191696
5.3801360,2.743755,8.882488,1.904588,9.489692,78.422066,72.834351
5.3900819,2.479196,8.944737,1.811214,9.457021,78.958466,74.508324
5.4007697,2.357092,9.081207,1.648408,9.525830,80.035027,75.449554
5.4101319,2.378639,9.257181,1.568202,9.685690,80.682274,75.589554
5.4202156,2.468422,9.396045,1.626860,9.850149,80.493416,75.280518
5.4302392,2.564190,9.436746,1.759738,9.935991,79.798676,74.798401
5.4401760,2.695871,9.387665,1.934515,9.956822,78.796730,73.977432
5.4502158,2.862268,9.309854,2.130840,9.970277,77.659607,72.910217
5.4605117,3.009511,9.300277,2.279280,10.037301,76.874725,72.068741
5.4702320,3.117251,9.349358,2.317587,10.124176,76.766731,71.560646
5.4802089,3.157952,9.345766,2.296039,10.128564,76.897751,71.329788
5.4906292,3.242946,9.267955,2.327164,10.090956,76.666496,70.714569
5.5012121,3.351882,9.210494,2.431312,10.098495,76.068611,70.002541
5.5114770,3.442862,9.199720,2.494758,10.134691,75.749588,69.482368
5.5207219,3.485958,9.218874,2.461239,10.158605,75.978783,69.286758
5.5302987,3.475184,9.276335,2.388216,10.189743,76.445244,69.462593
5.5402846,3.472790,9.336189,2.369063,10.239001,76.621887,69.596268
5.5503058,3.476381,9.342175,2.346318,10.240443,76.754578,69.588921
5.5603166,3.456030,9.320627,2.323573,10.208684,76.843750,69.655533
5.5719132,3.411737,9.326612,2.281674,10.189784,77.060753,69.907143
5.5803499,3.372233,9.367314,2.233790,10.203350,77.353973,70.201126
5.5906997,3.385401,9.452309,2.177526,10.273690,77.763245,70.294708
5.6002798,3.435679,9.536105,2.061408,10.343626,78.504410,70.186859
5.6101179,3.472790,9.557653,2.000355,10.363900,78.871399,70.031303
5.6199660,3.507505,9.514558,2.003947,10.336596,78.821335,69.763786
5.6299791,3.502717,9.422380,2.061408,10.261563,78.411209,69.607666
5.6402969,3.385401,9.339781,2.144008,10.163130,77.821419,70.075882
5.6499386,3.289633,9.373300,2.163161,10.166597,77.715187,70.661079
5.6600499,3.319561,9.454702,2.141613,10.246823,77.936089,70.653748
5.6715832,3.445256,9.540894,2.128445,10.364782,78.149803,70.145142
5.6799450,3.609259,9.591172,2.196680,10.480589,77.901375,69.378151
5.6900039,3.724181,9.587581,2.303222,10.540212,77.378021,68.771935
5.7001009,3.762488,9.510966,2.384625,10.502439,76.876289,68.416512
5.7100673,3.728969,9.360131,2.491167,10.378978,76.112251,68.278229
5.7200933,3.664326,9.203311,2.576161,10.235469,75.422485,68.289879
5.7301168,3.588908,9.160215,2.626439,10.182731,75.052681,68.605103
5.7401252,3.569755,9.234436,2.670732,10.254305,74.903244,68.864998
5.7500620,3.654749,9.339781,2.647987,10.373068,75.210106,68.629097
5.7599869,3.791218,9.342175,2.673126,10.430493,75.150558,67.911827
5.7707214,4.059369,9.187749,3.044227,10.495738,73.139397,66.163002
5.7802219,4.210204,9.072827,3.224990,10.509166,72.129059,65.106560
5.7900934,4.353856,8.936357,3.202245,10.443606,72.144196,64.024330
5.8006935,4.443638,8.792706,2.989161,10.295274,73.121506,63.188980
5.8105559,4.527435,8.771158,2.827552,10.267714,74.015167,62.698437
5.8200412,4.769250,9.173384,2.856283,10.726372,74.556618,62.530041
5.8299198,5.230134,9.714474,2.885013,11.403885,75.345772,61.702614
5.8399777,5.555745,9.862914,2.908955,11.687832,75.588310,60.607590
5.8499975,5.899313,9.726444,3.043030,11.775638,75.023819,58.762222
5.8599930,6.356606,9.379285,3.454833,11.845390,73.042603,55.873402
5.8701510,6.744466,8.862138,4.159925,11.888242,69.517616,52.727314
5.8804207,7.012617,8.392874,4.647145,11.883311,66.979225,50.119751
5.8901148,7.298724,8.238448,4.819528,12.015459,66.352371,48.461166
5.9000854,7.726089,8.372523,4.714183,12.329441,67.520569,47.299458
5.9100695,8.303091,8.597578,4.529830,12.781981,69.243820,45.998253
5.9204168,8.901642,8.698134,4.326323,13.176260,70.831810,44.337513
5.9300489,9.337387,8.505402,4.206613,13.312559,71.579514,42.330307
5.9400215,9.488221,7.987057,4.219780,13.100610,71.209686,40.090221
5.9503956,9.496601,7.461530,4.272453,12.810687,70.518227,38.156906
5.9600358,9.481039,7.032968,4.424485,12.606696,69.453766,36.567760
5.9703898,9.506178,6.728904,4.705803,12.561456,67.999016,35.292591
5.9801769,9.622296,6.567295,4.933253,12.651281,67.049171,34.313854
5.9902549,9.706094,6.530185,4.993108,12.719383,66.886177,33.932362
6.0002909,9.686940,6.570887,4.957195,12.711693,67.047287,34.149998
6.0102458,9.530120,6.494272,4.922479,12.539121,66.885513,34.272362
6.0219498,9.271546,6.299145,4.856638,12.215880,66.573799,34.192425
6.0302382,9.012972,6.065710,4.928464,11.929638,65.598534,33.940464
6.0402389,8.760384,5.831078,4.860229,11.591705,65.210541,33.648491
6.0501657,8.433576,5.571307,4.781221,11.181446,64.684456,33.449162
6.0604525,8.061277,5.392939,4.375403,10.640120,65.718658,33.782249
6.0710502,7.398083,5.275623,4.102465,9.969657,65.701210,35.492928
6.0802035,6.513426,5.177461,4.017470,9.239636,64.226906,38.480862
6.0905681,5.783194,5.131971,3.854665,8.639497,63.501926,41.585655
6.1000810,5.365406,5.090073,3.940856,8.380141,61.948742,43.491528
6.1103587,5.207389,5.090073,4.027047,8.321229,61.056389,44.347271
6.1201549,5.037400,5.081693,3.683479,8.047796,62.761185,45.250790
6.1302671,4.679467,5.076905,3.633201,7.802084,62.246368,47.332722
6.1400290,4.046201,5.078102,3.971981,7.611537,58.544453,51.452374
6.1500902,3.453636,5.061342,4.286818,7.478074,55.022717,55.692101
6.1600418,2.823961,4.941632,4.299986,7.133328,52.929138,60.253624
6.1720519,1.502362,4.662708,3.769670,6.181291,52.421223,72.140648
6.1802521,1.502362,4.662708,3.769670,6.181291,52.421223,72.140648
6.1903796,0.608127,4.443638,3.499126,5.688552,52.039570,82.207283
6.2001510,-0.287304,4.370615,3.599682,5.669438,50.585392,93.760948
6.2100649,-1.194707,4.328717,3.793612,5.878487,49.808960,105.429268
6.2202396,-1.732205,4.377798,4.007894,6.182949,49.592682,111.587692
6.2302098,-2.073379,5.037400,3.954024,6.731167,54.025845,112.371918
6.2429271,-2.038663,5.989096,4.159925,7.571683,56.673752,108.798355
6.2602677,-2.166753,7.013814,4.487931,8.604065,58.559967,107.167297
6.2701330,-2.636016,6.503849,4.771644,8.486296,55.786625,112.062759
6.2800837,-2.601300,6.478710,4.813542,8.480014,55.414612,111.876205
6.2901015,-2.468422,6.306327,5.001487,8.418892,53.552994,111.376366
6.3001060,-2.463634,5.683835,5.218163,8.099672,49.891010,113.434113
6.3100471,-2.111686,5.336676,5.646725,8.051386,45.465733,111.588364
6.3201938,-1.487996,5.295974,6.347029,8.399181,40.915855,105.693634
6.3301120,-1.045069,5.491102,6.671443,8.703592,39.957947,100.775688
6.3405070,-0.751779,5.979519,6.671443,8.990438,42.092815,97.165955
6.3506746,0.149638,7.551312,6.171055,9.753287,50.749256,88.864769
6.3608799,3.341109,10.795456,7.315483,13.461842,57.082993,72.803116
6.3708386,3.663129,9.667787,8.632295,13.468523,50.139275,69.248283
6.3802009,1.487996,6.423643,10.362105,12.282124,32.469883,76.957825
6.3909035,1.965640,5.380968,9.953894,11.484710,29.921648,69.933014
6.4004927,2.066196,4.936844,9.714474,11.091105,28.850733,67.289436
6.4108410,1.517924,4.290410,9.566033,10.593428,25.442636,70.516495
6.4204955,1.838747,4.562151,9.679757,10.857804,26.937368,68.048409
6.4300957,2.533065,5.402516,10.293870,11.898209,30.098871,64.879639
6.4401670,2.649184,5.731719,10.538078,12.285027,30.929701,65.193756
6.4500818,2.036268,5.227739,10.296265,11.725558,28.585457,68.718475
6.4601555,2.036268,5.023035,9.813833,11.211093,28.911428,67.933052
6.4700809,2.073379,5.266047,9.393650,10.966805,31.068262,68.509155
6.4801531,1.952471,5.702989,9.003395,10.835006,33.803104,71.100883
6.4902678,1.916559,6.415264,8.680179,10.962404,37.644695,73.366493
6.5001988,1.702277,6.775591,8.550891,11.041925,39.249142,75.897087
6.5105195,1.327585,6.427235,7.886500,10.260055,39.766232,78.329338
6.5200429,0.937330,6.566098,7.718906,10.177118,40.671642,81.875748
6.5300088,0.420182,6.089652,7.856573,9.949179,37.845268,86.052879
6.5411105,0.228646,5.754464,7.789535,9.687259,36.476471,87.724625
6.5512371,0.237026,5.880159,7.401675,9.456070,38.487568,87.691689
6.5600848,0.385466,6.458359,7.068881,9.582696,42.466572,86.584358
6.5700779,0.004788,6.404490,7.262811,9.683281,41.406494,89.957161
6.5801768,-0.289698,5.707777,7.067683,9.089268,38.959961,92.905556
6.5906019,-0.125696,5.791574,6.567295,8.757139,41.415157,91.243309
6.6001120,-0.130484,5.832275,6.009446,8.375316,44.149998,91.281647
6.6100531,-0.617704,5.315128,6.101623,8.115538,41.249584,96.628960
6.6202521,-0.982820,4.614824,6.922834,8.377838,34.276730,102.022675
6.6319475,-1.286883,4.292804,7.881712,9.066731,29.622576,106.687515
6.6400347,-1.398214,4.414908,7.881712,9.141542,30.437052,107.573143
6.6502757,-1.049857,4.225766,7.858967,8.984580,28.988464,103.952194
6.6602240,-0.158017,4.480749,7.861362,9.050033,29.697212,92.019745
6.6702228,0.537498,4.701015,7.995437,9.290611,30.616747,83.477318
6.6802411,0.803255,4.565742,8.287529,9.496018,29.221703,80.022018
6.6902437,0.664391,4.250905,8.778340,9.776035,26.110777,81.116882
6.7002807,0.053870,4.153940,9.743204,10.591890,23.092339,89.257011
6.7101078,0.335188,4.768053,9.897630,10.991349,25.777090,85.978790
6.7203536,0.663194,5.216966,9.647436,10.987701,28.595413,82.755272
6.7306347,0.877475,5.215768,9.512163,10.883724,29.075451,80.450272
6.7401366,0.988805,5.069722,9.351752,10.683402,28.913172,78.963509
6.7502761,0.820014,5.018247,9.369708,10.660519,28.488035,80.719521
6.7601457,0.500388,4.978743,9.249998,10.516688,28.411358,84.260765
6.7701001,0.196325,4.979939,9.242816,10.500856,28.333937,87.742393
6.7801242,-0.118513,5.112818,9.150639,10.482802,29.200344,91.327858
6.7907472,-0.757765,4.690241,8.847773,10.042691,28.234823,99.177521
6.8001266,-1.282095,4.289212,8.468291,9.578782,27.862995,106.642014
6.8101959,-1.663970,4.169502,8.292317,9.429532,28.430099,111.756012
6.8201985,-1.740585,4.353856,8.501810,9.709092,28.877474,111.790543
6.8309340,-1.534683,4.784812,8.780735,10.116867,29.780996,107.783157
6.8402100,-1.110910,5.104438,8.777143,10.214091,30.760004,102.278160
6.8508229,-0.630872,5.288792,8.585608,10.103562,31.814381,96.802368
6.8613868,-0.260968,5.346252,8.467094,10.017096,32.299721,92.794579
6.8708425,-0.128090,5.176264,8.701726,10.125717,30.754208,91.417526
6.8801579,-0.254982,4.965574,8.842984,10.144965,29.347603,92.939560
6.8904600,-0.384269,5.072116,8.996213,10.334693,29.484749,94.332520
6.9001188,-0.496797,5.232528,9.030929,10.449106,30.199680,95.423630
6.9102039,-0.627281,5.092467,8.744822,10.138965,30.401945,97.022217
6.9202285,-0.640449,4.934450,8.395268,9.759073,30.655041,97.395157
6.9307046,-0.712275,4.788404,8.239645,9.556562,30.435770,98.460709
6.9407315,-0.919373,4.542998,8.307879,9.513409,29.157812,101.440529
6.9499426,-1.004368,4.316746,8.386889,9.485934,27.854197,103.097855
6.9600911,-0.960075,4.357447,8.343793,9.461922,28.136267,102.425430
6.9699554,-1.076194,4.392163,8.148665,9.319337,29.028015,103.767700
6.9799457,-1.161188,4.406528,7.965509,9.176883,29.773268,104.762718
6.9903789,-1.300052,4.447230,7.923611,9.178866,30.317091,106.295143
7.0000520,-1.496376,4.448427,7.985860,9.262916,30.443138,108.592072
7.0099344,-1.507150,4.453215,8.145074,9.404512,29.993574,108.697922
7.0199900,-1.347936,4.558560,8.245630,9.517763,29.963795,106.472595
7.0299759,-1.195904,4.568137,8.412027,9.646775,29.307631,104.670372
7.0400100,-1.059434,4.486734,8.597578,9.755589,28.200705,103.285675
7.0507026,-1.046266,4.424485,8.554482,9.687616,27.989607,103.304443
7.0602322,-1.058237,4.581305,8.568848,9.774117,28.754665,103.006645
7.0701509,-1.212663,4.687847,8.567651,9.841296,29.473707,104.503479
7.0806098,-1.375469,4.600459,8.488642,9.752599,29.495087,106.645882
7.0906267,-1.412579,4.553771,8.408437,9.666128,29.554518,107.233879
7.1001148,-1.395820,4.483143,8.410830,9.632703,29.172781,107.293892
7.1101928,-1.397017,4.412514,8.429984,9.616994,28.768471,107.567963
7.1200099,-1.291672,4.516662,8.383297,9.609803,29.264856,105.959435
7.1310287,-1.159991,4.738125,8.457518,9.763453,29.975109,103.756599
7.1403179,-1.043872,4.938041,8.516175,9.899452,30.653387,101.936249
7.1500936,-1.058237,4.882974,8.513782,9.871564,30.406620,102.228027
7.1603808,-1.323994,4.560954,8.376115,9.628840,29.553141,106.187416
7.1713486,-1.363498,4.632780,8.269572,9.576408,30.284060,106.399963
7.1801882,-1.362301,4.748899,8.251616,9.617540,30.909943,106.006416
7.1903796,-1.373075,4.800375,8.242040,9.636397,31.206776,105.962379
7.2001905,-1.413776,4.678270,8.207323,9.552232,30.772589,106.814850
7.2102270,-1.418565,4.601655,8.334216,9.625317,30.018478,107.133102
7.2201672,-1.383849,4.649539,8.451532,9.744827,29.855467,106.574654
7.2309136,-1.300052,4.692636,8.507795,9.802732,29.784428,105.484901
7.2415276,-1.197101,4.680665,8.546103,9.817206,29.480545,104.346130
7.2516236,-1.133654,4.733337,8.578424,9.863012,29.569580,103.468872
7.2601900,-1.095347,4.861426,8.582016,9.923923,30.142344,102.697502
7.2702646,-1.130063,4.844667,8.584411,9.921691,30.092566,103.129997
7.2800479,-1.197101,4.739322,8.634688,9.922301,29.514572,104.175774
7.2905078,-1.249773,4.667496,8.674192,9.929203,29.119799,104.989937
7.3000898,-1.244985,4.625597,8.613141,9.855574,29.080692,105.064232
7.3103032,-1.169568,4.619612,8.528147,9.769237,29.195620,104.207298
7.3200898,-1.066617,4.633977,8.508993,9.747532,29.198105,102.962181
7.3310847,-1.016339,4.687847,8.549694,9.803373,29.294344,102.232574
7.3403077,-0.946907,4.847061,8.626308,9.940012,29.791769,101.053909
7.3501110,-0.891840,4.983531,8.680179,10.048704,30.252819,100.146103
7.3607707,-0.914585,4.950012,8.752005,10.096370,29.905754,100.468155
7.3701677,-1.011550,4.786009,8.680179,9.963665,29.403557,101.934151
7.3800735,-1.100136,4.668694,8.614338,9.859707,29.109558,103.259354
7.3902278,-1.215057,4.588488,8.549694,9.778950,29.038267,104.831818
7.4000688,-1.297657,4.594473,8.505402,9.753715,29.306158,105.771736
7.4102678,-1.289278,4.649539,8.452729,9.732887,29.718567,105.498238
7.4202700,-1.186327,4.665102,8.443152,9.718918,29.688168,104.267792
7.4305329,-1.042675,4.711789,8.522161,9.793638,29.521240,102.477936
7.4400754,-0.946907,4.781221,8.643068,9.922668,29.419949,101.202301
7.4505286,-0.902614,4.817134,8.723274,10.005749,29.328442,100.612778
7.4600286,-0.875081,4.814740,8.640674,9.930193,29.524906,100.301086
7.4701209,-0.848745,4.843470,8.592790,9.900283,29.780592,99.939301
7.4800797,-0.946907,4.768053,8.596381,9.875663,29.487726,101.232452
7.4901652,-1.058237,4.662708,8.615535,9.853332,29.028570,102.787102
7.5003309,-1.097741,4.653131,8.643068,9.877211,28.948921,103.274200
7.5101666,-1.098939,4.650737,8.597578,9.836431,29.066708,103.294762
7.5201898,-1.059434,4.637568,8.617929,9.843686,28.898413,102.868172
7.5302849,-1.021127,4.660314,8.621520,9.853518,28.958727,102.358833
7.5401387,-0.931344,4.753687,8.644265,9.908999,29.265345,101.085007
7.5504227,-0.914585,4.728549,8.693346,9.938305,28.986816,100.946846
7.5606308,-0.949301,4.684256,8.746018,9.966758,28.655499,101.456284
7.5705914,-0.921768,4.655525,8.734048,9.940179,28.518736,101.199394
7.5802279,-0.866701,4.662708,8.729259,9.934384,28.515074,100.529922
7.5906820,-0.915782,4.654328,8.759187,9.961164,28.437910,101.131287
7.6002684,-0.960075,4.665102,8.702923,9.920978,28.690674,101.629074
7.6104360,-0.946907,4.696227,8.659827,9.896655,28.951984,101.399780
7.6203771,-0.954089,4.762067,8.657434,9.926667,29.291838,101.329323
7.6301026,-1.035492,4.727351,8.567651,9.839956,29.459908,102.355095
7.6403270,-1.064223,4.647145,8.483853,9.731613,29.333517,102.898643
7.6501489,-1.070208,4.605247,8.409634,9.647569,29.345045,103.082695
7.6601019,-0.990002,4.695030,8.373720,9.651041,29.813374,101.907066
7.6699648,-0.873884,4.837484,8.362947,9.700711,30.447229,100.239952
7.6803827,-0.845153,4.825513,8.343793,9.675678,30.418858,99.934174
7.6899648,-0.915782,4.780024,8.398860,9.707118,30.091373,100.845604
7.6999331,-1.069011,4.772841,8.486248,9.794855,29.957216,102.624634
7.7099519,-1.194707,4.721366,8.414422,9.722198,30.061798,104.200195
7.7199588,-1.301249,4.699818,8.370130,9.687136,30.226067,105.475929
7.7299509,-1.256956,4.748899,8.313866,9.656725,30.577652,104.825287
7.7401066,-1.149217,4.750096,8.317456,9.646978,30.437469,103.600540
7.7503738,-1.082179,4.745308,8.416816,9.722749,30.039246,102.846741
7.7601428,-1.007959,4.736928,8.510190,9.791721,29.643351,102.012657
7.7699857,-0.957681,4.777629,8.571242,9.859468,29.617815,101.334778
7.7804518,-0.963666,4.780024,8.538920,9.833130,29.728754,101.398209
7.7900038,-1.004368,4.751293,8.549694,9.832640,29.596889,101.935936
7.8002658,-1.035492,4.738125,8.562862,9.840969,29.526957,102.327858
7.8102636,-1.025915,4.794389,8.568848,9.872376,29.777332,102.078148
7.8203549,-1.051055,4.769250,8.573636,9.867001,29.666597,102.428268
7.8306808,-1.039083,4.758476,8.561666,9.850121,29.634899,102.318024
7.8402829,-1.010353,4.768053,8.547300,9.839282,29.693069,101.964035
7.8500395,-0.979228,4.763264,8.481460,9.776642,29.827967,101.616974
7.8607278,-0.988805,4.748899,8.446744,9.740496,29.867655,101.761948
7.8701911,-1.052252,4.752491,8.451532,9.753040,29.939417,102.484482
7.8802047,-1.025915,4.814740,8.400057,9.736281,30.372299,102.028587
7.8901267,-0.990002,4.927267,8.468291,9.847336,30.688181,101.360786
7.9001169,-0.961272,4.970363,8.550891,9.937117,30.627207,100.945908
7.9101396,-0.954089,4.904522,8.595184,9.941923,30.169849,101.008408
7.9201059,-0.962469,4.818331,8.603564,9.907773,29.730793,101.296242
7.9301739,-0.944513,4.825513,8.617929,9.922015,29.707523,101.074669
7.9400830,-1.041478,4.783615,8.523358,9.829308,29.872353,102.282631
7.9500370,-1.086968,4.766856,8.427590,9.743135,30.119894,102.845306
7.9601169,-1.071405,4.841076,8.414422,9.766597,30.508810,102.479294
7.9705577,-0.927753,4.932055,8.552089,9.915852,30.405352,100.653236
7.9801946,-0.684742,4.648343,9.245210,10.370625,26.940121,98.379906
7.9910617,-0.671574,4.950012,8.866926,10.177231,29.395618,97.726204
