Keuwl Accelerometer Data File
2019-06-26 17-25-34

Time (s), X (m/s2), Y (m/s2), Z (m/s2), R (m/s2), Theta (deg), Phi (deg)
0.0000000,4.684256,8.234857,0.736217,9.502481,85.556480,60.367367
0.0097210,4.813542,8.225280,1.090559,9.592431,83.471954,59.663265
0.0196760,5.019444,8.373720,1.199495,9.836300,82.995590,59.060341
0.0296000,5.114015,8.443152,1.114501,9.933886,83.558319,58.796722
0.0395620,5.092467,8.431181,0.946907,9.895184,84.508751,58.867855
0.0497870,4.938041,8.249222,0.815226,9.648757,85.153290,59.094971
0.0595760,4.800375,8.129512,0.737414,9.469759,85.533829,59.438683
0.0697070,4.729745,8.157045,0.713472,9.456052,85.672844,59.893314
0.0797670,4.744111,8.321048,0.630872,9.599189,86.231728,60.311073
0.0897680,4.856638,8.449138,0.476446,9.757144,87.201103,60.109333
0.1002240,5.087678,8.538920,0.482432,9.951401,87.221283,59.212574
0.1096460,5.491102,8.601170,0.654814,10.225512,86.328423,57.445293
0.1197290,5.895722,8.669404,0.873884,10.520541,85.235268,55.781914
0.1298040,6.157887,8.690952,1.091756,10.707201,84.147682,54.680904
0.1398500,6.081272,8.467094,1.320402,10.507951,82.781273,54.313179
0.1520060,5.803545,8.276755,1.404199,10.205762,82.091652,54.962399
0.1696330,5.243302,8.225280,1.253365,9.834550,82.678024,57.484043
0.1795990,5.068525,8.481460,1.304840,9.966329,82.476959,59.137436
0.1899510,4.926070,8.644265,1.339556,10.039119,82.331947,60.322666
0.1996620,4.894945,8.629900,0.962469,9.968049,84.459152,60.437759
0.2095960,4.818331,8.544906,0.700304,9.834742,85.916672,60.582069
0.2196430,4.703409,8.432379,0.647632,9.677112,86.162666,60.848110
0.2296010,4.771644,8.359355,0.604536,9.644318,86.406166,60.281631
0.2396700,5.036203,8.344990,0.622492,9.766765,86.345734,58.889008
0.2496550,5.388151,8.364143,0.684742,9.972960,86.062981,57.210514
0.2597230,5.726931,8.397662,0.823605,10.197882,85.367607,55.707291
0.2696640,6.053739,8.459911,0.981623,10.448993,84.609444,54.413269
0.2797000,6.336255,8.531737,1.112107,10.685290,84.025932,53.399883
0.2895950,6.484695,8.534132,1.164779,10.781437,83.797913,52.770466
0.2996070,6.432023,8.415619,1.195904,10.659444,83.558311,52.609467
0.3098130,6.196194,8.257602,1.187524,10.391873,83.438232,53.116814
0.3197080,5.884948,8.062474,1.154005,10.048275,83.405251,53.873611
0.3296820,5.616797,7.912837,1.101333,9.765978,83.524841,54.631588
0.3397540,5.408502,7.852982,0.967257,9.584195,84.207726,55.444057
0.3496740,5.261258,7.869741,0.814029,9.501385,85.085175,56.235580
0.3597270,5.195418,7.939173,0.634463,9.509226,86.174339,56.799145
0.3699120,5.200206,8.054094,0.519542,9.601068,86.898041,57.151287
0.3796480,5.233725,8.189367,0.407014,9.727449,87.601936,57.417850
0.3900910,5.281609,8.273164,0.296881,9.819815,88.267525,57.445736
0.4008950,5.269638,8.268375,0.234632,9.807659,88.629166,57.489639
0.4098190,5.238513,8.197746,0.235829,9.731427,88.611374,57.420658
0.4196840,5.159505,8.123527,0.287304,9.627810,88.289978,57.579098
0.4296800,5.102044,8.062474,0.363919,9.548130,87.815689,57.673813
0.4396550,5.023035,7.982268,0.373495,9.438590,87.732147,57.818855
0.4496510,5.064934,7.994239,0.430956,9.473496,87.392670,57.642757
0.4604310,5.158308,8.024167,0.482432,9.551342,87.104797,57.265205
0.4700200,5.237316,8.050503,0.523133,9.618406,86.882217,56.953678
0.4803930,5.331887,8.060080,0.530316,9.678592,86.859039,56.514648
0.4911390,5.380968,8.062474,0.539892,9.708233,86.812035,56.280495
0.4998190,5.419276,8.058883,0.566229,9.728040,86.663162,56.080750
0.5097170,5.477933,8.058883,0.581791,9.761753,86.583206,55.794540
0.5195670,5.537788,8.048109,0.575805,9.786251,86.626869,55.468697
0.5296980,5.548563,8.037335,0.535104,9.781188,86.863930,55.380798
0.5398270,5.560534,8.002619,0.482432,9.756751,87.165802,55.206909
0.5498149,5.609614,7.967903,0.438139,9.754343,87.425560,54.853443
0.5597810,5.629965,7.945158,0.410606,9.746314,87.585457,54.678490
0.5697250,5.638345,7.926005,0.397437,9.735011,87.660217,54.572983
0.5803300,5.650316,7.923611,0.415394,9.740751,87.555885,54.507385
0.5899780,5.704185,7.927202,0.445322,9.776327,87.389214,54.262299
0.5999110,5.783194,7.975086,0.464475,9.862204,87.300575,54.051968
0.6101320,5.823895,8.016984,0.465672,9.920012,87.309395,54.003670
0.6201180,5.829881,8.057686,0.458490,9.956105,87.360535,54.113583
0.6301870,5.834670,8.073248,0.478840,9.972462,87.247810,54.143738
0.6395450,5.855020,8.073248,0.496797,9.985259,87.148186,54.048981
0.6496149,5.861006,8.072051,0.482432,9.987099,87.231224,54.017113
0.6595620,5.855020,8.066066,0.490811,9.979157,87.180847,54.024742
0.6712949,5.858612,8.045714,0.490811,9.964826,87.176788,53.939182
0.6798919,5.874174,8.043321,0.515950,9.973321,87.034592,53.858707
0.6898360,5.901707,8.056489,0.537498,10.001303,86.919281,53.775700
0.6999350,5.893328,8.070854,0.481235,10.005078,87.243065,53.863129
0.7098629,5.861006,8.074445,0.422577,9.986321,87.574776,54.025188
0.7198740,5.829881,8.063671,0.401029,9.958470,87.692070,54.133785
0.7297660,5.817910,8.078036,0.367510,9.961818,87.885773,54.238060
0.7397360,5.822699,8.079233,0.385466,9.966264,87.783409,54.219730
0.7497380,5.847837,8.079233,0.391452,9.981205,87.752342,54.102570
0.7597089,5.865794,8.078036,0.391452,9.990768,87.754501,54.015057
0.7699010,5.851429,8.087613,0.385466,9.989860,87.788651,54.114071
0.7798860,5.827487,8.074445,0.399832,9.965748,87.700645,54.181271
0.7900670,5.797559,8.073248,0.402226,9.947402,87.682594,54.317123
0.8000270,5.766435,8.062474,0.367510,9.919189,87.876678,54.426929
0.8098780,5.744887,8.068460,0.318429,9.909851,88.158623,54.548458
0.8201130,5.714960,8.086416,0.293290,9.906407,88.303452,54.749783
0.8297319,5.737704,8.113950,0.258574,9.941041,88.509529,54.734314
0.8397430,5.760449,8.110358,0.223858,9.950417,88.710892,54.615410
0.8498120,5.754464,8.066066,0.235829,9.911150,88.636559,54.495316
0.8598910,5.756858,8.039729,0.254982,9.891596,88.522881,54.395397
0.8701610,5.765238,8.016984,0.286107,9.878860,88.340393,54.279030
0.8797430,5.767632,8.001422,0.317232,9.868585,88.157875,54.214962
0.8897939,5.783194,7.990648,0.319626,9.869040,88.144051,54.105038
0.8998460,5.787982,8.001422,0.310049,9.880264,88.201729,54.119179
0.9099749,5.791574,8.028955,0.347159,9.905906,87.991615,54.195736
0.9199020,5.834670,8.051701,0.386664,9.951017,87.773117,54.071014
0.9298570,5.831078,8.061277,0.362722,9.955764,87.912064,54.120121
0.9404370,5.793968,8.082825,0.329203,9.950402,88.104057,54.366112
0.9497539,5.723339,8.091205,0.250194,9.913970,88.553902,54.726200
0.9599559,5.640739,8.090008,0.204704,9.864485,88.810936,55.113953
0.9698590,5.588067,8.082825,0.195127,9.828358,88.862404,55.341930
0.9796640,5.582081,8.079233,0.193930,9.821978,88.868645,55.358738
0.9897320,5.592855,8.079233,0.192733,9.828081,88.876328,55.307053
0.9998200,5.583278,8.063671,0.199916,9.809982,88.832298,55.301308
1.0102330,5.562928,8.072051,0.207098,9.805461,88.789780,55.426975
1.0197760,5.550957,8.055291,0.221464,9.785187,88.703140,55.429005
1.0297840,5.573701,8.064868,0.220267,9.805955,88.712883,55.351307
1.0396780,5.598841,8.056489,0.265756,9.814512,88.448364,55.202709
1.0496370,5.650316,8.044518,0.290895,9.834885,88.305061,54.916523
1.0596410,5.697003,8.036138,0.332794,9.856272,88.065056,54.666294
1.0695950,5.736507,8.034941,0.361524,9.879194,87.902817,54.475243
1.0796679,5.755661,8.039729,0.413000,9.896234,87.608177,54.401035
1.0895979,5.766435,8.038532,0.444124,9.902879,87.429535,54.346268
1.0996419,5.752069,8.063671,0.417788,9.913811,87.584724,54.498547
1.1097610,5.719748,8.069656,0.371101,9.898110,87.851357,54.671101
1.1198720,5.707777,8.050503,0.336385,9.874333,88.047745,54.663498
1.1306589,5.705383,8.048109,0.325611,9.870637,88.109589,54.666801
1.1405950,5.682638,8.060080,0.307655,9.866707,88.213165,54.814827
1.1498210,5.671864,8.054094,0.318429,9.855956,88.148552,54.845982
1.1596879,5.687426,8.027759,0.316035,9.843353,88.160126,54.683571
1.1697969,5.691018,7.989451,0.307655,9.813952,88.203552,54.537102
1.1797580,5.679047,7.942764,0.319626,9.769403,88.125114,54.435375
1.1900250,5.687426,7.963115,0.354342,9.792015,87.926193,54.464767
1.1999090,5.694609,8.024167,0.366313,9.846320,87.867935,54.637356
1.2096690,5.685032,8.067263,0.322020,9.874412,88.131165,54.827496
1.2197410,5.663484,8.092402,0.283713,9.881422,88.354713,55.013668
1.2302260,5.667076,8.080431,0.244209,9.872626,88.582588,54.956741
1.2396870,5.656301,8.061277,0.270545,9.851453,88.426323,54.944073
1.2498370,5.681441,8.025364,0.326809,9.838294,88.096397,54.703964
1.2596259,5.710171,7.982268,0.361524,9.821067,87.890404,54.421700
1.2701510,5.700594,7.953538,0.381875,9.792924,87.765182,54.369434
1.2801059,5.674258,7.945158,0.387861,9.771038,87.725052,54.466404
1.2897340,5.662287,7.948750,0.360327,9.765959,87.885521,54.535851
1.2999300,5.664681,7.969100,0.331597,9.782900,88.057556,54.593616
1.3097570,5.697003,7.994239,0.348356,9.822681,87.967606,54.524864
1.3197240,5.722142,8.034941,0.367510,9.871081,87.866333,54.543152
1.3301319,5.723339,8.039729,0.383072,9.876265,87.777100,54.553616
1.3397750,5.693412,8.042124,0.379481,9.860765,87.794487,54.703461
1.3499889,5.685032,8.052897,0.323217,9.862719,88.121986,54.779400
1.3598830,5.685032,8.014590,0.262165,9.829648,88.471695,54.650578
1.3697500,5.711368,7.990648,0.258574,9.825327,88.491966,54.444462
1.3797810,5.786786,8.007407,0.300472,9.884115,88.257965,54.145149
1.3897259,5.881356,8.049306,0.268151,9.972642,88.459213,53.845661
1.3997790,5.968745,8.086416,0.171185,10.052132,89.024216,53.568226
1.4100519,6.171055,8.213309,0.284910,10.277234,88.411415,53.080696
1.4197309,6.209362,8.180987,0.328006,10.275812,88.170799,52.801537
1.4304039,6.088455,8.048109,0.298078,10.096048,88.308144,52.892223
1.4399999,5.874174,7.902063,0.293290,9.850611,88.293839,53.373913
1.4497650,5.704185,7.807492,0.316035,9.674427,88.127983,53.847980
1.4599289,5.664681,7.812280,0.350751,9.656260,87.918350,54.054146
1.4697359,5.697003,7.873333,0.360327,9.724970,87.876602,54.111172
1.4798609,5.670667,7.921216,0.292093,9.746151,88.282585,54.401756
1.4896950,5.616797,7.970297,0.264559,9.754181,88.445793,54.827030
1.4998950,5.601235,7.989451,0.316035,9.762429,88.144867,54.966515
1.5097220,5.601235,8.018182,0.430956,9.790341,87.477112,55.063129
1.5198770,5.595249,8.061277,0.577003,9.829748,86.634827,55.235886
1.5297990,5.602432,8.107965,0.602142,9.873647,86.503662,55.356350
1.5397949,5.580884,8.137892,0.523133,9.881559,86.965324,55.558064
1.5502709,5.524621,8.149862,0.505177,9.858849,87.062828,55.867481
1.5597550,5.546168,8.107965,0.536301,9.838022,86.875076,55.626328
1.5698100,5.549759,8.076839,0.567426,9.816167,86.686157,55.506256
1.5807719,5.501875,8.051701,0.581791,9.769288,86.585838,55.654484
1.5900429,5.409699,8.064868,0.560243,9.727324,86.698235,56.147343
1.6007529,5.300763,8.073248,0.462081,9.668967,87.260788,56.711750
1.6097440,5.251681,8.103176,0.386664,9.663908,87.706924,57.052666
1.6200070,5.306748,8.142680,0.313640,9.724360,88.151718,56.906906
1.6300070,5.364209,8.244433,0.232238,9.838666,88.647430,56.950115
1.6399390,5.363012,8.321048,0.083797,9.899937,89.515022,57.197750
1.6497940,5.284003,8.264784,-0.077812,9.809863,90.454475,57.407612
1.6599270,5.234922,8.142680,-0.122104,9.681041,90.722672,57.263073
1.6699239,5.215768,7.982268,-0.086191,9.535632,90.517899,56.838623
1.6808579,5.284003,7.867347,-0.026336,9.477159,90.159218,56.113220
1.6898559,5.394136,7.739257,-0.045490,9.433709,90.276283,55.124130
1.6999669,5.456386,7.659051,-0.045490,9.404003,90.277161,54.533546
1.7098390,5.613206,7.700950,-0.020351,9.529592,90.122360,53.911774
1.7196590,5.831078,7.801506,-0.038307,9.739940,90.225342,53.224464
1.7296799,6.001067,7.912837,-0.026336,9.931087,90.151939,52.823452
1.7399039,6.058527,7.967903,-0.003591,10.009658,90.020554,52.751854
1.7496450,6.042965,7.943961,-0.004788,9.981181,90.027489,52.739780
1.7595730,6.002264,7.931990,0.033519,9.947098,89.806931,52.884624
1.7698699,5.950788,7.955932,0.107739,9.935811,89.378700,53.204659
1.7807150,5.889736,7.933187,0.071826,9.880770,89.583496,53.409164
1.7898749,5.841852,7.894880,-0.107739,9.821812,90.628510,53.500244
1.8000770,5.779603,7.878121,-0.258574,9.774224,91.515915,53.735218
1.8096828,5.705383,7.850587,-0.296881,9.709338,91.752197,53.992371
1.8203369,5.697003,7.814674,-0.299275,9.675461,91.772522,53.907448
1.8297290,5.731719,7.748834,-0.301669,9.643030,91.792717,53.510113
1.8407580,5.803545,7.694964,-0.258574,9.641602,91.536774,52.976387
1.8506140,5.917270,7.710526,-0.226252,9.722011,91.333519,52.496380
1.8599920,6.063316,7.764396,-0.232238,9.854115,91.350449,52.013271
1.8701869,6.173449,7.832631,-0.292093,9.977319,91.677612,51.755863
1.8800139,6.277597,7.918822,-0.377087,10.112278,92.137054,51.594601
1.8897359,6.378153,7.934384,-0.465672,10.190787,92.619064,51.205505
1.8997819,6.430826,7.860164,-0.561440,10.171181,93.164284,50.711544
1.9098190,6.649895,7.782352,-0.531513,10.250299,92.972313,49.486645
1.9208070,6.807912,7.905654,-0.280122,10.436738,91.538002,49.266788
1.9308139,6.904878,8.122330,0.022745,10.660680,89.877754,49.631790
1.9397819,6.721721,8.207323,0.122104,10.609269,89.340553,50.682842
1.9497910,6.259640,8.173804,0.049081,10.295465,89.726852,52.554485
1.9599359,5.659893,8.104373,-0.080206,9.885428,90.464874,55.070507
1.9703900,5.014656,7.908048,-0.537498,9.379387,93.285210,57.620377
1.9798559,4.588488,7.812280,-0.998382,9.114971,96.288345,59.572456
1.9898260,4.552575,7.838616,-1.231817,9.148071,97.738564,59.852493
1.9998090,4.982334,7.849391,-1.308431,9.388747,98.010910,57.595009
2.0103331,5.644331,7.878121,-1.182736,9.763305,96.957954,54.380051
2.0213099,6.302736,7.958326,-0.882263,10.190084,94.966919,51.621918
2.0297129,6.718130,7.899669,-0.591368,10.386903,93.263840,49.621101
2.0397630,6.840234,7.776367,-0.347159,10.362491,91.919853,48.664551
2.0501468,6.794744,7.696161,-0.158017,10.267639,90.881805,48.559536
2.0597308,6.570887,7.603985,-0.088585,10.050124,90.505035,49.168484
2.0697970,6.266823,7.565677,-0.065841,9.824301,90.383987,50.364273
2.0798559,5.999869,7.619547,-0.079009,9.698565,90.466759,51.782001
2.0908029,5.845443,7.726089,-0.148441,9.689360,90.877800,52.889397
2.0998089,5.699397,7.741651,-0.308852,9.618299,91.840134,53.639530
2.1097240,5.657499,7.742848,-0.494403,9.602262,92.951355,53.845367
2.1197829,5.710171,7.806294,-0.554258,9.687698,93.279831,53.815166
2.1298130,5.783194,7.946355,-0.603339,9.846519,93.512962,53.953640
2.1399679,5.828684,8.068460,-0.664391,9.975720,93.818771,54.155518
2.1498811,5.813122,8.097190,-0.775721,9.997931,94.449951,54.324738
2.1597381,5.768829,8.112753,-0.855927,9.991434,94.914330,54.584072
2.1696918,5.686229,8.043321,-0.924162,9.893548,95.359848,54.741581
2.1797099,5.631162,7.869741,-0.960075,9.724431,95.665932,54.414532
2.1899991,5.695806,7.699753,-0.903811,9.620046,95.390938,53.508228
2.1998720,5.780800,7.601591,-0.810437,9.584291,94.850662,52.748013
2.2097111,5.815516,7.565677,-0.687136,9.567227,94.118637,52.451565
2.2196741,5.755661,7.569269,-0.610521,9.528599,93.673599,52.750694
2.2297578,5.677849,7.563283,-0.615310,9.477332,93.722511,53.103992
2.2397990,5.637148,7.580042,-0.620098,9.466731,93.755730,53.362450
2.2499659,5.686229,7.653066,-0.641646,9.555853,93.850128,53.387646
2.2597320,5.822699,7.745243,-0.681150,9.713731,94.021019,53.064980
2.2699268,6.022614,7.872135,-0.660800,9.933733,93.814178,52.582031
2.2797430,6.179435,7.921216,-0.598550,10.064260,93.409554,52.041786
2.2899590,6.256049,7.910442,-0.508768,10.098124,92.887924,51.660954
2.2998168,6.351817,7.885303,-0.409408,10.133667,92.315430,51.147652
2.3098087,6.448782,7.811083,-0.428562,10.138218,92.422722,50.457127
2.3198450,6.430826,7.742848,-0.465672,10.075915,92.648949,50.288658
2.3297510,6.376956,7.721301,-0.474052,10.025407,92.710243,50.446991
2.3397000,6.372168,7.728483,-0.517148,10.030025,92.955475,50.494274
2.3497138,6.364985,7.783550,-0.565032,10.070548,93.216400,50.725475
2.3600919,6.285976,7.829040,-0.667982,10.062483,93.806290,51.238838
2.3697348,6.180632,7.829040,-0.784101,10.005443,94.494736,51.710690
2.3797708,6.113594,7.833828,-0.881066,9.976029,95.066872,52.031185
2.3899100,6.081272,7.829040,-0.927753,9.956729,95.346489,52.161427
2.4006720,6.042965,7.880515,-0.968455,9.977868,95.569916,52.518158
2.4100211,6.027403,7.830236,-0.984017,9.930281,95.686920,52.412365
2.4201012,6.016629,7.748834,-1.025915,9.863912,95.969955,52.172234
2.4300931,6.035782,7.753622,-1.004368,9.877150,95.836266,52.101139
2.4396698,6.088455,7.793127,-0.975637,9.937504,95.634224,52.000927
2.4496870,6.063316,7.811083,-0.994791,9.938129,95.744835,52.179768
2.4596820,6.034585,7.771579,-0.994791,9.889553,95.773148,52.170868
2.4702630,6.060922,7.754819,-0.914585,9.884759,95.308868,51.989941
2.4799988,6.076484,7.698555,-0.829591,9.842745,94.834885,51.715904
2.4906969,6.064513,7.597999,-0.749385,9.750358,94.407936,51.404099
2.4997230,6.084864,7.530962,-0.638055,9.702992,93.770409,51.062492
2.5096929,6.102820,7.526173,-0.539892,9.704596,93.189163,50.962112
2.5197461,6.107608,7.547721,-0.518345,9.723150,93.055908,51.020248
2.5297890,6.115988,7.626729,-0.541090,9.791072,93.167984,51.273354
2.5398149,6.119579,7.739257,-0.615310,9.885543,93.568588,51.665901
2.5499730,6.107608,7.800309,-0.769736,9.936810,94.442757,51.939209
2.5600188,6.096835,7.805098,-0.837971,9.939474,94.836197,52.005360
2.5697370,6.057330,7.833828,-0.811634,9.935737,94.685623,52.287823
2.5799291,5.985504,7.879318,-0.775721,9.925303,94.482574,52.777969
2.5898349,5.871779,7.855376,-0.820014,9.841603,94.779495,53.222420
2.5999291,5.785588,7.867347,-0.878672,9.805113,95.141380,53.669514
2.6104441,5.790377,7.905654,-0.875081,9.838373,95.102959,53.779652
2.6200471,5.795165,7.830236,-0.896629,9.782662,95.258820,53.494823
2.6299770,5.760449,7.709330,-0.852336,9.661419,95.061249,53.232731
2.6398749,5.699397,7.639898,-0.764947,9.562234,94.588379,53.276901
2.6497438,5.674258,7.642292,-0.690727,9.543529,94.150497,53.406807
2.6599979,5.713762,7.693767,-0.694318,9.608497,94.143852,53.400639
2.6698060,5.840655,7.813477,-0.702698,9.780463,94.120087,53.221504
2.6808698,5.942409,7.882909,-0.737414,9.899305,94.272003,52.989754
2.6898308,5.995081,7.864953,-0.749385,9.917664,94.333435,52.683441
2.7001820,6.048951,7.879318,-0.682347,9.956860,93.929581,52.486557
2.7097929,6.135142,7.891289,-0.575805,10.012190,93.296928,52.136452
2.7208550,6.143522,7.848193,-0.526724,9.980702,93.025146,51.946358
2.7296929,6.171055,7.891289,-0.422577,10.026611,92.415474,51.974293
2.7397978,6.212954,7.940370,-0.427365,10.091229,92.427208,51.958549
2.7497220,6.212954,7.891289,-0.483629,10.055203,92.756836,51.786003
2.7597320,6.222530,7.894880,-0.497994,10.064642,92.836128,51.755779
2.7697289,6.339846,7.906851,-0.617704,10.153498,93.487831,51.276775
2.7798009,6.428432,7.687782,-0.872687,10.059239,94.976936,50.098034
2.7898560,6.682217,7.495049,-1.034295,10.094431,95.880959,48.281372
2.8007190,7.139510,7.204153,-1.277307,10.222716,97.177742,45.258217
2.8098009,7.607576,6.734890,-1.516727,10.272994,98.490311,41.518055
2.8197119,8.134300,6.354211,-1.753753,10.469885,99.642754,37.995625
2.8304141,8.576031,5.989096,-2.232593,10.695889,102.048157,34.928635
2.8406980,9.088389,5.704185,-2.950854,11.128526,105.376534,32.113792
2.8498580,9.827001,5.629965,-4.027047,12.020131,109.574074,29.808731
2.8597591,10.934319,5.561730,-5.262455,13.348619,113.218102,26.960119
2.8699608,12.491747,5.707777,-5.797559,14.907520,112.886177,24.556791
2.8797669,13.832500,5.793968,-4.356250,15.616819,106.197311,22.727167
2.8900549,11.439496,2.428918,-3.483563,12.202332,106.587746,11.987433
2.8998320,9.504981,1.497573,-6.427235,11.571376,123.741203,8.953727
2.9098470,8.680179,1.752556,-6.319495,10.879015,125.513062,11.414744
2.9198778,8.578424,2.450465,-5.829881,10.657470,123.163017,15.942228
2.9296749,8.558074,4.126407,-5.578490,11.017595,120.419388,25.741753
2.9397428,8.535329,6.542156,-5.644331,12.145373,117.692810,37.469433
2.9496808,8.596381,8.731653,-6.572083,13.904381,118.207283,45.447273
2.9597387,8.553286,10.256760,-7.390901,15.263853,118.960686,50.174702
2.9698219,8.355764,11.123461,-6.748057,15.462420,115.875473,53.086716
2.9798279,8.146272,11.259931,-6.252458,15.239455,114.222481,54.115223
2.9898591,7.309498,11.177331,-6.976704,15.067710,117.582382,56.817024
2.9998789,5.054160,11.018116,-7.601591,14.308305,122.091385,65.358437
3.0097079,4.721366,9.451111,-9.550470,14.241709,132.113281,63.455273
3.0198278,7.657854,6.579266,-9.886856,14.130796,134.400314,40.667614
3.0298071,11.972205,3.833117,-9.867702,15.981177,128.130722,17.753403
3.0410690,15.215152,3.078943,-5.693412,16.534681,110.140991,11.439910
3.0497229,15.223532,4.835090,1.397017,16.033892,85.001541,17.620178
3.0601578,14.081497,9.205706,7.376535,18.369726,66.324303,33.174442
3.0697579,13.308170,13.858836,12.575544,22.963428,56.795181,46.161205
3.0799429,11.878832,15.984888,14.817715,24.823133,53.349541,53.382893
3.0896990,8.822633,14.765042,10.794258,20.306683,57.888958,59.140198
3.0999370,4.645948,11.166556,3.908534,12.710368,72.090912,67.409798
3.1110981,1.054646,6.339846,0.123301,6.428151,88.900917,80.555222
3.1199739,-1.352724,2.085350,-0.063446,2.486478,91.462151,122.970657
3.1296840,-2.086547,-0.900220,1.143231,2.543826,63.293903,203.337296
3.1397989,-1.034295,-2.418144,2.272097,3.475574,49.176350,246.842499
3.1500149,1.201889,-2.126051,2.807201,3.720888,41.023197,299.480133
3.1597459,3.810372,-0.373495,2.185906,4.408698,60.276382,354.401703
3.1696360,5.675455,1.878251,0.469264,5.996568,85.511711,18.311592
3.1798010,6.138733,4.006697,-1.583764,7.499732,102.191284,33.132130
3.1896808,5.424064,5.675455,-3.438074,8.570392,113.650536,46.297462
3.1996999,4.246117,6.827066,-4.832696,9.380474,121.009933,58.120316
3.2096140,3.409343,7.540538,-5.926847,10.178942,125.610046,65.670601
3.2195587,2.922123,7.924808,-6.344635,10.563890,126.912628,69.759499
3.2295909,2.972401,8.104373,-6.068104,10.551679,125.105537,69.858727
3.2395561,3.916914,8.000225,-5.780800,10.619015,122.982437,63.913609
3.2495849,5.720945,7.624335,-5.175067,10.846244,118.498116,53.117149
3.2598839,7.495049,7.082048,-4.325125,11.182034,112.755058,43.377125
3.2699618,8.949526,6.362591,-3.611653,11.559438,108.206451,35.410606
3.2799599,10.043676,5.579687,-3.049016,11.887171,104.862267,29.054024
3.2895977,10.815806,4.942830,-2.546233,12.161272,102.085571,24.560427
3.2996879,11.325771,4.616021,-2.371457,12.458112,100.973473,22.174231
3.3097448,11.572374,4.554969,-2.329558,12.652843,100.609451,21.484951
3.3206279,11.652579,4.651934,-2.436100,12.781145,100.987869,21.762835
3.3299220,11.876437,4.995502,-2.804807,13.186043,102.281227,22.812738
3.3398249,11.981782,5.371391,-3.204639,13.516089,103.715332,24.146528
3.3498988,11.512519,5.564125,-3.333926,13.214108,104.613686,25.794979
3.3597209,10.573992,5.670667,-3.264494,12.434737,105.220245,28.203964
3.3698540,9.549273,5.825093,-3.178303,11.628497,105.861931,31.383348
3.3806269,8.068460,6.034585,-2.972401,10.504828,106.436691,36.793655
3.3905649,8.061277,6.110003,-3.062184,10.568504,106.842758,37.160114
3.4006498,8.568848,6.366182,-3.259706,11.161501,106.980667,36.610317
3.4098518,9.235633,6.867768,-3.333926,11.982412,106.154892,36.635094
3.4200799,9.797073,7.469909,-3.142390,12.714433,104.309013,37.324192
3.4298089,10.052056,8.100781,-2.797625,13.209588,102.227119,38.864750
3.4410198,9.871294,8.501810,-2.171541,13.207529,99.463364,40.737202
3.4500659,9.437943,8.571242,-1.485602,12.835420,96.646446,42.244740
3.4598200,8.847773,8.281544,-0.834379,12.147561,93.938576,43.106712
3.4706428,8.186973,7.712921,-0.158017,11.249028,90.804871,43.292244
3.4807198,7.620744,7.287950,0.266953,10.548043,88.549782,43.721249
3.4916060,7.207744,7.302315,0.353145,10.266455,88.028755,45.373428
3.5007601,6.744466,7.566875,0.282516,10.140278,88.403488,48.288914
3.5097759,6.319495,7.841011,0.257377,10.073913,88.536003,51.132778
3.5198550,6.021417,8.218098,0.289698,10.192081,88.371216,53.769688
3.5298529,5.913678,8.647857,0.226252,10.478941,88.762825,55.634445
3.5398588,5.966351,8.936357,0.123301,10.745745,89.342552,56.270981
3.5505540,6.071695,9.169792,0.199916,10.999570,88.958595,56.489822
3.5599079,6.211756,9.479841,0.324414,11.338367,88.360428,56.764797
3.5701828,6.301539,9.825804,0.427365,11.680688,87.903236,57.326912
3.5806818,6.210559,10.026917,0.538695,11.806790,87.384918,58.226391
3.5898709,5.849035,9.999383,0.507571,11.595538,87.491196,59.674946
3.5999098,5.204995,9.753978,0.428562,11.064164,87.780136,61.914375
3.6102009,4.535815,9.343372,0.337582,10.391640,88.138367,64.105370
3.6197748,4.003105,8.941146,0.442927,9.806382,87.411224,65.881119
3.6299677,3.779247,8.689755,0.824802,9.511827,85.025444,66.495377
3.6397839,3.895366,8.556877,1.285686,9.489311,82.213173,65.523445
3.6497037,4.165911,8.494628,1.649605,9.603890,80.109589,63.875877
3.6597538,4.429273,8.467094,1.904588,9.743593,78.727776,62.385212
3.6704948,4.580108,8.443152,2.088941,9.829948,77.730644,61.521755
3.6807821,4.437653,8.362947,2.179921,9.715127,77.033333,62.048115
3.6905367,4.053383,8.299500,2.097321,9.471557,77.206749,63.969631
3.6998358,3.495534,8.299500,1.835156,9.190661,78.481979,67.160439
3.7098508,2.913743,8.359355,1.497573,8.978387,80.398323,70.783447
3.7197130,2.451663,8.434772,1.165976,8.860899,82.438713,73.792892
3.7298899,2.166753,8.486248,0.922965,8.806991,83.984406,75.676956
3.7398720,2.030283,8.530540,0.802058,8.805422,84.773865,76.612572
3.7496829,2.009932,8.503007,0.839168,8.777536,84.513916,76.700592
3.7608099,2.070984,8.400057,0.945710,8.703119,83.761734,76.150269
3.7698181,2.161964,8.268375,1.133654,8.621212,82.443954,75.346710
3.7806408,2.302025,8.154651,1.337162,8.578208,81.032227,74.235840
3.7923889,2.456451,8.099585,1.508347,8.597239,79.895416,73.128441
3.8054254,2.791639,8.216900,1.692701,8.841715,78.962883,71.235138
3.8197429,2.910152,8.340201,1.725022,9.000202,78.950043,70.764549
3.8299639,2.952051,8.512584,1.766921,9.181540,78.904625,70.874138
3.8399470,2.950854,8.670602,1.780089,9.330359,79.001419,71.205093
3.8498678,2.934094,8.759187,1.780089,9.407495,79.092712,71.480522
3.8600078,2.970007,8.791509,1.842338,9.460750,78.770760,71.333656
3.8698549,3.027468,8.787917,2.023100,9.512412,77.720543,70.990990
3.8803959,3.069367,8.615535,2.135628,9.391984,76.856636,70.391075
3.8898828,3.023877,8.543709,2.188300,9.323489,76.425568,70.509590
3.8996730,2.981978,8.530540,2.190695,9.298466,76.373161,70.732162
3.9110029,2.973598,8.595184,2.167950,9.349839,76.592796,70.916374
3.9204688,2.972401,8.688558,2.102109,9.420460,77.106300,71.113914
3.9299629,2.972401,8.811859,2.044648,9.521797,77.600113,71.359810
3.9398420,3.004723,8.939949,1.956063,9.632093,78.283012,71.422470
3.9506717,3.014300,9.074024,1.885434,9.745706,78.845047,71.624031
3.9614608,2.967613,9.148245,1.859098,9.795578,79.059502,72.027374
3.9703300,2.885013,9.180567,1.859098,9.801141,79.065788,72.554558
3.9799879,2.782062,9.193734,1.881842,9.788052,78.915344,73.163963
3.9897048,2.673126,9.163807,1.922544,9.737410,78.612762,73.737785
3.9998980,2.557007,9.100361,1.963245,9.654490,78.267044,74.305771
4.0100169,2.466028,9.033323,1.964442,9.567719,78.151779,74.730751
4.0197496,2.425326,9.041702,1.958457,9.564003,78.183746,74.984573
4.0304937,2.384625,9.099164,1.957260,9.607918,78.245819,75.314705
4.0406499,2.347515,9.229648,1.994370,9.730094,78.172302,75.729691
4.0498891,2.341529,9.374496,1.999158,9.867146,78.310516,75.975807
4.0598431,2.355895,9.548077,2.036268,10.043027,78.301918,76.139679
4.0698228,2.373851,9.672575,2.041057,10.166602,78.418541,76.210960
4.0797420,2.400187,9.756371,2.003947,10.245169,78.720268,76.178993
4.0900745,2.387019,9.798270,1.957260,10.273014,79.016609,76.308510
4.0997458,2.400187,9.874885,1.950077,10.347804,79.137466,76.338615
4.1098690,2.402581,9.940725,1.939303,10.409194,79.262672,76.412704
4.1206322,2.370260,10.052056,1.844732,10.491187,79.872665,76.732101
4.1298561,2.316390,10.138247,1.827973,10.558940,80.030678,77.129959
4.1398239,2.214637,10.214862,1.778892,10.602475,80.341187,77.767288
4.1499190,2.076970,10.234015,1.746570,10.587700,80.504959,78.527763
4.1614270,1.957260,10.242394,1.686715,10.563263,80.811821,79.181549
4.1714768,1.848324,10.222044,1.647211,10.517594,80.989540,79.750664
4.1820378,1.705869,10.168175,1.574188,10.429757,81.319038,80.476433
4.1996298,1.538275,10.126276,1.406593,10.338581,82.180496,81.362282
4.2097621,1.502362,10.115502,1.349133,10.315068,82.484612,81.552147
4.2195959,1.525106,10.144233,1.338359,10.345174,82.566788,81.450058
4.2296109,1.574188,10.107122,1.331176,10.315232,82.585327,81.147293
4.2398367,1.638831,10.072407,1.365892,10.295863,82.376427,80.758667
4.2495508,1.695095,10.066422,1.429338,10.307725,82.029297,80.441574
4.2596879,1.788469,10.035296,1.447295,10.295652,81.918968,79.894966
4.2698770,1.877054,9.931149,1.493982,10.216801,81.591606,79.296967
4.2796822,1.958457,9.823410,1.557428,10.137087,81.162262,78.724983
4.2896209,2.012326,9.716867,1.601721,10.051492,80.830742,78.299660
4.2996349,2.043451,9.635465,1.610101,9.980495,80.716202,78.026344
4.3097029,2.092532,9.591172,1.630451,9.951263,80.569931,77.692482
4.3195858,2.185906,9.585187,1.549049,9.952564,81.045898,77.153366
4.3295746,2.306813,9.610326,1.430536,9.986300,81.764061,76.502380
4.3395758,2.337938,9.611523,1.370680,9.986295,82.110893,76.328690
4.3499007,2.268506,9.526528,1.331176,9.882960,82.259071,76.605881
4.3597589,2.212242,9.393650,1.278504,9.734950,82.453468,76.748085
4.3699799,2.176329,9.167398,1.228225,9.501902,82.573105,76.645271
4.3796897,2.166753,9.132683,1.177947,9.459824,82.846901,76.653198
4.3896728,2.165555,9.161413,1.110910,9.479200,83.269783,76.700653
4.3995876,2.188300,9.202114,1.028310,9.514462,83.795433,76.623291
4.4098649,2.211045,9.259575,0.913388,9.563615,84.519524,76.570122
4.4197989,2.250550,9.354146,0.822408,9.656157,85.114243,76.472099
4.4297872,2.306813,9.423578,0.749385,9.730714,85.583145,76.244965
4.4397020,2.395399,9.502586,0.705092,9.825184,85.884697,75.851723
4.4502954,2.492364,9.562442,0.719458,9.908067,85.835899,75.391388
4.4604168,2.585738,9.556456,0.796072,9.932050,85.402710,74.859726
4.4703479,2.667141,9.533711,0.885855,9.939318,84.886658,74.370560
4.4799566,2.741361,9.539697,0.994791,9.975494,84.276756,73.967278
4.4898696,2.790442,9.540894,1.083376,9.999446,83.780159,73.697289
4.5006599,2.823961,9.537302,1.163582,10.014430,83.327705,73.506165
4.5101480,2.831144,9.516952,1.260547,10.008832,82.764755,73.433083
4.5198612,2.832341,9.478644,1.364695,9.986453,82.145691,73.363174
4.5307841,2.825158,9.457097,1.420959,9.971827,81.807617,73.367317
4.5397801,2.815581,9.430760,1.434127,9.946027,81.709572,73.376854
4.5497837,2.749741,9.418790,1.446098,9.917957,81.616043,73.725258
4.5599670,2.664747,9.422380,1.450886,9.898849,81.571724,74.208549
4.5711398,2.595315,9.428367,1.429338,9.882953,81.684341,74.609550
4.5797100,2.515109,9.416395,1.444901,9.853021,81.567421,75.045464
4.5897717,2.438494,9.417592,1.444901,9.834888,81.551765,75.483238
4.6000490,2.365471,9.404425,1.400608,9.797977,81.781487,75.881416
4.6101456,2.303222,9.391256,1.345541,9.762735,82.078033,76.220093
4.6204438,2.242170,9.390059,1.307234,9.742146,82.288597,76.570313
4.6300368,2.183512,9.398438,1.286883,9.734189,82.403122,76.920662
4.6398811,2.152387,9.415198,1.267730,9.740938,82.522057,77.123024
4.6502070,2.154782,9.460688,1.210269,9.778161,82.890114,77.169098
4.6606822,2.157176,9.556456,1.150414,9.864213,83.302635,77.279831
4.6703873,2.171541,9.659407,1.088165,9.960113,83.727791,77.329926
4.6797709,2.183512,9.737218,1.043872,10.033484,84.028206,77.360855
4.6903195,2.187103,9.767146,1.019930,10.060856,84.181587,77.378281
4.7016521,2.231396,9.732430,1.012747,10.036183,84.208450,77.086731
4.7103477,2.273294,9.676167,0.997185,9.989516,84.271011,76.778839
4.7198849,2.285265,9.635465,0.991199,9.952240,84.284119,76.657555
4.7299347,2.272097,9.607931,0.990002,9.922442,84.273842,76.695038
4.7403159,2.267309,9.600749,1.037886,9.919289,83.993973,76.712502
4.7500277,2.298434,9.599552,1.084573,9.930283,83.729713,76.535080
4.7602210,2.342726,9.569624,1.138443,9.917768,83.408592,76.244041
4.7698350,2.367866,9.513360,1.179144,9.874269,83.141609,76.023148
4.7812028,2.367866,9.441534,1.230620,9.811411,82.794563,75.921028
4.7899709,2.328361,9.369708,1.271321,9.738016,82.498489,76.044739
4.7998562,2.275689,9.285912,1.297657,9.648358,82.270569,76.229973
4.8104968,2.221819,9.239224,1.320402,9.593915,82.089325,76.478439
4.8199806,2.169147,9.215282,1.322796,9.559102,82.045837,76.754501
4.8298540,2.144008,9.217676,1.306037,9.553432,82.142563,76.905975
4.8400989,2.116474,9.263166,1.290475,9.589110,82.265831,77.129822
4.8496985,2.019509,9.186552,1.290475,9.494023,82.187889,77.601700
4.8598347,2.535460,9.470264,1.344344,9.895540,82.192024,75.011803
4.8698759,2.597709,9.594764,1.381454,10.035736,82.087914,74.850792
4.8796868,2.462436,9.569624,1.345541,9.972551,82.245750,75.569817
4.8896031,2.363077,9.636662,1.325191,10.010270,82.392677,76.221947
4.8996687,2.264915,9.603143,1.292869,9.950965,82.534798,76.729225
4.9098387,2.285265,9.629479,1.301249,9.982112,82.509720,76.649559
4.9198780,2.306813,9.689334,1.288081,10.043094,82.631210,76.608459
4.9308305,2.225410,9.658210,1.217452,9.985772,82.997154,77.024574
4.9398546,2.165555,9.672575,1.157596,9.979397,83.338768,77.380379
4.9500127,2.141613,9.698911,1.077391,9.990804,83.809288,77.548340
4.9598470,2.144008,9.654618,1.046266,9.945004,83.961014,77.479469
4.9700847,2.246958,9.617508,1.116895,9.939453,83.548050,76.849747
4.9800048,2.424129,9.659407,1.261744,10.038552,82.779404,75.911972
4.9902248,2.567781,9.716867,1.386243,10.145575,82.146812,75.197388
5.0003009,2.574964,9.662998,1.440112,10.103360,81.805267,75.078743
5.0097384,2.535460,9.619903,1.456872,10.054529,81.668678,75.234680
5.0202188,2.433706,9.549273,1.442507,9.959537,81.672180,75.702103
5.0302339,2.341529,9.441534,1.393425,9.826849,81.848114,76.071495
5.0399680,2.336741,9.440337,1.380257,9.822700,81.922234,76.097176
5.0498991,2.379837,9.446322,1.376666,9.838284,81.956238,75.859589
5.0610485,2.402581,9.435549,1.403002,9.837194,81.800392,75.714310
5.0714478,2.372654,9.381680,1.429338,9.782044,81.597939,75.807327
5.0797787,2.316390,9.285912,1.413776,9.674326,81.596878,75.993309
5.0902567,2.291251,9.283517,1.379060,9.661021,81.793297,76.135986
5.0997567,2.243367,9.258378,1.302446,9.614917,82.214722,76.379364
5.1105237,2.219425,9.297882,1.238999,9.639066,82.614807,76.574593
5.1198802,2.233790,9.336189,1.180341,9.671993,82.990318,76.544281
5.1304288,2.279280,9.380483,1.177947,9.725026,83.042946,76.342873
5.1397719,2.333150,9.396045,1.204283,9.756001,82.909309,76.054825
5.1500106,2.420538,9.430760,1.277307,9.819865,82.526146,75.604958
5.1598487,2.525883,9.496601,1.316811,9.914611,82.367699,75.105453
5.1697769,2.596512,9.552865,1.308431,9.985544,82.470734,74.794106
5.1798978,2.625242,9.557653,1.279701,9.993912,82.643188,74.641098
5.1899695,2.598906,9.494206,1.253365,9.922962,82.743614,74.691101
5.1999421,2.670732,9.484630,1.246182,9.931968,82.792000,74.273560
5.2096758,2.730587,9.440337,1.339556,9.918189,82.237877,73.867661
5.2196941,2.902970,9.526528,1.410185,10.058360,81.940567,73.052719
5.2297306,2.890999,9.509769,1.497573,10.051682,81.431755,73.090569
5.2396178,2.834735,9.461885,1.460463,9.984786,81.589241,73.322037
5.2496319,2.797625,9.463082,1.385046,9.964686,82.010284,73.530441
5.2606645,2.740164,9.487024,1.316811,9.962234,82.404396,73.889549
5.2699361,2.711433,9.503783,1.246182,9.961262,82.813309,74.076530
5.2798686,2.674323,9.493010,1.252167,9.941689,82.764313,74.266678
5.2908297,2.658761,9.451111,1.296460,9.903197,82.477631,74.287788
5.3004150,2.610877,9.351752,1.321599,9.798907,82.248772,74.401016
5.3104300,2.530671,9.246407,1.333570,9.678778,82.080429,74.693428
5.3197498,2.430115,9.185355,1.291672,9.588776,82.258347,75.181114
5.3299356,2.318784,9.178172,1.283292,9.553138,82.280006,75.821419
5.3399405,2.371457,9.351752,1.250970,9.728515,82.611992,75.770638
5.3498430,2.516306,9.489418,1.285686,9.901204,82.538986,75.148689
5.3601036,2.498349,9.368511,1.327585,9.786380,82.203423,75.068130
5.3701558,2.566584,9.139865,2.196680,9.744224,76.971596,74.314621
5.3802929,2.992752,9.410410,0.756568,9.903776,85.618805,72.358002
