Keuwl Accelerometer Data File
2019-06-27 16-01-44

Time (s), X (m/s2), Y (m/s2), Z (m/s2), R (m/s2), Theta (deg), Phi (deg)
0.0000000,0.423774,4.982334,7.442376,8.966169,33.896042,85.138397
0.0099250,0.579397,4.698621,8.670602,9.878870,28.634846,82.970222
0.0198940,0.749385,4.838682,8.925584,10.180396,28.748148,81.196327
0.0298920,0.857124,4.776433,9.022549,10.244772,28.273340,79.826630
0.0398520,0.779313,4.595670,8.904037,10.050343,27.632135,80.375603
0.0499500,0.743400,4.635174,8.744822,9.925189,28.227865,80.888374
0.0599120,0.937330,4.659117,8.633492,9.855107,28.831419,78.624969
0.0702450,1.193510,4.709395,8.778340,10.033051,28.961859,75.778854
0.0800220,1.171962,4.538209,8.595184,9.790099,28.604351,75.520103
0.0900770,0.915782,4.389769,8.595184,9.694633,27.551929,78.216110
0.0999440,0.612916,4.193444,8.588001,9.576764,26.265383,81.684502
0.1098600,0.430956,4.368221,8.580819,9.638336,27.091532,84.365593
0.1199680,0.257377,4.618415,8.510190,9.686038,28.525602,86.810303
0.1299860,0.248997,4.735731,8.386889,9.634783,29.485498,86.990250
0.1399920,0.282516,4.780024,8.397662,9.666911,29.691883,86.617561
0.1499860,0.239420,4.673482,8.455123,9.663739,28.962967,87.067329
0.1599790,0.338780,4.697424,8.119935,9.386901,30.114061,85.874954
0.1700890,1.092953,4.958392,8.236053,9.675369,31.653292,77.569359
0.1804070,1.359907,4.985925,8.580819,10.016948,31.059704,74.743721
0.1900640,1.408988,4.787206,8.883685,10.189330,29.324306,73.599602
0.1998710,1.464054,4.520253,9.297882,10.441587,27.068096,72.053497
0.2099800,1.526304,4.344279,9.437943,10.501292,26.006916,70.641769
0.2201560,1.197101,4.203021,9.460688,10.421278,24.793623,74.102036
0.2301960,0.858321,4.188656,9.182961,10.129577,24.967241,78.419510
0.2399860,0.864307,4.692636,8.623915,9.855950,28.955524,79.564011
0.2500670,0.981623,5.088876,8.459911,9.921206,31.492348,79.081985
0.2599860,1.001973,5.061342,8.534132,9.972589,31.156322,78.802170
0.2700820,0.891840,4.753687,8.593987,9.861518,29.370436,79.374245
0.2799720,0.784101,4.610035,8.567651,9.760732,28.625809,80.347183
0.2901520,0.717063,4.693832,8.547300,9.777658,29.053516,81.314240
0.2999380,0.657208,4.687847,8.567651,9.788384,28.920977,82.019485
0.3099540,0.696713,4.644751,8.598776,9.797860,28.643688,81.469231
0.3199920,0.806846,4.592079,8.602366,9.784626,28.457390,80.034630
0.3300760,0.931344,4.589684,8.585608,9.779840,28.611320,78.529221
0.3400420,1.064223,4.672285,8.586804,9.833413,29.164141,77.168449
0.3499630,1.102530,4.790798,8.537724,9.851905,29.933361,77.039894
0.3603070,1.052252,4.809951,8.474277,9.800828,30.157343,77.660065
0.3699100,0.912191,4.712986,8.412027,9.685377,29.711899,79.045937
0.3799640,0.802058,4.642357,8.374918,9.609059,29.359007,80.197800
0.3900720,0.794875,4.632780,8.434772,9.656079,29.129776,80.264206
0.4000710,0.869095,4.650737,8.491036,9.720205,29.126759,79.415077
0.4101460,0.922965,4.604050,8.508993,9.718647,28.891918,78.664284
0.4200910,0.998382,4.595670,8.505402,9.718992,28.939396,77.743279
0.4300580,1.079785,4.657919,8.532935,9.781264,29.264130,76.948395
0.4400200,1.088165,4.721366,8.607155,9.877172,29.376041,77.021301
0.4500010,0.993594,4.738125,8.632295,9.897149,29.284676,78.156586
0.4600110,0.906205,4.639963,8.607155,9.820060,28.778545,78.948990
0.4700400,0.902614,4.635174,8.589199,9.801729,28.801477,78.980614
0.4799570,0.922965,4.732140,8.547300,9.813325,29.426205,78.963486
0.4900910,0.905008,4.740520,8.530540,9.801106,29.498915,79.191772
0.5000370,0.860716,4.647145,8.525752,9.748089,29.001434,79.506935
0.5100990,0.820014,4.538209,8.526949,9.694154,28.406212,79.757675
0.5200580,0.799663,4.533421,8.573636,9.731320,28.232506,79.996338
0.5300700,0.751779,4.531027,8.540117,9.696854,28.271856,80.579414
0.5401160,0.787692,4.583699,8.426393,9.624700,28.896187,80.249168
0.5500940,0.887052,4.730943,8.477868,9.748996,29.586130,79.380348
0.5600140,1.001973,4.657919,8.629900,9.857756,28.902590,77.860001
0.5703640,1.173159,4.679467,8.768764,10.008244,28.818146,75.925827
0.5802480,1.290475,4.751293,8.746018,10.036580,29.376604,74.804749
0.5904080,1.309628,4.766856,8.705317,10.011024,29.590923,74.637794
0.5999860,1.235408,4.748899,8.669404,9.961769,29.510260,75.417938
0.6101230,1.085770,4.739322,8.634688,9.909487,29.383427,77.096313
0.6200810,0.978031,4.690241,8.586804,9.833012,29.159943,78.221199
0.6299810,0.950498,4.661511,8.532935,9.769550,29.141294,78.475182
0.6401210,0.939724,4.738125,8.446744,9.730385,29.763817,78.781967
0.6500190,0.833182,4.659117,8.329428,9.580236,29.606527,79.861061
0.6600940,0.770933,4.574122,8.240842,9.456659,29.374447,80.433151
0.6699719,0.756568,4.539406,8.408437,9.585427,28.692331,80.537682
0.6799230,0.833182,4.507085,8.362947,9.536608,28.725666,79.526505
0.6900430,1.042675,4.566940,8.462306,9.672370,28.967472,77.139275
0.6999890,1.256956,4.744111,8.530540,9.841578,29.912741,75.160408
0.7100070,1.174356,4.746505,8.686164,9.967841,29.376068,76.103241
0.7200450,1.212663,4.783615,8.595184,9.911141,29.862312,75.774986
0.7300069,1.193510,4.808754,8.463503,9.807113,30.345299,76.061127
0.7401120,1.113304,4.746505,8.403648,9.715455,30.119881,76.799759
0.7501799,1.067814,4.674679,8.188169,9.488887,30.353733,77.132965
0.7600710,1.051055,4.648343,8.406042,9.662989,29.550474,77.258888
0.7705669,1.148020,4.613626,8.585608,9.814079,28.975658,76.026741
0.7806360,1.349133,4.541800,8.760384,9.959540,28.406189,73.456055
0.7907900,1.647211,4.570531,8.868123,10.111710,28.715618,70.180931
0.8000320,1.746570,4.681861,8.862138,10.173879,29.417042,69.541954
0.8103830,1.653196,4.715380,8.840590,10.154993,29.475548,70.679504
0.8198890,1.552640,4.751293,8.777143,10.100679,29.661341,71.903511
0.8299650,1.411382,4.777629,8.686164,10.013350,29.835394,73.542084
0.8399569,1.313220,4.774038,8.611943,9.933859,29.896376,74.619743
0.8499040,1.302446,4.729745,8.541314,9.849919,29.871386,74.603867
0.8600690,1.301249,4.614824,8.547300,9.800316,29.291084,74.253059
0.8700519,1.325191,4.557363,8.585608,9.810114,28.933813,73.786621
0.8805619,1.363498,4.611232,8.615535,9.866611,29.167231,73.527550
0.8900670,1.349133,4.637568,8.577228,9.843578,29.383795,73.779556
0.8999900,1.332373,4.714183,8.534132,9.840231,29.857134,74.218079
0.9103540,1.365892,4.793192,8.483853,9.839519,30.432959,74.094299
0.9201770,1.389834,4.844667,8.398860,9.795064,30.967600,73.992920
0.9301109,1.398214,4.815937,8.301894,9.698954,31.134302,73.810371
0.9400170,1.340753,4.799177,8.206126,9.600533,31.267054,74.391159
0.9501219,1.219846,4.754885,7.965509,9.356617,31.644075,75.611320
0.9600350,0.998382,4.557363,7.874529,9.152843,30.645563,77.643410
0.9702919,0.901417,4.619612,7.778761,9.091892,31.177103,78.958710
0.9801800,0.791284,4.707001,7.489063,8.880768,32.510815,80.457359
0.9902480,0.596156,4.855441,7.510611,8.963257,33.077492,83.000198
1.0001429,0.439336,4.888960,7.220912,8.731353,34.207237,84.865028
1.0101110,0.685939,5.738902,6.847417,8.960615,40.166958,83.184090
1.0200800,0.110133,5.091270,6.314707,8.112255,38.884254,88.760780
1.0302830,0.377087,5.601235,6.010643,8.224588,43.045330,86.148544
1.0409610,-0.055067,4.351461,5.613206,7.102558,37.785728,90.725021
1.0501779,1.596933,6.625953,2.804807,7.370237,67.631714,76.449471
1.0601370,-1.106121,3.875015,2.647987,4.821938,56.690998,105.931366
1.0703169,-0.404620,3.307590,3.849876,5.091701,40.877708,96.974388
1.0800860,2.097321,3.487155,9.085996,9.955618,24.125814,58.975536
1.0902230,5.056554,4.007894,11.951855,13.582297,28.362669,38.400822
1.1000850,6.579266,4.317943,11.944673,14.304075,33.378559,33.276711
1.1101440,6.616376,3.345897,10.705673,13.022400,34.704758,26.825693
1.1201190,6.800730,2.707842,9.653421,12.114902,37.172306,21.710930
1.1302780,7.065289,2.756923,9.751583,12.353635,37.873367,21.316063
1.1402990,6.915652,3.296816,10.078392,12.659748,37.240974,25.487978
1.1501670,7.329848,4.791995,10.156203,13.410382,40.769848,33.175232
1.1600980,7.175423,6.129156,9.567230,13.438197,44.606777,40.503540
1.1704580,5.896919,5.914876,8.602366,11.990000,44.154686,45.087101
1.1802580,4.790798,5.398925,7.937976,10.729007,42.280407,48.415386
1.1900899,4.053383,5.050569,7.578846,9.968804,40.513206,51.250874
1.2000771,3.586514,4.865018,6.707356,9.028849,42.022625,53.602184
1.2106819,0.699107,5.858612,6.939594,9.108789,40.371830,83.195084
1.2200680,0.110133,5.679047,4.964377,7.543788,48.846786,88.889008
1.2301199,1.634043,4.456807,4.926070,6.841008,43.938946,69.865051
1.2400880,3.672705,3.628413,5.331887,7.421803,44.076756,44.652416
1.2512349,4.906917,3.462016,6.752846,9.036831,41.646572,35.204418
1.2602630,5.183447,3.323152,7.960721,10.064022,37.720200,32.664276
1.2706540,5.476737,3.640384,8.397662,10.666197,38.064659,33.611965
1.2800440,5.573701,4.299986,7.937976,10.609783,41.567451,37.649384
1.2903500,5.652710,4.569334,7.226898,10.249878,45.164673,38.950130
1.3000679,5.250484,4.392163,6.810307,9.656032,45.146988,39.913334
1.3105290,5.742493,4.509479,6.433220,9.731286,48.617226,38.141926
1.3200330,6.624756,4.553771,6.216545,10.162169,52.285004,34.504128
1.3310510,7.636306,4.748899,6.520608,11.107815,54.053547,31.876831
1.3401130,6.234501,3.977966,6.792350,10.041376,47.434223,32.540188
1.3507400,6.697779,4.146757,5.894525,9.838763,53.193649,31.762651
1.3600719,7.134721,4.214992,5.665878,10.038555,55.638546,30.573397
1.3701789,7.734468,4.124012,6.075287,10.664830,55.273746,28.066504
1.3801130,8.577228,4.286818,6.191406,11.413989,57.150097,26.555454
1.3904370,8.588001,4.319140,5.799953,11.227119,58.895397,26.699068
1.4005100,7.915231,4.061763,5.584476,10.504055,57.883030,27.164986
1.4101440,7.234080,4.041412,5.453991,9.920230,56.647751,29.190472
1.4201250,6.101623,4.290410,4.930859,8.941521,56.533016,35.113304
1.4303780,5.943606,3.606865,4.308366,8.179116,58.213737,31.251385
1.4400660,5.139154,3.591303,4.357447,7.635162,55.200394,34.946312
1.4507099,5.480328,3.484761,4.469975,7.884048,55.461185,32.450943
1.4601880,6.458359,4.025850,4.407725,8.794653,59.921741,31.937555
1.4700630,6.670246,2.809596,5.777209,9.260785,51.403214,22.841467
1.4800160,8.760384,3.699042,5.969942,11.227976,57.879444,22.891735
1.4901149,8.198944,3.664326,5.600038,10.583496,58.053360,24.081135
1.5000669,7.654263,3.988740,5.471948,10.219589,57.626434,27.524630
1.5110439,6.611588,4.553771,5.973533,10.006649,53.347778,34.557365
1.5202630,7.425617,2.394202,3.980360,8.758724,62.970757,17.870600
1.5300640,4.592079,2.117671,5.849035,7.731942,40.845425,24.757143
1.5399650,4.220978,2.302025,4.944026,6.896330,44.200310,28.607040
1.5501571,3.997120,2.492364,5.025429,6.887945,43.147312,31.945189
1.5599200,4.316746,2.855086,4.781221,7.045983,47.267693,33.480556
1.5700790,5.804742,3.830723,4.529830,8.299930,56.922890,33.422016
1.5800370,8.738836,5.802348,4.368221,11.362915,67.391777,33.583069
1.5903029,11.378444,7.809886,4.280833,14.449527,72.766823,34.464752
1.6000479,11.971008,7.866150,4.365827,14.974705,73.049416,33.308918
1.6102389,10.964247,7.084443,4.578911,13.833672,70.670670,32.868134
1.6200359,9.479841,6.060922,4.808754,12.236269,66.859207,32.592751
1.6305149,8.471883,5.420473,5.125986,11.288492,62.993633,32.611893
1.6400340,7.873333,5.024232,5.222951,10.701004,60.785507,32.543285
1.6501429,7.468712,4.769250,5.286397,10.318595,59.181675,32.560829
1.6601549,7.285556,4.626795,5.063736,10.006397,59.598927,32.418163
1.6701809,7.213730,4.641160,4.691438,9.776904,61.324455,32.756367
1.6801080,6.981492,4.777629,4.369418,9.521491,62.683811,34.384922
1.6902080,6.621165,5.147533,4.479551,9.508065,61.892216,37.862789
1.7005799,6.570887,5.640739,5.710171,10.373069,56.600021,40.644249
1.7106169,6.119579,6.390124,4.386178,9.875298,63.630615,46.238930
1.7200270,5.189432,7.417237,3.081338,9.562439,71.201950,55.021633
1.7301620,4.571728,8.504205,2.639607,10.009481,74.709641,61.738216
1.7402660,4.216189,9.141062,2.636016,10.405952,75.326050,65.239136
1.7500720,4.159925,9.368511,2.375048,10.522112,76.954796,66.057213
1.7601620,4.060566,9.160215,1.900996,10.198605,79.257370,66.093117
1.7700579,3.845088,8.723274,1.485602,9.648172,81.142494,66.212837
1.7800089,3.760094,8.299500,1.200692,9.190303,82.492973,65.627068
1.7901130,4.056975,7.976283,1.204283,9.029421,82.335434,63.040756
1.8012569,4.595670,7.745243,1.438915,9.120276,80.922462,59.317059
1.8106190,5.105635,7.542933,1.841141,9.292639,78.572433,55.906845
1.8200880,5.531803,7.402872,2.236184,9.508095,76.397331,53.231041
1.8301170,5.880159,7.346608,2.364274,9.702511,75.896362,51.326530
1.8400650,6.240487,7.581240,2.375048,10.102461,76.402718,50.540546
1.8502059,6.739678,8.008605,2.341529,10.725846,77.390373,49.917561
1.8601919,7.339425,8.282741,2.264915,11.296052,78.433510,48.455505
1.8705781,7.744045,8.178593,2.263718,11.488431,78.635895,46.563278
1.8800330,7.873333,7.772776,2.443283,11.330271,77.546799,44.631767
1.8902709,7.791929,7.322666,2.896984,11.078272,74.840828,43.221706
1.9000739,7.562086,6.998251,3.343503,10.832344,72.021553,42.782387
1.9105309,7.226898,6.815095,3.463213,10.519858,70.779343,43.320194
1.9200979,6.898892,6.829460,3.094506,10.188828,72.319092,44.710224
1.9301269,6.701371,7.121553,2.674323,10.137894,74.704651,46.741112
1.9401879,6.840234,8.220491,1.823185,10.848470,80.325005,50.236309
1.9503310,6.758832,8.609550,1.448492,11.041027,82.461533,51.866707
1.9600569,6.730101,8.752005,1.159991,11.101235,84.002098,52.440498
1.9699939,6.617573,8.678981,1.096544,10.969020,84.262711,52.675106
1.9800189,6.404490,8.428787,1.157596,10.649036,83.759369,52.771152
1.9901080,6.151901,8.116343,1.179144,10.252380,83.395699,52.839161
2.0003970,5.870583,7.931990,1.201889,9.941064,83.055870,53.494312
2.0100379,5.604826,7.999028,1.238999,9.845488,82.770477,54.981518
2.0201249,5.415684,8.243237,1.145625,9.929402,83.374626,56.695679
2.0305989,5.268441,8.561666,0.960075,10.098531,84.544609,58.393841
2.0400829,5.219360,8.878897,0.690727,10.322481,86.163193,59.551338
2.0507209,5.292383,9.096769,0.572214,10.539827,86.887848,59.809708
2.0600059,5.419276,9.272743,0.603339,10.757153,86.784752,59.696674
2.0701721,5.506664,9.329007,0.826000,10.864437,85.639717,59.447781
2.0799079,5.456386,9.234436,1.028310,10.775174,84.523743,59.422276
2.0898879,5.311536,9.071630,1.179144,10.578151,83.599953,59.650574
2.0998919,5.141548,9.052477,1.413776,10.506266,82.266533,60.404663
2.1099129,4.970363,9.176975,1.651999,10.566479,81.005287,61.559479
2.1199040,4.800375,9.261970,1.625663,10.557957,81.142639,62.602802
2.1300459,4.651934,9.214086,1.458069,10.424290,81.959549,63.212070
2.1400070,4.720169,9.156625,1.334767,10.387751,82.617401,62.729248
2.1511800,4.811148,9.058462,1.425747,10.355464,82.086342,62.026249
2.1599300,4.787206,8.871715,1.508347,10.193124,81.490295,61.648556
2.1700659,4.644751,8.768764,1.580173,10.047978,80.951942,62.090153
2.1800489,4.450821,8.786720,1.679533,9.991851,80.323196,63.135986
2.1900778,4.255693,8.878897,1.744176,9.999394,79.954620,64.391396
2.2003760,4.080917,8.938752,1.806425,9.990913,79.583244,65.461304
2.2102900,3.873818,8.884883,1.786075,9.855844,79.559181,66.442749
2.2201059,3.578135,8.659827,1.739388,9.530011,79.483604,67.550186
2.2300999,3.203442,8.437167,1.669956,9.178049,79.516579,69.209122
2.2400639,2.821567,8.261193,1.693898,8.892572,79.018936,71.142670
2.2502429,2.548628,8.222886,1.638831,8.763397,79.221733,72.779533
2.2600019,2.370260,8.344990,1.467646,8.798350,80.397652,74.143661
2.2701061,2.358289,8.674192,1.338359,9.088143,81.531578,74.790390
2.2801971,2.318784,9.185355,1.370680,9.572162,81.767265,75.832062
2.2904499,2.203863,9.713276,1.295263,10.044025,82.590584,77.216492
2.3000109,2.062605,10.122684,1.064223,10.385358,84.118385,78.483040
2.3104188,2.085350,10.344149,0.843956,10.585951,85.427292,78.602112
2.3200660,2.183512,10.399215,0.839168,10.659061,85.484543,78.141930
2.3300719,2.282871,10.319010,0.946907,10.610848,84.880142,77.525398
2.3404129,2.355895,10.137050,1.053449,10.460390,84.220039,76.916466
2.3507991,2.437297,9.940725,1.106121,10.294753,83.831940,76.223808
2.3600409,2.610877,9.813833,1.165976,10.221913,83.450226,75.102081
2.3700578,2.900575,9.728839,1.391031,10.246883,82.197914,73.398468
2.3802381,3.213019,9.573215,1.687912,10.238114,80.510574,71.446915
2.3901548,3.489549,9.411607,1.938106,10.223088,79.071648,69.656693
2.3999820,3.675100,9.255983,2.212242,10.201647,77.475830,68.344383
2.4101701,4.054581,8.930372,2.609680,10.148971,75.099724,65.580933
2.4199758,4.465186,8.749610,2.750938,10.201040,74.355232,62.963428
2.4301319,4.911705,8.608353,2.995146,10.353719,73.185013,60.292030
2.4400680,5.054160,8.453926,3.355474,10.405412,71.187401,59.127007
2.4511538,5.137957,8.340201,3.558981,10.422279,70.033043,58.364975
2.4602900,5.023035,8.220491,3.714604,10.325001,68.914055,58.573471
2.4701328,4.861426,8.157045,3.719392,10.198272,68.610382,59.205956
2.4800429,4.699818,8.188169,3.548207,10.085840,69.402496,60.145184
2.4908290,4.575319,8.334216,3.253720,10.048851,71.107704,61.234089
2.5000079,4.369418,8.604761,2.920926,10.082932,73.160591,63.078960
2.5102720,4.041412,8.954314,2.573767,10.155641,75.319290,65.708588
2.5202549,3.666720,9.254786,2.213439,10.197804,77.464142,68.386673
2.5302458,3.378219,9.453506,1.952471,10.227085,78.993996,70.335602
2.5401299,3.242946,9.503783,1.768118,10.196315,80.014000,71.158981
2.5505579,3.214216,9.455899,1.735796,10.136972,80.140411,71.226257
2.5601058,3.210624,9.358934,1.774103,10.052125,79.834602,71.065239
2.5706081,3.234566,9.309854,1.857901,10.029336,79.324486,70.840996
2.5803180,3.296816,9.284714,1.964442,10.046588,78.724121,70.451073
2.5901160,3.399766,9.247604,2.076970,10.069281,78.096268,69.814682
2.6000140,3.447650,9.162610,2.189497,10.031631,77.393181,69.379997
2.6102469,3.420117,9.044097,2.298434,9.938596,76.628532,69.285378
2.6206739,3.484761,9.030929,2.396596,9.972206,76.094124,68.899918
2.6302989,3.463213,9.147048,2.482787,10.090915,75.756592,69.262566
2.6401339,3.356671,9.302670,2.389413,10.174293,76.417328,70.159096
2.6500468,3.159149,9.439140,2.225410,10.199512,77.397377,71.495323
2.6600618,2.930503,9.503783,2.029086,10.150218,78.468559,72.862793
2.6702819,2.630031,9.451111,1.823185,9.978204,79.471962,74.449318
2.6814590,2.336741,9.369708,1.734599,9.811250,79.816750,75.996483
2.6902578,2.109292,9.276335,1.705869,9.664858,79.833908,77.189659
2.7005408,1.963245,9.221268,1.707066,9.581241,79.736961,77.980949
2.7102678,1.927332,9.185355,1.705869,9.539148,79.698486,78.149734
2.7210438,1.953669,9.165004,1.725022,9.528369,79.569618,77.966591
2.7305720,2.013524,9.150639,1.781286,9.537371,79.235710,77.590294
2.7403908,2.075773,9.143456,1.853112,9.557492,78.820053,77.209351
2.7505598,2.149993,9.144653,1.929727,9.590152,78.391716,76.769516
2.7602518,2.217031,9.126697,2.014721,9.605775,77.892853,76.346336
2.7700160,2.269703,9.126697,2.090138,9.634149,77.469986,76.034508
2.7799768,2.317587,9.130288,2.151190,9.662349,77.136070,75.757141
2.7901330,2.388216,9.153033,2.195483,9.710908,76.933357,75.376381
2.8000329,2.485181,9.204509,2.224213,9.790109,76.868317,74.890633
2.8100209,2.586935,9.240421,2.226608,9.850655,76.936165,74.359955
2.8200009,2.664747,9.294291,2.237381,9.924242,76.970886,74.001984
2.8304088,2.718616,9.349358,2.255338,9.994394,76.958290,73.786568
2.8399909,2.716222,9.416395,2.288857,10.064056,76.854256,73.909439
2.8509920,2.705448,9.472659,2.287660,10.113561,76.926712,74.060341
2.8600581,2.663549,9.513360,2.256535,10.133631,77.133636,74.358826
2.8701229,2.608483,9.536105,2.132037,10.113707,77.830368,74.701675
2.8818429,2.491167,9.621099,2.080561,10.153827,78.176109,75.483360
2.8906701,2.457648,9.649830,2.029086,10.162501,78.482689,75.711502
2.9003100,2.406173,9.633071,1.953669,10.119414,78.868500,75.975487
2.9100699,2.349909,9.642648,1.909376,10.106851,79.110298,76.304008
2.9201128,2.318784,9.628283,1.886631,10.081665,79.214378,76.459282
2.9306450,2.298434,9.593566,1.842338,10.035612,79.421638,76.526985
2.9401221,2.287660,9.548077,1.812411,9.984186,79.541222,76.526276
2.9500639,2.278083,9.500193,1.778892,9.930145,79.680298,76.515465
2.9601347,2.285265,9.485827,1.770512,9.916555,79.715210,76.454781
2.9703069,2.286463,9.469068,1.759738,9.898880,79.760017,76.424843
2.9801049,2.296039,9.458294,1.731008,9.885722,79.915421,76.355156
2.9905829,2.268506,9.414001,1.733402,9.837389,79.851181,76.451645
3.0002329,2.256535,9.416395,1.728614,9.836084,79.878159,76.523827
3.0102367,2.256535,9.414001,1.745373,9.836752,79.779671,76.520523
3.0201788,2.298434,9.405622,1.736993,9.836953,79.829475,76.267860
3.0304420,2.298434,9.396045,1.721431,9.825059,79.909225,76.254395
3.0409720,2.276886,9.394848,1.705869,9.816179,79.992256,76.376770
3.0506659,2.252944,9.403227,1.686715,9.815368,80.104935,76.526337
3.0601599,2.232593,9.437943,1.657985,9.839114,80.298828,76.691040
3.0700400,2.255338,9.466674,1.643619,9.869445,80.413513,76.599670
3.0802159,2.286463,9.481039,1.647211,9.890971,80.413475,76.441353
3.0900619,2.303222,9.460688,1.643619,9.874762,80.418724,76.317406
3.1000929,2.315193,9.425972,1.618480,9.840149,80.533134,76.200272
3.1100218,2.325967,9.425972,1.594538,9.838781,80.673126,76.138527
3.1200309,2.359486,9.437943,1.606509,9.860164,80.623039,75.963753
3.1304598,2.394202,9.452309,1.577779,9.877638,80.808632,75.786331
3.1400640,2.414552,9.441534,1.580173,9.872668,80.789894,75.654793
3.1501491,2.418144,9.419987,1.569399,9.851223,80.833145,75.602837
3.1599529,2.434903,9.406818,1.569399,9.842764,80.825203,75.487816
3.1699378,2.468422,9.392453,1.564611,9.836630,80.847679,75.275131
3.1802709,2.515109,9.374496,1.543063,9.827920,80.966721,74.981636
3.1901958,2.565387,9.355343,1.535880,9.821536,81.003227,74.665504
3.2000480,2.607286,9.343372,1.533486,9.820801,81.016685,74.408142
3.2101381,2.679112,9.330204,1.526304,9.826492,81.064331,73.978897
3.2201669,2.743755,9.265560,1.533486,9.784190,80.982796,73.504715
3.2303081,2.829947,9.175778,1.525106,9.722626,80.975220,72.859459
3.2400360,2.914941,9.066842,1.486799,9.639247,81.127029,72.177681
3.2501550,3.013103,8.969876,1.478420,9.577223,81.119835,71.432106
3.2600069,3.068170,8.941146,1.426944,9.560018,81.415855,71.060257
3.2701287,3.066972,8.986636,1.373075,9.594337,81.771973,71.156174
3.2801669,3.105280,9.068039,1.380257,9.683864,81.805634,71.096626
3.2901318,3.211822,9.113529,1.397017,9.763394,81.773468,70.586349
3.3001180,3.289633,9.095572,1.418565,9.775656,81.656235,70.116257
3.3100379,3.345897,9.020155,1.521515,9.740290,81.013115,69.648384
3.3200059,3.341109,8.929175,1.623269,9.670997,80.337212,69.485214
3.3304100,3.351882,8.828619,1.734599,9.601482,79.591820,69.210182
3.3401380,3.396175,8.821436,1.717840,9.607430,79.699944,68.943733
3.3503840,3.470395,8.815451,1.662773,9.618765,80.045410,68.511833
3.3599930,3.506308,8.810662,1.598130,9.616444,80.433792,68.299324
3.3700531,3.568558,8.815451,1.486799,9.625869,81.114594,67.961540
3.3799191,3.636792,8.864532,1.301249,9.669510,82.266106,67.693451
3.3899918,3.727772,8.908825,1.250970,9.737987,82.619217,67.293816
3.4000371,3.833117,8.844181,1.282095,9.723995,82.423576,66.567825
3.4099278,3.864242,8.639477,1.325191,9.556623,82.029266,65.902115
3.4199958,3.821146,8.415619,1.388637,9.346235,81.455521,65.579384
3.4299829,3.719392,8.261193,1.452083,9.175496,80.894279,65.761551
3.4399478,3.602077,8.185776,1.398214,9.051899,81.114151,66.248543
3.4499919,3.515885,8.170214,1.243788,8.981138,82.039589,66.716354
3.4602380,3.541024,8.147469,1.051055,8.945659,83.252548,66.509438
3.4700999,3.629610,8.086416,0.918176,8.911074,84.085876,65.826942
3.4801028,3.751714,7.987057,0.914585,8.871578,84.082771,64.839417
3.4900548,3.693056,7.844602,1.030704,8.731483,83.220741,64.790031
3.5001729,3.533842,7.795521,1.280898,8.654414,81.488663,65.614410
3.5100191,3.324349,7.843405,1.458069,8.642700,80.287453,67.030823
3.5199947,3.076549,7.886500,1.385046,8.577901,80.707962,68.689087
3.5300500,2.820370,7.936779,1.201889,8.508318,81.879204,70.437103
3.5400717,2.559402,8.020576,1.030704,8.481894,83.020271,72.301888
3.5503170,2.346318,8.104373,0.990002,8.495068,83.307632,73.853607
3.5606079,2.278083,8.175002,0.998382,8.545003,83.290344,74.428734
3.5701277,2.237381,8.188169,1.067814,8.555245,82.829987,74.717239
3.5800650,2.212242,8.075643,1.078588,8.442356,82.659882,74.680222
3.5903559,2.182315,7.990648,1.077391,8.353067,82.589264,74.724548
3.6007268,2.104503,7.819463,1.109712,8.173395,82.196777,74.936546
3.6100500,2.024297,7.639898,1.126472,7.983405,81.888397,75.159706
3.6201568,1.945289,7.462727,1.059434,7.784525,82.178062,75.389977
3.6300547,1.859098,7.293935,0.981623,7.590871,82.569916,75.700760
3.6407030,1.717840,7.134721,0.958878,7.400991,82.555794,76.462463
3.6501219,1.483208,7.040150,0.986411,7.261999,82.193275,78.102997
3.6603010,1.261744,7.281964,0.896629,7.444659,83.082550,80.169975
3.6701560,0.660800,7.384915,0.693121,7.446747,84.659348,84.886810
3.6820548,1.528698,8.039729,0.667982,8.210990,85.333702,79.234131
3.6904919,1.516727,8.487445,0.493206,8.635996,86.726028,79.868057
3.7004008,1.454478,8.775947,0.312443,8.901144,87.988419,80.589645
3.7101817,1.501164,8.984241,0.191536,9.110806,88.795387,80.514160
3.7213838,1.501164,9.157822,0.174777,9.281689,88.921043,80.690781
3.7300749,1.448492,9.187749,0.280122,9.305446,88.274963,81.040794
3.7408659,1.295263,9.130288,0.644040,9.244168,86.004974,81.925644
3.7513299,1.028310,8.929175,1.019930,9.045875,83.526085,83.430595
3.7601709,0.797269,8.700529,1.236605,8.824059,81.944046,84.764351
3.7706590,0.719458,8.561666,1.224634,8.678679,81.888016,85.196579
3.7801909,0.339977,8.349778,1.098939,8.428644,82.508369,87.668381
3.7901471,-0.511162,7.957129,1.121683,8.052042,81.992416,93.675598
3.8008139,-1.282095,8.145074,1.386243,8.361080,80.456459,98.945381
3.8102539,-1.794454,7.656657,1.665167,8.038486,78.044647,103.190079
3.8200397,-2.060210,7.764396,1.936909,8.263288,76.443779,104.860466
3.8301458,-1.867477,8.078036,1.954866,8.518430,76.733154,103.016937
3.8401668,-1.285686,8.597578,1.819593,8.881569,78.177940,98.505020
3.8503528,-0.487220,9.174581,1.452083,9.301551,81.018707,93.039864
3.8609128,0.237026,9.574412,0.968455,9.626186,84.225914,88.581863
3.8700600,0.675165,9.738416,0.503979,9.774794,87.044571,86.034027
3.8804460,0.731429,9.769540,0.160412,9.798195,89.061935,85.718353
3.8903549,0.470461,9.548077,-0.107739,9.560266,90.645706,87.179153
3.9021161,-0.049081,9.153033,-0.191536,9.155169,91.198776,90.307236
3.9151595,-1.138443,8.160637,0.175974,8.241542,88.776527,97.941750
3.9303510,-1.526304,7.643489,0.284910,7.799596,87.906586,101.292671
3.9403489,-1.753753,7.250840,0.245406,7.463950,88.115845,103.596939
3.9501109,-1.837550,7.022193,0.144849,7.260081,88.856789,104.664207
3.9601190,-1.880645,7.030573,0.082600,7.278229,89.349739,104.975731
3.9700961,-1.866280,7.321469,0.031125,7.555652,89.763977,104.300446
3.9812908,-1.744176,7.842207,-0.081403,8.034239,90.580528,102.538994
3.9902368,-1.596933,8.261193,-0.337582,8.420895,92.297523,100.940636
4.0004330,-1.543063,8.431181,-0.493206,8.585401,93.293282,100.371414
4.0106950,-1.613692,8.457518,-0.533907,8.626625,93.548340,100.802185
4.0201130,-1.781286,8.441956,-0.550666,8.645393,93.651917,101.914864
4.0305047,-2.055422,8.499416,-0.466869,8.756872,93.056152,103.594887
4.0400748,-2.299631,8.607155,-0.486023,8.922311,93.122604,104.958694
4.0500569,-2.454057,8.792706,-0.451307,9.139898,92.830284,105.594498
4.0599408,-2.509123,8.954314,-0.519542,9.313719,93.197754,105.653610
4.0699120,-2.560599,9.120711,-0.538695,9.488637,93.254585,105.681847
4.0799508,-2.549825,9.336189,-0.560243,9.694324,93.313019,105.275627
4.0901871,-2.485181,9.531317,-0.571017,9.866518,93.317802,104.613846
4.1000929,-2.415750,9.726444,-0.477643,10.033330,92.728638,103.948273
4.1101937,-2.406173,9.878476,-0.426168,10.176226,92.400177,103.689377
4.1213527,-2.475605,9.959879,-0.354342,10.269049,91.977432,103.958443
4.1315169,-2.562993,9.995792,-0.317232,10.324022,91.760834,104.381226
4.1404290,-2.601300,10.041282,-0.324414,10.377830,91.791374,104.523788
4.1504579,-2.607286,10.137050,-0.386664,10.474121,92.115616,104.424034
4.1601138,-2.570175,10.208876,-0.447716,10.536954,92.435234,104.131058
4.1725168,-2.555810,10.196905,-0.436942,10.521405,92.380112,104.071060
4.1810160,-2.673126,10.090364,-0.567426,10.453852,93.111496,104.837875
4.1905050,-2.841918,10.061633,-0.750582,10.482191,94.106209,105.772385
4.2000637,-3.032256,10.140641,-0.814029,10.615546,94.397911,106.647728
4.2101946,-3.093309,10.268731,-0.961272,10.767518,95.121910,106.764175
4.2206907,-3.011906,10.444705,-0.994791,10.915725,95.228836,106.085800
4.2301288,-2.791639,10.587160,-0.973243,10.992198,95.079590,104.771622
4.2401047,-2.541445,10.697293,-0.861913,11.028777,94.482307,103.364464
4.2505560,-2.381034,10.721235,-0.725443,11.006383,93.779167,102.521355
4.2600946,-2.317587,10.778696,-0.579397,11.040254,93.008286,102.134735
4.2701797,-2.309207,10.844537,-0.493206,11.098634,92.546974,102.020874
4.2801929,-2.331953,11.007342,-0.635661,11.269589,93.233482,101.961494
4.2908502,-2.427721,11.021708,-0.824802,11.316014,94.179886,102.422020
4.3004670,-2.505532,11.025299,-1.040281,11.354167,95.256874,102.803192
4.3101368,-2.589329,10.989386,-1.155202,11.349260,95.842056,103.258263
4.3201098,-2.650381,10.917560,-1.170765,11.295500,95.949326,103.645332
4.3301392,-2.655170,10.923545,-1.116895,11.296956,95.673927,103.661858
4.3400798,-2.645593,10.978612,-1.021127,11.338949,95.166763,103.548653
4.3504229,-2.649184,11.028890,-0.944513,11.381858,94.760109,103.506790
4.3600826,-2.719813,11.088745,-1.012747,11.462255,95.068977,103.781265
4.3701520,-2.941277,11.118672,-1.162385,11.559720,95.771118,104.817322
4.3803859,-3.299210,11.112687,-1.088165,11.643054,95.362717,106.535454
4.3902297,-3.566164,11.038467,-1.150414,11.657133,95.663597,107.903931
4.4015498,-3.569755,10.898406,-1.204283,11.531206,95.994728,108.136124
4.4100699,-3.415329,10.769119,-0.982820,11.340385,94.971802,107.595955
4.4200907,-3.365051,10.600328,-1.426944,11.212791,97.311310,107.611923
4.4302707,-2.543839,10.909180,-1.334767,11.281087,96.795097,103.125870
4.4401321,-2.711433,10.933122,-1.323994,11.341868,96.703712,103.928436
4.4502430,-2.914941,10.961852,-1.313220,11.418565,96.604050,104.891296
4.4602146,-2.958036,10.966640,-1.387440,11.442997,96.964127,105.095177
4.4701867,-3.002329,10.948685,-1.346738,11.432470,96.765121,105.334602
4.4803987,-2.959233,10.915166,-1.419762,11.397966,97.155502,105.168945
4.4900627,-2.808398,10.930728,-1.511938,11.386565,97.630424,104.409172
4.5002408,-2.659958,10.945093,-1.596933,11.376319,98.069450,103.659637
4.5101008,-2.572570,11.056423,-1.455675,11.444719,97.307350,103.098328
4.5200858,-2.527080,11.180922,-1.294066,11.535759,96.440918,102.735840
4.5301299,-2.457648,11.240777,-1.303643,11.579921,96.463943,102.332901
4.5401001,-2.377442,11.319786,-1.511938,11.665152,97.447144,101.861176
4.5500379,-2.333150,11.359290,-1.532289,11.697221,97.527153,101.606880
4.5601206,-2.342726,11.291056,-1.418565,11.618461,97.013069,101.721703
4.5700040,-2.439692,11.186908,-1.213860,11.514011,96.051628,102.302696
4.5801129,-2.577358,11.139024,-1.368286,11.514896,96.824440,103.027893
4.5901399,-2.594118,11.191696,-1.435324,11.577724,97.121445,103.050102
4.6002235,-2.668338,11.262324,-1.474828,11.667695,97.261765,103.329086
4.6100960,-2.738967,11.370064,-1.562217,11.799187,97.608322,103.544090
4.6212215,-2.713828,11.540052,-1.732205,11.980742,98.313103,103.233559
4.6301899,-2.637213,11.608287,-1.672350,12.020980,97.996887,102.799416
4.6402497,-2.701857,11.605893,-1.514333,12.012077,97.242409,103.105064
4.6501212,-2.638410,11.596316,-1.271321,11.960436,96.101715,102.817818
4.6600709,-2.522291,11.453861,-1.745373,11.857454,98.464478,102.419067
4.6711168,-2.199074,11.719617,-1.323994,11.997429,96.335861,100.627426
4.6800985,-2.165555,11.901577,-1.659182,12.210244,97.809761,100.312454
4.6901832,-2.139219,12.273875,-1.880645,12.600044,98.583878,99.886795
4.7000790,-2.276886,12.573151,-2.008735,12.934580,98.934174,100.264519
4.7111659,-2.738967,12.867637,-1.898602,13.292205,98.211975,102.016472
4.7202959,-2.738967,12.867637,-1.898602,13.292205,98.211975,102.016472
4.7301688,-2.779668,12.807782,-1.674744,13.212517,97.282082,102.244987
4.7402587,-2.821567,12.721591,-1.507150,13.117607,96.597580,102.505402
4.7501092,-2.844312,13.145365,-1.618480,13.546594,96.861809,102.209091
4.7602410,-2.839523,13.684060,-1.764527,14.086516,97.195976,101.722847
4.7701011,-2.764106,14.088680,-1.826776,14.473020,97.251183,101.100067
4.7813811,-2.588132,14.366407,-1.679533,14.693975,96.563293,100.212387
4.7919288,-2.431312,14.439430,-1.514333,14.720789,95.904480,99.557808
4.8000660,-2.255338,14.386758,-1.681927,14.659271,96.588318,98.909454
4.8106136,-2.018312,14.311340,-2.055422,14.598384,98.094017,98.027420
4.8205762,-1.914164,14.217967,-2.286463,14.527303,99.055473,97.667625
4.8300400,-1.910573,14.179660,-2.443283,14.514913,99.690689,97.673836
4.8404374,-1.850718,14.069527,-2.767697,14.458108,101.036171,97.493713
4.8500133,-1.804031,13.900735,-3.025074,14.340015,102.178223,97.394493
4.8603907,-1.924938,13.748703,-3.063381,14.216769,102.443489,97.970100
4.8701839,-2.184709,13.528437,-2.990358,14.026182,102.309845,99.173508
4.8808508,-2.394202,13.183672,-2.887407,13.706880,102.160675,100.292946
4.8901358,-2.527080,12.741941,-2.665944,13.260862,101.597694,101.217773
4.9023948,-2.637213,12.338518,-2.333150,12.831115,100.476677,102.064766
4.9111490,-2.701857,12.167333,-2.050634,12.631275,99.343079,102.519852
4.9201865,-2.694674,12.264298,-1.918953,12.702623,98.688789,102.391945
4.9301000,-2.686294,12.459426,-1.895011,12.885826,98.456680,102.166916
4.9400411,-2.700660,12.533646,-1.896208,12.960765,98.412781,102.159767
4.9500389,-2.664747,12.464214,-1.958457,12.895467,98.735413,102.067696
4.9600530,-2.501941,12.239159,-2.108095,12.668890,99.578529,101.553284
4.9700227,-2.311602,11.985373,-1.970428,12.364274,99.170021,100.916512
4.9808059,-2.106898,11.840525,-1.728614,12.150108,98.179306,100.089584
4.9901419,-1.935712,11.846510,-1.551443,12.103460,97.364532,99.280083
5.0000534,-1.872266,11.878832,-1.448492,12.112397,96.868301,98.956909
5.0100889,-1.965640,11.897985,-1.394622,12.139636,96.596802,99.380974
5.0212550,-2.248155,11.942278,-1.373075,12.229371,96.446579,100.661263
5.0306778,-2.603694,12.018892,-1.361104,12.372776,96.315773,102.223305
5.0404348,-2.980781,12.061988,-1.380257,12.501268,96.338913,103.880936
5.0503740,-3.345897,12.015302,-1.442507,12.555610,96.597244,105.560905
5.0600657,-3.593697,11.936293,-1.496376,12.555034,96.845085,106.755638
5.0709190,-3.652355,11.785458,-1.468843,12.425547,96.788895,107.218391
5.0801816,-3.578135,11.523293,-1.438915,12.151535,96.800598,107.250259
5.0903144,-3.453636,11.221623,-1.410185,11.825440,96.848824,107.106598
5.1004486,-3.312378,10.981006,-1.545457,11.573365,97.673958,106.785736
5.1101198,-3.221398,10.857705,-1.297657,11.399609,96.536346,106.525223
5.1206989,-3.128025,10.814610,-1.289278,11.331485,96.533165,106.132019
5.1310182,-2.980781,10.708067,-1.362301,11.198376,96.987434,105.555489
5.1402049,-2.925714,10.556035,-1.201889,11.019719,96.261543,105.491264
5.1500568,-2.736573,10.336966,-1.308431,10.772821,96.976181,104.828125
5.1604795,-2.439692,10.091560,-1.466449,10.485331,98.039581,103.590805
5.1701107,-2.257732,9.873688,-1.078588,10.185795,96.078522,102.879906
5.1800981,-2.043451,9.646238,-1.079785,9.919251,96.249458,101.960670
5.1902618,-1.823185,9.363723,-1.149217,9.608539,96.869232,101.018051
5.2002649,-1.795651,8.725668,-0.812831,8.945521,95.213348,101.628532
5.2106972,-1.684321,8.474277,-0.703895,8.668666,94.657539,101.241432
5.2217441,-1.653196,8.250419,-0.664391,8.440609,94.514626,101.330711
5.2306232,-1.666364,8.104373,-0.693121,8.302894,94.788597,101.618828
5.2400918,-1.662773,7.983466,-0.718261,8.186357,95.033531,101.765198
5.2503071,-1.672350,7.923611,-0.550666,8.116871,93.890060,101.917885
5.2601328,-1.581370,7.869741,-0.569820,8.047251,94.060471,101.361877
5.2703371,-1.489193,7.829040,-0.474052,7.983500,93.404167,100.769806
5.2815337,-1.386243,7.825448,-0.381875,7.956452,92.751007,100.045479
5.2922626,-1.258153,7.746439,-0.409408,7.858619,92.986275,99.225250
5.3101721,-0.928950,7.491457,-0.509965,7.566039,93.864769,97.068665
5.3205600,-0.794875,7.308300,-0.488417,7.367607,93.801071,96.207283
5.3303261,-0.724246,7.125144,-0.424971,7.174456,93.395836,95.803978
5.3400798,-0.761356,6.959944,-0.284910,7.007257,92.330246,96.242828
5.3502183,-0.851139,6.864176,-0.183156,6.919169,91.516846,97.068436
5.3600740,-0.931344,6.818686,-0.028730,6.882057,90.239189,97.777733
5.3704906,-0.914585,6.818686,0.056264,6.879979,89.531433,97.639442
5.3803172,-0.853533,6.867768,0.059855,6.920862,89.504471,97.084450
5.3900928,-0.707487,6.969521,0.053870,7.005545,89.559418,95.796326
5.4003701,-0.481235,7.062895,-0.005986,7.079273,90.048447,93.897858
5.4101748,-0.263362,7.131130,-0.096965,7.136650,90.778496,92.115051
5.4209561,-0.065841,7.111976,-0.159214,7.114063,91.282402,90.530411
5.4302826,0.113725,6.963536,-0.168791,6.966509,91.388351,89.064362
5.4401479,0.166397,6.712144,-0.090980,6.714823,90.776329,88.579903
5.4504218,0.138864,6.439206,0.026336,6.440756,89.765717,88.764587
5.4602299,0.211887,6.206968,0.275333,6.216684,87.461571,88.044853
5.4711647,0.269348,6.044162,0.487220,6.069747,85.395905,87.448402
5.4806051,0.366313,5.959168,0.597353,6.000225,84.286446,86.482430
5.4902921,0.519542,5.931635,0.656011,5.990373,83.712875,84.994339
5.5000978,0.729034,5.972336,0.800860,6.069734,82.418098,83.040421
5.5105958,0.964863,6.016629,0.849942,6.152494,82.059433,80.889275
5.5205431,1.187524,5.956774,0.861913,6.134840,81.923523,78.725502
5.5306869,1.361104,5.833472,0.817620,6.045702,82.227509,76.866348
5.5412159,1.379060,5.697003,0.684742,5.901400,83.336937,76.392303
5.5502195,1.393425,5.597643,0.623690,5.802089,83.829124,76.021431
5.5625920,1.397017,5.650316,0.659603,5.857713,83.534546,76.112373
5.5715899,1.467646,5.827487,0.682347,6.048073,83.522064,75.864105
5.5800557,1.576582,6.053739,0.669179,6.291357,83.894188,75.402649
5.5900431,1.708263,6.295553,0.562637,6.547421,85.070343,74.818657
5.6000729,1.930924,6.611588,0.559046,6.910434,85.359764,73.719482
5.6106668,2.291251,6.945579,0.602142,7.338493,85.293449,71.742989
5.6200686,2.639607,7.150283,0.705092,7.654491,84.714714,69.737808
5.6304321,3.028665,7.287950,0.873884,7.940447,83.681534,67.433617
5.6405339,3.339911,7.382521,1.013944,8.166071,82.867432,65.657623
5.6501884,3.536236,7.558495,1.071405,8.413306,82.683716,64.927490
5.6604137,3.622427,7.715315,1.136049,8.598760,82.408012,64.849419
5.6702571,3.677494,7.995437,1.186327,8.880221,82.322784,65.299973
5.6800871,3.633201,8.641871,1.164779,9.446630,82.917343,67.197220
5.6900897,3.634398,8.950723,1.193510,9.733897,82.957024,67.900620
5.7002487,3.584120,9.188946,1.246182,9.941610,82.799026,68.691887
5.7101269,3.617639,9.266758,1.236605,10.024435,82.913994,68.674881
5.7200408,3.774459,9.221268,1.233014,10.039853,82.945587,67.739685
5.7301178,3.957615,9.153033,1.349133,10.062847,82.295113,66.617165
5.7403526,4.112041,9.090784,1.537078,10.095239,81.242218,65.661301
5.7503066,4.255693,8.986636,1.668759,10.082425,80.473045,64.659729
5.7602401,4.219780,8.836999,1.663970,9.933171,80.356544,64.474930
5.7702627,4.058172,8.744822,1.611298,9.774300,80.511452,65.105598
5.7810688,3.915717,8.699332,1.540669,9.663586,80.826164,65.766685
5.7902455,3.859453,8.659827,1.440112,9.589677,81.363037,65.978745
5.8012228,3.751714,8.591593,1.237802,9.456372,82.478622,66.410423
5.8102107,3.677494,8.543709,1.146823,9.371986,82.971268,66.711365
5.8204288,3.676297,8.514978,1.071405,9.336377,83.410446,66.647980
5.8302121,3.781641,8.476671,0.963666,9.331850,84.072708,65.957230
5.8402848,3.816358,8.451532,1.037886,9.331141,83.613876,65.698059
5.8501716,3.846285,8.534132,0.974440,9.411421,84.057060,65.739182
5.8606496,3.902549,8.730456,1.006762,9.615838,83.990219,65.915169
5.8702407,3.993528,8.935161,1.013944,9.839383,84.085190,65.917969
5.8800616,4.071340,9.048885,0.951695,9.968142,84.521416,65.775719
5.8903208,4.061763,9.046491,0.951695,9.962060,84.518059,65.820503
5.9000812,4.061763,8.998607,1.030704,9.926489,84.040024,65.706680
5.9105287,4.027047,8.941146,1.072602,9.864668,83.757790,65.753441
5.9200478,3.946841,8.917204,1.247379,9.831076,82.710594,66.125351
5.9302125,3.927688,8.965088,1.121683,9.851787,83.462364,66.341331
5.9408007,3.922899,9.045294,1.063026,9.916476,83.846184,66.553856
5.9502821,3.867833,9.101558,1.004368,9.940183,84.200874,66.976265
5.9601259,3.870227,9.144653,0.949301,9.975195,84.539116,67.060806
5.9701037,3.992331,9.245210,0.931344,10.113358,84.716118,66.644005
5.9801011,4.153940,9.333796,0.991199,10.264377,84.458488,66.008881
5.9906359,4.116830,9.311050,0.975637,10.227210,84.525871,66.147644
6.0001607,3.969586,9.230844,0.913388,10.089618,84.806046,66.730598
6.0101976,3.854665,9.210494,0.903811,10.025393,84.827637,67.290306
6.0203180,3.866636,9.282320,0.975637,10.102683,84.458191,67.385384
6.0300851,3.979163,9.351752,1.100136,10.222490,83.821915,66.950287
6.0402966,4.090494,9.403227,1.114501,10.314792,83.797150,66.490501
6.0502720,4.119224,9.370906,1.137246,10.299282,83.660477,66.270866
6.0600486,4.045004,9.288305,1.189918,10.200519,83.301041,66.467148
6.0699887,3.895366,9.184157,1.176750,10.045266,83.272652,67.016266
6.0799136,3.722984,9.120711,1.140837,9.917131,83.394241,67.795204
6.0899806,3.602077,9.103952,1.094150,9.851603,83.623390,68.413239
6.1002970,3.568558,9.114726,1.029507,9.842394,83.995926,68.618881
6.1099558,3.548207,9.091981,0.978031,9.808692,84.277489,68.681450
6.1200576,3.573346,9.117120,0.974440,9.840742,84.317200,68.597900
6.1302681,3.576937,9.139865,0.986411,9.864310,84.260948,68.626831
6.1400919,3.526659,9.242816,0.922965,9.935736,84.669914,69.115311
6.1501427,3.527856,9.259575,0.879869,9.947847,84.925659,69.143387
6.1608539,3.543418,9.260772,0.830788,9.950273,85.210571,69.061813
6.1703176,3.497929,9.289502,0.815226,9.959666,85.304932,69.366318
6.1806889,3.452439,9.333796,0.845153,9.987660,85.145844,69.701279
6.1902256,3.476381,9.323022,0.837971,9.985297,85.186050,69.550453
6.2000871,3.496732,9.289502,0.843956,9.961639,85.140038,69.372780
6.2104149,3.468001,9.234436,0.848745,9.900617,85.082199,69.416283
6.2201295,3.454833,9.205706,0.842759,9.868694,85.101135,69.429260
6.2302036,3.482366,9.191340,0.827197,9.863664,85.189354,69.249573
6.2400985,3.521871,9.166202,0.811634,9.852998,85.274940,68.982048
6.2501550,3.563769,9.144653,0.818817,9.848635,85.230919,68.708603
6.2601576,3.596091,9.124303,0.842759,9.843527,85.088577,68.489494
6.2701640,3.600879,9.113529,0.867898,9.837479,84.938576,68.440353
6.2802439,3.608062,9.118318,0.858321,9.843706,84.997749,68.411598
6.2902107,3.576937,9.127894,0.843956,9.839980,85.079803,68.601334
6.3000560,3.525462,9.102755,0.805649,9.794799,85.281937,68.828804
6.3101740,3.471592,9.069236,0.766145,9.741148,85.489006,69.053764
6.3202748,3.447650,9.060856,0.767342,9.724927,85.474396,69.168213
6.3306551,3.469198,9.088389,0.782904,9.759462,85.398788,69.107262
6.3435788,3.524265,9.078813,0.791284,9.770947,85.354912,68.784500
6.3601456,3.564966,8.989030,0.910994,9.712958,84.618225,68.367180
6.3701801,3.599682,9.027337,0.939724,9.763893,84.477028,68.260185
6.3802772,3.606865,9.071630,0.939724,9.807499,84.501663,68.317314
6.3913307,3.592500,9.114726,0.906205,9.838978,84.715363,68.488495
6.4001169,3.592500,9.132683,0.887052,9.853872,84.835205,68.526939
6.4118428,3.632004,9.107543,0.855927,9.842327,85.011032,68.258347
6.4214888,3.708618,9.027337,0.894234,9.800323,84.764740,67.666115
6.4304147,3.839103,8.960299,0.960075,9.795276,84.375175,66.806953
6.4404359,4.005499,8.972271,1.015141,9.878065,84.101456,65.942535
6.4500828,4.225766,9.040505,1.035492,10.032949,84.076004,64.947395
6.4600577,4.462792,9.130288,0.992397,10.210951,84.422653,63.951084
6.4700851,4.582502,9.198523,0.945710,10.320199,84.742226,63.518520
6.4801497,4.651934,9.227253,0.939724,10.376211,84.803871,63.244972
6.4902692,4.651934,9.180567,0.939724,10.334717,84.782951,63.127968
6.5002837,4.595670,9.071630,0.937330,10.212407,84.733788,63.133316
6.5102758,4.516662,8.951921,0.930147,10.069870,84.700073,63.226925
6.5203118,4.522647,8.862138,0.899023,9.989998,84.836838,62.963249
6.5300608,4.608838,8.814254,0.899023,9.987026,84.835297,62.395622
6.5403886,4.679467,8.809465,0.948104,10.020130,84.570557,62.023373
6.5503316,4.712986,8.834604,0.927753,10.056003,84.706444,61.921471
6.5603828,4.663905,8.780735,0.790087,9.973844,85.456505,62.024906
6.5700808,4.548983,8.737639,0.724246,9.877455,85.795120,62.497646
6.5800858,4.461595,8.736442,0.681150,9.833372,86.027985,62.947147
6.5902438,4.475960,8.796297,0.648829,9.890907,86.238785,63.030918
6.6004982,4.712986,9.184157,1.005565,10.371699,84.436279,62.834702
6.6100507,4.835090,9.276335,1.137246,10.522443,83.795464,62.470188
6.6202145,4.832696,9.214086,1.268927,10.481627,83.046600,62.323437
6.6307135,4.590882,9.118318,1.276109,10.288263,82.874939,63.275703
6.6402578,4.179079,8.960299,1.049857,9.942528,83.938690,64.995682
6.6500287,3.855862,8.809465,0.802058,9.649749,85.232246,66.361229
6.6604190,3.739743,8.742428,0.640449,9.530262,86.146729,66.840240
6.6702228,3.865439,8.787917,0.591368,9.618670,86.475159,66.257309
6.6803827,4.170700,8.933964,0.741005,9.887342,85.701942,64.975121
6.6903639,4.599261,9.085996,0.968455,10.229684,84.567612,63.151817
6.7002320,5.001487,9.151836,1.197101,10.497811,83.452126,61.343353
6.7103028,5.329493,9.173384,1.383849,10.699042,82.568359,59.844547
6.7201920,5.594052,9.074024,1.487996,10.763153,82.053459,58.346550
6.7302737,5.787982,8.936357,1.578976,10.763474,81.564407,57.069305
6.7401748,5.858612,8.798691,1.649605,10.698668,81.130302,56.342323
6.7505069,5.908890,8.684967,1.680730,10.638067,80.909637,55.770260
6.7602549,5.973533,8.652645,1.616086,10.637815,81.261848,55.379936
6.7701440,6.080075,8.706514,1.349133,10.704712,82.759666,55.072002
6.7800579,6.238092,8.702923,1.059434,10.759975,84.349464,54.367752
6.7903538,6.514623,8.629900,1.013944,10.860183,84.642868,52.951221
6.8003469,6.813898,8.501810,1.079785,10.948787,84.340210,51.289066
6.8109469,7.050924,8.316259,1.167173,10.965309,83.889725,49.707123
6.8201680,7.219715,8.185776,1.240196,10.984958,83.517509,48.588257
6.8301277,7.370550,8.076839,1.138443,10.993471,84.056007,47.617870
6.8406935,7.539341,7.937976,0.793678,10.976477,85.853485,46.475388
6.8500385,7.835025,7.793127,0.623690,11.068398,86.769745,44.846394
6.8612885,8.013393,7.589619,0.834379,11.068559,85.676781,43.444241
6.8701701,8.010999,7.349002,1.174356,10.934488,83.834587,42.532150
6.8803720,7.772776,7.096414,1.492785,10.630312,81.927437,42.395554
6.8909321,7.335834,6.842628,1.721431,10.178376,80.262978,43.007740
6.9001040,6.882133,6.724115,1.752556,9.780027,79.676987,44.334621
6.9101729,6.704962,6.868965,1.631648,9.736605,80.352928,45.692226
6.9202127,6.587646,7.077260,1.413776,9.771564,81.681091,47.052032
6.9301820,6.569689,7.277176,1.218649,9.879434,82.914398,47.924904
6.9405971,6.681020,7.428011,0.997185,10.040207,84.300034,48.030647
6.9508839,6.998251,7.509414,1.065420,10.319978,84.074310,47.017921
6.9601531,7.260417,7.465121,1.283292,10.492308,82.974686,45.796436
6.9701657,7.347805,7.365762,1.496376,10.511129,81.815506,45.069923
6.9801493,7.313089,7.238869,1.793257,10.445011,80.114166,44.707775
6.9900889,7.344213,7.258022,1.877054,10.494746,79.696838,44.661812
7.0001459,7.347805,7.346608,2.018312,10.584728,79.007439,44.995331
7.0099778,7.381324,7.484274,2.075773,10.714809,78.829498,45.396793
7.0201955,7.362170,7.493851,2.160767,10.725123,78.377197,45.507847
7.0301375,7.374141,7.417237,2.185906,10.685108,78.195381,45.166935
7.0407166,7.317877,7.268796,2.310405,10.569990,77.374268,44.807213
7.0502357,7.325060,7.116765,2.615665,10.542606,75.634644,44.173676
7.0613136,7.378930,6.988675,3.004723,10.598043,73.529793,43.444107
7.0701280,7.378930,6.988675,3.205836,10.656808,72.492828,43.444107
7.0801845,7.429208,7.089231,3.317167,10.791381,72.097969,43.658554
7.0901675,7.544129,7.155072,3.368642,10.929625,72.048485,43.483852
7.1002049,7.463924,7.167043,3.496732,10.922627,71.328819,43.837555
7.1104059,7.271191,7.116765,3.730166,10.836637,69.865929,44.385067
7.1214967,6.847417,6.974309,3.840300,10.501239,68.549355,45.525997
7.1300311,6.271611,6.794744,3.715801,9.965382,68.107216,47.292706
7.1404915,5.781997,6.671443,3.725378,9.582175,67.121262,49.085224
7.1502500,5.327099,6.713342,3.810372,9.379012,66.029526,51.567673
7.1610260,4.973954,6.890512,3.792415,9.306008,65.950653,54.176159
7.1700616,4.619612,7.004237,3.744531,9.188127,65.949585,56.593338
7.1808457,4.310760,6.921637,3.831920,9.009735,64.829788,58.085560
7.1900926,3.933673,6.698977,4.065354,8.767963,62.376461,59.578327
7.2044139,3.572149,6.495469,4.347870,8.593913,59.607265,61.191635
7.2207379,3.136404,6.264429,4.649539,8.408229,56.428658,63.404301
7.2308288,2.972401,6.223727,4.607641,8.294595,56.254890,64.471237
7.2401395,2.840720,6.145916,4.659117,8.218841,55.466885,65.193016
7.2501822,2.864662,6.032191,4.732140,8.184545,54.677368,64.597153
7.2603068,2.981978,5.997475,4.820725,8.252351,54.256058,63.563179
7.2702589,3.187880,6.047753,4.994305,8.466462,53.850601,62.205479
7.2806220,3.390190,6.148310,5.090073,8.672021,54.058887,61.127579
7.2902327,3.588908,6.272809,5.066131,8.825762,54.969231,60.224510
7.3003707,3.813963,6.390124,5.140351,9.044513,55.365509,59.169018
7.3107305,4.097676,6.506243,5.322310,9.351424,55.309418,57.796997
7.3201489,4.374207,6.624756,5.459977,9.634958,55.480682,56.563938
7.3300686,4.593276,6.688202,5.528212,9.817910,55.731335,55.519775
7.3403139,4.711789,6.696582,5.633556,9.938920,55.471386,54.869358
7.3500924,4.680665,6.698977,5.694609,9.960596,55.130192,55.057484
7.3600116,4.475960,6.593631,5.638345,9.762230,54.720379,55.830128
7.3702965,4.206613,6.394913,5.525817,9.440612,54.174114,56.662838
7.3804450,3.963601,6.180632,5.403713,9.116494,53.648289,57.328197
7.3900032,3.822343,6.011840,5.315128,8.888370,53.274151,57.551697
7.4000626,3.875015,6.072893,5.295974,8.941092,53.678288,57.458706
7.4100738,3.928885,6.120777,5.427655,9.075212,53.267864,57.303867
7.4210477,3.809175,5.813122,5.485116,8.853740,51.718521,56.764301
7.4302616,3.867833,5.663484,5.645528,8.882971,50.539581,55.669178
7.4407387,4.156334,5.805939,5.845443,9.227852,50.694397,54.402023
7.4507289,4.305972,5.949591,5.816713,9.368734,51.620720,54.105145
7.4607630,4.292804,6.150704,5.735310,9.442093,52.596859,55.087387
7.4704499,4.270059,6.494272,5.645528,9.606297,54.006725,56.674622
7.4804759,4.231751,6.715736,5.670667,9.755269,54.458485,57.783955
7.4903097,4.195838,6.746861,5.725733,9.793324,54.221252,58.122726
7.5010600,4.229357,7.199365,5.596447,10.051792,56.167900,59.567360
7.5100880,4.229357,7.199365,5.596447,10.051792,56.167900,59.567360
7.5200806,4.131195,7.677008,5.339070,10.222959,58.515850,61.714165
7.5305567,4.344279,10.493786,4.620809,12.261493,67.860970,67.511139
7.5401840,4.203021,10.542868,5.035006,12.416471,66.076897,68.264801
7.5502648,3.664326,9.724051,5.629965,11.818669,61.551933,69.352028
7.5602770,2.894590,8.248025,5.926847,10.561065,55.861324,70.661812
7.5702324,2.178724,6.712144,6.251261,9.427512,48.464268,72.016869
7.5801239,1.331176,5.129577,6.458359,8.354341,39.371033,75.452087
7.5900450,1.361104,4.438850,7.220912,8.584729,32.739880,72.952667
7.5999346,2.202666,4.571728,7.041347,8.679459,35.780220,64.275162
7.6100259,2.985569,5.202600,6.817489,9.080685,41.343037,60.150169
7.6199384,2.822764,6.517017,7.311892,10.193295,44.166042,66.580757
7.6300259,2.266112,6.973113,6.845023,10.030647,46.967678,71.996948
7.6400509,1.187524,6.217742,6.354211,8.969199,44.891220,79.187317
7.6500759,0.866701,5.932832,6.440403,8.799344,42.952534,81.688705
7.6599836,1.917756,6.781576,7.032968,9.956415,45.059227,74.209679
7.6701436,2.256535,5.768829,7.153875,9.463047,40.888920,68.636551
7.6800618,2.810793,4.730943,9.151836,10.678881,31.018236,59.284203
7.6898918,4.304775,5.633556,9.877279,12.158483,35.671112,52.615437
7.7001128,6.065710,8.450335,9.027337,13.772938,49.046963,54.328945
7.7104082,5.910087,9.688137,7.313089,13.500755,57.201923,58.615414
7.7206440,4.329914,9.028535,6.058527,11.703348,58.823593,64.378510
7.7304201,2.790442,8.099585,5.374983,10.113372,57.894978,70.990318
7.7403188,1.741782,7.353790,4.991910,9.057108,56.553410,76.674774
7.7501259,0.934936,6.795941,5.188235,8.600971,52.899494,82.166840
7.7602878,0.897826,6.604405,5.297171,8.513770,51.523865,82.258469
7.7701998,0.818817,6.548141,5.619191,8.667406,49.585476,82.872406
7.7803140,0.794875,6.476315,5.679047,8.650206,48.964878,83.002762
7.7900705,0.592565,6.466739,5.617994,8.586717,49.136005,84.764450
7.8006506,0.582988,6.436811,5.544971,8.515816,49.372547,84.824783
7.8106236,0.797269,6.679823,5.838261,8.907354,49.046772,83.193672
7.8205309,0.995988,6.841431,5.893328,9.084519,49.554684,81.716965
7.8300767,1.304840,6.774394,5.895722,9.074941,49.483231,79.097572
7.8400302,1.581370,7.078457,6.384139,9.662428,48.645351,77.406570
7.8499126,1.910573,7.381324,6.534974,10.041917,49.400352,75.488121
7.8602552,1.958457,7.783550,7.125144,10.732515,48.403240,75.876709
7.8700528,1.969231,7.708132,7.321469,10.811895,47.377270,75.668930
7.8808475,2.111686,7.489063,7.326257,10.687344,46.724445,74.253174
7.8902779,2.098518,7.281964,7.266402,10.499113,46.203682,73.924065
7.9001818,1.954866,6.889316,7.210138,10.162198,44.805279,74.158539
7.9101219,1.959654,6.640318,6.912060,9.783182,45.047142,73.557907
7.9202099,1.795651,7.049727,7.074866,10.147746,45.798336,75.709930
7.9301023,1.408988,7.404069,7.244854,10.454349,46.132011,79.225494
7.9401922,0.957681,7.539341,7.396886,10.605317,45.775661,82.760803
7.9501948,0.735020,7.360973,7.378930,10.448578,45.072315,84.297707
7.9602914,0.762553,7.170634,7.113173,10.129004,45.391556,83.929756
7.9701467,0.908600,7.401675,6.719327,10.037913,47.979630,83.001617
7.9807758,1.076194,7.292738,6.702568,9.963264,47.722031,81.605415
7.9900861,1.076194,7.292738,6.702568,9.963264,47.722031,81.605415
8.0000343,1.080982,7.242460,7.174225,10.251403,45.586742,81.510918
8.0106668,1.143231,7.198167,7.291541,10.309566,44.987606,80.975517
8.0200758,0.889446,7.123947,7.372944,10.290872,44.237446,82.883278
8.0305271,1.021127,7.219715,7.223307,10.263681,45.269463,81.949715
8.0400572,0.863110,6.951565,6.961142,9.875561,45.179688,82.922348
8.0504112,0.525527,6.472724,6.843825,9.434526,43.497692,85.358276
8.0599184,0.460884,6.372168,6.533776,9.138226,44.357296,85.863136
8.0699711,0.717063,6.879739,6.353014,9.391793,47.433685,84.049644
8.0800028,0.386664,6.855796,6.349423,9.352359,47.241367,86.771965
8.0900660,-0.004788,6.791153,6.271611,9.244073,47.277615,90.040398
8.1000118,-0.219069,6.645107,6.210559,9.098159,46.951500,91.888191
8.1103649,-0.234632,6.469133,6.101623,8.895760,46.693382,92.077171
8.1199522,-0.136469,6.642713,5.890934,8.879603,48.438541,91.176933
8.1299963,0.232238,6.962338,5.878962,9.115387,49.838127,88.089539
8.1401691,0.477643,7.145495,6.083666,9.396661,49.651997,86.175728
8.1501932,0.635661,6.734890,6.378153,9.297507,46.685162,84.608215
8.1602325,0.762553,6.560112,6.487090,9.257370,45.512897,83.369644
8.1699657,0.563834,6.549339,6.447585,9.207774,45.554321,85.079521
8.1800194,0.184354,6.398504,6.500257,9.122949,44.559914,88.349655
8.1901817,-0.001197,6.313510,6.513426,9.071115,44.107082,90.010864
8.2000628,-0.021548,6.386533,6.651093,9.220917,43.837681,90.193314
8.2099972,0.156820,6.612785,6.672640,9.395618,44.749920,88.641502
8.2201262,0.368707,6.767211,6.745663,9.562168,45.133820,86.881363
8.2305031,0.378284,6.673837,6.967127,9.655261,43.814201,86.755852
8.2412930,0.290895,6.667852,7.254431,9.857568,42.614559,87.501968
8.2502604,0.258574,6.470330,7.370550,9.811068,41.301353,87.711510
8.2604408,0.423774,6.262034,7.425617,9.722779,40.205509,86.128494
8.2703028,0.827197,6.545747,7.365762,9.888656,41.852074,82.797615
8.2806215,0.883460,6.912060,7.641095,10.341345,42.363232,82.716270
8.2904320,0.990002,6.950367,7.671022,10.398668,42.464756,81.893387
8.3002529,1.035492,6.799533,7.777564,10.382504,41.487267,81.341026
8.3101339,1.010353,6.728904,7.770381,10.328494,41.207848,81.460762
8.3201227,1.027112,6.811504,7.460332,10.154216,42.717880,81.424927
8.3309593,0.928950,6.797139,7.230489,9.967147,43.495186,82.217720
8.3402815,0.933739,6.926425,7.255628,10.074293,43.928005,82.322350
8.3508778,0.812831,6.937200,7.260417,10.074676,43.890995,83.317123
8.3604479,0.623690,6.672640,7.189788,9.828844,42.987804,84.660095
8.3700619,0.579397,6.654684,7.158663,9.791168,43.018391,85.024033
8.3802586,0.602142,6.780379,6.892907,9.687532,44.640995,84.925079
8.3903999,0.772130,7.026982,6.716933,9.751505,46.464027,83.729454
8.4001122,0.940921,7.225701,6.685808,9.889192,47.462528,82.580765
8.4101086,0.866701,7.023391,6.655881,9.714934,46.755074,82.965149
8.4203501,0.730232,6.823475,6.652289,9.557510,45.890850,83.891594
8.4309568,0.775721,6.858191,6.554127,9.518042,46.480579,83.546776
8.4402361,0.859518,6.901287,6.453571,9.487629,47.140018,82.900673
8.4501867,0.841562,6.773197,6.442797,9.385843,46.651218,82.917366
8.4599419,0.967257,6.842628,6.526594,9.505450,46.637177,81.954117
8.4699993,0.945710,6.852205,6.751649,9.666015,45.693733,82.141945
8.4799147,0.791284,6.671443,6.946776,9.663953,44.041714,83.235886
8.4899492,0.785298,6.661866,7.091625,9.761573,43.407570,83.277023
8.4998817,0.738611,6.684611,7.204153,9.855425,43.031094,83.694725
8.5099859,0.761356,6.734890,7.307104,9.966553,42.847816,83.550293
8.5199804,0.871489,6.901287,7.264008,10.057487,43.759541,82.802826
8.5303240,0.883460,6.883330,7.216124,10.011652,43.881699,82.686195
8.5409632,0.895431,6.915652,7.333440,10.119653,43.558342,82.622444
8.5500679,1.036689,7.167043,7.502231,10.427114,43.987396,81.769440
8.5599623,1.085770,7.435194,7.483078,10.604596,45.118347,81.691750
8.5699892,1.180341,7.570466,7.351396,10.618295,46.184925,81.138138
8.5799770,1.173159,7.477092,7.255628,10.484624,46.209332,81.082962
8.5900488,1.072602,7.370550,7.412448,10.508086,45.137791,81.720131
8.5999699,0.944513,7.304709,7.381324,10.427599,44.938599,82.632423
8.6100550,0.804452,7.102399,7.235278,10.170568,44.651581,83.537949
8.6199808,0.784101,7.058106,7.032968,9.994715,45.277912,83.660873
8.6307907,0.811634,7.146692,7.028179,10.056304,45.662548,83.520805
8.6402330,0.873884,7.189788,6.998251,10.071358,45.983402,83.069969
8.6502390,0.928950,7.182605,6.974309,10.054539,46.080433,82.630653
8.6603003,0.792481,6.967127,6.985084,9.897489,45.110397,83.510742
8.6714878,0.657208,7.128736,6.889316,9.935465,46.099632,84.732712
8.6801214,0.702698,7.076063,6.618771,9.714555,47.052719,84.328758
8.6905231,0.814029,7.042544,6.613982,9.695609,46.987129,83.406593
8.7003078,0.745794,7.117962,6.710948,9.811137,46.841949,84.018585
8.7101231,0.456095,7.135918,6.859388,9.908610,46.190296,86.342888
8.7208939,0.474052,7.094019,6.452374,9.601195,47.775402,86.176941
8.7309561,0.573411,7.305906,6.582858,9.850842,48.067604,85.512283
8.7400751,0.468066,7.029376,6.536170,9.610033,47.145397,86.190460
8.7502089,0.454898,6.943185,6.513426,9.530973,46.890434,86.251495
8.7603464,0.514753,7.070077,6.518214,9.630061,47.401154,85.835793
8.7702770,0.575805,7.169437,6.511032,9.701851,47.847031,85.408211
8.7817411,0.531513,7.022193,6.446388,9.547232,47.529526,85.671509
8.7902746,0.578200,6.914454,6.594829,9.572657,46.455044,85.219940
8.8008947,0.599748,6.908469,6.824672,9.729481,45.457146,85.038399
8.8107424,0.586579,6.918046,6.947973,9.822309,44.978943,85.153496
8.8202448,0.652420,6.936002,6.873753,9.786841,45.384438,84.626411
8.8305454,0.764947,6.937200,6.726510,9.693081,46.056427,83.707558
8.8403101,0.763750,6.934805,6.558916,9.575709,46.768047,83.715179
8.8501854,0.620098,6.867768,6.501455,9.477324,46.685616,84.840691
8.8608665,0.565032,6.793547,6.579266,9.474085,46.016697,85.245552
8.8700781,0.611719,6.810307,6.683414,9.561511,45.653858,84.867325
8.8816395,0.647632,6.745663,6.726510,9.548263,45.212879,84.516006
8.8902884,0.741005,6.829460,6.651093,9.561780,45.925632,83.807556
8.9009361,0.670376,6.754043,6.408081,9.334346,46.645870,84.331642
8.9106321,0.563834,6.607996,6.476315,9.269638,45.680489,85.122986
8.9201002,0.430956,6.460753,6.476315,9.158041,44.994667,86.183815
8.9303503,0.512359,6.570887,6.627151,9.346560,44.842575,85.541435
8.9408302,1.289278,6.885724,7.050924,9.939363,44.814377,79.394775
8.9501181,1.681927,6.895301,7.126341,10.057773,44.883694,76.291893
8.9602489,1.819593,6.835446,7.138312,10.049365,44.738659,75.093567
8.9701118,1.681927,6.756437,7.125144,9.962229,44.339104,76.021095
8.9801636,1.467646,6.716933,7.212533,9.964527,43.629154,77.674614
8.9902010,1.303643,6.779182,7.068881,9.880581,44.321411,79.114845
9.0000753,1.216254,6.831854,6.918046,9.798615,45.087765,79.905563
9.0102062,1.217452,6.904878,6.925229,9.854862,45.354198,80.000519
9.0202188,1.234211,6.873753,7.066486,9.935139,44.662312,79.820770
9.0300331,1.294066,6.713342,7.437588,10.102538,42.590458,79.089462
9.0408363,1.504756,6.586449,7.831434,10.342966,40.784233,77.130936
9.0502539,1.861492,6.588843,7.972692,10.509130,40.655170,74.223854
9.0601282,2.087744,6.599617,7.975086,10.560095,40.956306,72.445587
9.0702457,2.325967,6.722919,8.021772,10.721781,41.567429,70.915619
9.0804634,2.213439,6.714539,8.220491,10.842546,40.696880,71.755257
9.0902395,1.932121,6.544550,8.524555,10.919353,38.676826,73.552032
9.1006556,1.848324,6.511032,8.647857,10.981587,38.048717,74.152046
9.1101332,1.993173,6.575675,8.508993,10.936873,38.921299,73.137260
9.1206980,2.128445,6.604405,8.214506,10.752979,40.188248,72.137085
9.1315241,2.182315,6.592434,8.088810,10.660748,40.646141,71.683739
9.1400785,2.096124,6.634333,8.159439,10.723085,40.454395,72.466019
9.1502972,1.977611,6.610391,8.280347,10.778328,39.803860,73.344551
9.1602840,1.996764,6.556521,8.204929,10.690927,39.873066,73.062080
9.1700726,2.026692,6.508637,8.019379,10.525221,40.366226,72.704201
9.1803513,1.976413,6.549339,7.801506,10.376104,41.247169,73.207603
9.1903505,1.813608,6.651093,7.582437,10.247905,42.277008,74.747498
9.2003946,1.551443,6.709750,7.431602,10.131951,42.820911,76.980751
9.2100296,1.197101,6.615179,7.240066,9.879889,42.877644,79.742607
9.2219181,0.954089,6.449979,7.146692,9.674075,42.375225,81.585747
9.2302017,0.889446,6.354211,7.055712,9.536781,42.282032,82.031662
9.2400599,0.964863,6.393716,6.889316,9.448452,43.185020,81.418358
9.2504168,1.015141,6.495469,6.718130,9.399729,44.380127,81.117409
9.2602968,0.897826,6.584054,6.569689,9.344339,45.326473,82.234833
9.2701311,0.672771,6.494272,6.476315,9.196241,45.232220,84.085571
9.2799988,0.481235,6.351817,6.609194,9.179249,43.944305,85.667358
9.2900925,0.452504,6.438008,6.867768,9.424380,43.220512,85.979500
9.3001604,0.651223,6.663064,6.867768,9.590972,44.269379,84.417854
9.3102875,0.978031,6.833052,6.624756,9.567369,46.177032,81.854439
9.3203859,1.143231,6.859388,6.489484,9.511655,46.978989,80.537682
9.3302898,1.063026,7.017405,6.578069,9.677034,47.175041,81.386086
9.3403673,0.884658,6.824672,7.114370,9.898132,44.047894,82.614143
9.3501577,0.495600,6.580463,7.337031,9.868137,41.968967,85.692970
9.3601055,0.469264,6.694188,7.216124,9.854177,42.921211,85.990120
9.3699903,0.761356,6.822278,7.023391,9.820955,44.345055,83.632225
9.3806973,0.888249,6.828263,7.041347,9.848591,44.360092,82.588348
9.3900976,0.732626,6.771999,7.132327,9.862393,43.681995,83.825493
9.4000654,0.408211,6.653487,7.140707,9.768583,43.030807,86.489136
9.4100676,-0.126893,6.366182,7.102399,9.538787,41.876881,91.141884
9.4205561,-0.022745,6.394913,7.004237,9.484448,42.396458,90.203781
9.4302015,0.164003,6.670246,6.969521,9.648487,43.751705,88.591537
9.4401188,0.452504,7.029376,6.921637,9.875523,45.501694,86.316765
9.4501038,0.575805,7.046135,6.921637,9.893868,45.605999,85.328209
9.4600163,0.719458,7.173028,6.892907,9.974072,46.284142,84.272369
9.4700747,0.709881,7.194576,6.855796,9.963323,46.519833,84.364929
9.4802456,0.638055,7.213730,6.898892,10.001987,46.389503,84.945343
9.4904957,0.487220,7.168240,6.864176,9.936698,46.307285,86.111626
9.5002146,0.317232,6.862979,6.836643,9.692306,45.140717,87.353462
9.5101280,0.265756,6.611588,6.891710,9.554025,43.834690,87.698204
9.5200481,0.369904,6.630742,7.061698,9.693871,43.241692,86.806992
9.5302925,0.515950,6.823475,7.156269,9.901424,43.717880,85.675865
9.5402994,0.386664,6.752846,7.013814,9.743922,43.960854,86.722862
9.5506544,0.300472,6.752846,6.890512,9.652480,44.450211,87.452271
9.5610018,0.228646,6.834249,6.870162,9.693212,44.865875,88.083832
9.5703316,0.140061,6.783970,6.827066,9.625524,44.824696,88.817245
9.5804119,0.210690,6.785168,6.760028,9.580234,45.120144,88.221451
9.5906439,0.211887,6.810307,6.713342,9.565256,45.424660,88.217949
9.6002998,0.110133,6.777985,6.751649,9.567548,45.115311,89.069099
9.6101894,0.014365,6.634333,6.642713,9.388302,44.963905,89.875938
9.6204157,0.037110,6.703765,6.655881,9.446830,45.205799,89.682831
9.6301765,-0.011971,6.704962,6.538565,9.365335,45.719894,90.102295
9.6400471,-0.064643,6.651093,6.430826,9.251850,45.965981,90.556854
9.6505384,-0.064643,6.689400,6.466739,9.304351,45.970940,90.553665
9.6605892,0.058658,6.868965,6.578069,9.510894,46.240307,89.510735
9.6703806,0.135272,6.878541,6.681020,9.590029,45.840103,88.873375
9.6802425,0.162806,6.744466,6.780379,9.564930,44.856209,88.617195
9.6902447,0.166397,6.691794,6.889316,9.605751,44.175606,88.575584
9.7005768,0.191536,6.788759,6.896498,9.679133,44.560337,88.383904
9.7101297,0.204704,6.883330,6.921637,9.763769,44.853672,88.296577
9.7201118,0.195127,6.903681,6.979098,9.818691,44.700191,88.381004
9.7300720,0.171185,6.806715,7.018602,9.778623,44.131004,88.559341
9.7408533,0.177171,6.807912,7.098808,9.837283,43.811375,88.509254
9.7505722,0.122104,6.853402,7.127539,9.888672,43.881237,88.979294
9.7601566,0.050278,6.860585,7.058106,9.843121,44.187733,89.580109
9.7703485,0.026336,6.840234,7.050924,9.823697,44.131268,89.779404
9.7802105,0.038307,6.867768,7.015011,9.817234,44.392784,89.680420
9.7900181,0.017957,6.886921,7.006631,9.824607,44.506439,89.850609
9.8009653,0.013168,6.925229,7.012617,9.855747,44.640820,89.891052
9.8102350,0.056264,6.983886,6.955156,9.856572,45.119022,89.538422
9.8200645,0.177171,7.074866,6.855796,9.853276,45.909916,88.565483
9.8301935,0.319626,7.204153,6.866570,9.957499,46.402504,87.459633
9.8400955,0.241814,7.080852,6.961142,9.932493,45.505135,88.044083
9.8506374,-0.047884,6.776788,7.004237,9.746100,44.055157,90.404839
9.8601284,-0.047884,6.776788,7.004237,9.746100,44.055157,90.404839
9.8700562,-0.049081,6.853402,6.762423,9.628182,45.383575,90.410324
9.8807964,0.087388,6.866570,6.733692,9.617694,45.562099,89.270859
9.8902273,0.263362,6.946776,6.733692,9.678309,45.912914,87.828873
9.9003725,0.344765,6.888118,6.710948,9.622986,45.782246,87.134613
9.9100752,0.314838,6.806715,6.651093,9.521950,45.693130,87.351730
9.9208469,0.120907,6.615179,6.543353,9.305411,45.317528,88.952911
9.9302950,-0.147243,6.467936,6.359000,9.071535,45.494007,91.304123
9.9406853,-0.366313,6.420052,6.209362,8.939095,46.002277,93.265617
9.9501534,-0.329203,6.616376,6.120777,9.019352,47.263550,92.848442
9.9601917,-0.160412,6.779182,6.070498,9.101318,48.164742,91.355499
9.9701767,0.009577,6.804321,6.129156,9.157807,47.988319,89.919357
9.9803152,0.142455,6.801927,6.272809,9.253898,47.323681,88.800209
9.9901800,0.154426,6.655881,6.409278,9.241398,46.089024,88.670891
10.0000696,0.246603,6.495469,6.690597,9.328238,44.172821,87.825790
10.0101662,0.401029,6.487090,7.104794,9.629188,42.452316,86.462502
10.0202398,0.705092,6.611588,7.529764,10.045278,41.445778,83.912704
10.0303011,1.181539,6.805518,7.821857,10.435160,41.447067,80.150780
10.0404520,1.766921,7.026982,7.928399,10.740578,42.424030,75.885696
10.0512018,2.190695,7.133524,8.007407,10.945541,42.981998,72.928360
10.0600863,2.278083,7.072472,8.257602,11.108443,41.981342,72.145958
10.0701370,2.094927,6.951565,8.570045,11.232036,40.270599,73.229271
10.0801878,1.709460,6.909666,8.779537,11.302479,39.033329,76.103981
10.0901175,1.408988,6.903681,8.731653,11.219974,38.901741,78.464798
10.1000719,1.326388,6.955156,8.562862,11.111080,39.586830,79.203018
10.1100130,1.403002,7.024588,8.325836,10.983296,40.707821,78.705093
10.1201763,1.509544,7.115568,8.020576,10.827726,42.205154,78.022469
10.1300020,1.527501,7.198167,7.793127,10.718195,43.356743,78.019173
10.1401386,1.325191,7.119159,7.721301,10.585700,43.163162,79.455406
10.1517124,1.052252,6.992266,7.691373,10.447786,42.593616,81.441895
10.1608629,0.841562,6.926425,7.583634,10.305100,42.615772,83.072510
10.1701717,0.705092,6.825869,7.444770,10.124932,42.668198,84.102432
10.1802387,0.633266,6.695385,7.240066,9.881688,42.888878,84.596893
10.1900663,0.646434,6.664260,7.101202,9.759985,43.315826,84.459633
10.2001371,0.731429,6.782773,7.056910,9.815344,44.030727,83.845222
10.2101126,0.822408,6.777985,6.963536,9.752347,44.435673,83.081825
10.2202940,0.915782,6.750452,6.943185,9.727028,44.454784,82.274284
10.2304039,1.041478,6.888118,6.998251,9.874532,44.869354,81.402054
10.2410164,1.064223,6.952762,7.016208,9.934819,45.071484,81.297577
10.2500658,0.925359,6.797139,6.925229,9.747624,44.728218,82.247444
10.2600965,0.853533,6.710948,6.903681,9.665720,44.418739,82.751740
10.2702551,0.762553,6.671443,6.834249,9.581054,44.495243,83.479332
10.2802820,0.696713,6.708553,6.781576,9.564511,44.843525,84.070839
10.2904835,0.628478,6.781576,6.813898,9.634001,44.986282,84.705276
10.3007507,0.517148,6.664260,6.842628,9.565635,44.329384,85.562729
10.3101292,0.424971,6.448782,6.829460,9.402602,43.419796,86.229698
10.3200903,0.433351,6.412869,6.815095,9.367935,43.323479,86.134109
10.3303232,0.465672,6.546945,7.003040,9.598016,43.144272,85.931511
10.3406954,0.501585,6.856994,7.029376,9.832705,44.365200,85.816299
10.3502712,0.457293,6.897695,6.987478,9.829148,44.692341,86.207047
10.3612194,0.426168,6.883330,6.895301,9.752283,45.005024,86.457169
10.3701115,0.402226,6.769605,6.807912,9.609215,44.888824,86.599686
10.3800812,0.474052,6.769605,6.867768,9.654973,44.657650,85.994316
10.3900967,0.505177,6.822278,7.016208,9.799278,44.275417,85.765083
10.4013071,0.499191,6.871359,7.149086,9.928454,43.940536,85.844872
10.4100599,0.527921,6.951565,7.095217,9.947113,44.496433,85.657135
10.4202318,0.499191,6.943185,6.991069,9.865701,44.876957,85.887711
10.4301815,0.475249,6.918046,6.872556,9.763055,45.256428,86.070129
10.4401388,0.373495,6.828263,6.777985,9.628384,45.254517,86.869125
10.4501991,0.416591,6.930017,6.738481,9.675010,45.854485,86.559860
10.4601831,0.464475,7.060501,6.701371,9.745501,46.556622,86.236221
10.4700956,0.427365,7.098808,6.695385,9.767491,46.726913,86.554817
10.4801178,0.338780,7.034164,6.677429,9.704757,46.523476,87.242653
10.4902458,0.266953,6.964733,6.708553,9.673854,46.094364,87.804970
10.5003719,0.232238,6.913258,6.770802,9.679402,45.612595,88.075981
10.5101891,0.207098,6.841431,6.830657,9.669847,45.058270,88.266113
10.5202589,0.256180,6.823475,6.855796,9.676125,44.884800,87.849907
10.5305033,0.343568,6.830657,6.873753,9.696618,44.856018,87.120567
10.5405474,0.436942,6.885724,6.925229,9.775628,44.893673,86.369095
10.5512810,0.487220,6.949171,7.042544,9.905847,44.687881,85.989441
10.5600872,0.420182,6.934805,7.078457,9.918298,44.465153,86.532669
10.5702448,0.421380,6.901287,7.058106,9.880394,44.409657,86.505966
10.5802546,0.441730,6.949171,7.048530,9.907970,44.651066,86.362839
10.5900888,0.441730,6.915652,7.032968,9.873398,44.576427,86.345253
10.6000834,0.446519,6.930017,7.090428,9.924650,44.403820,86.313385
10.6102419,0.456095,6.963536,7.115568,9.966452,44.442627,86.252609
10.6202297,0.503979,6.936002,7.145495,9.970969,44.223064,85.844116
10.6301966,0.547075,6.882133,7.121553,9.918647,44.110691,85.454994
10.6402216,0.582988,6.910863,7.170634,9.975865,44.044651,85.178047
10.6510601,0.513556,6.938396,7.188591,10.004045,44.063591,85.766884
10.6601629,0.462081,6.943185,7.129933,9.962794,44.303020,86.192482
10.6701536,0.457293,6.950367,7.048530,9.909515,44.660107,86.235710
10.6801958,0.493206,6.993463,6.987478,9.898314,45.095596,85.965965
10.6903191,0.544681,7.038953,6.947973,9.905446,45.458187,85.575218
10.7023830,0.523133,7.009026,6.989872,9.912539,45.157967,85.731529
10.7104206,0.476446,6.967127,7.009026,9.894155,44.895061,86.087929
10.7201471,0.493206,6.992266,6.924031,9.852778,45.352013,85.965279
10.7302618,0.513556,7.016208,6.878541,9.838966,45.644184,85.813660
10.7402716,0.529119,7.043741,6.873753,9.856102,45.780350,85.704071
10.7502527,0.563834,7.088034,6.913258,9.917221,45.805504,85.451851
10.7602358,0.598550,7.092823,6.994660,9.979563,45.500866,85.176338
10.7706289,0.578200,7.058106,7.013814,9.967185,45.276150,85.316788
10.7808342,0.483629,6.998251,7.066486,9.957141,44.790276,86.046738
10.7904959,0.499191,6.945579,6.974309,9.855519,44.955547,85.889122
10.8002262,0.436942,6.977901,6.909666,9.829827,45.337563,86.416931
10.8101721,0.420182,6.963536,6.889316,9.804593,45.359028,86.546936
10.8203421,0.423774,7.017405,6.985084,9.910346,45.184395,86.544167
10.8301201,0.445322,6.993463,6.983886,9.893508,45.097218,86.356506
10.8400593,0.502782,6.979098,7.019799,9.911517,44.907558,85.879463
10.8500996,0.537498,7.055712,7.017405,9.965738,45.238838,85.643669
10.8606157,0.513556,7.091625,6.955156,9.946310,45.631538,85.858025
10.8700790,0.477643,7.025785,6.930017,9.880027,45.459217,86.110771
10.8801346,0.487220,7.043741,6.958747,9.913417,45.416138,86.043114
10.8900623,0.537498,7.089231,6.944382,9.938337,45.673450,85.664185
10.9001722,0.606930,7.088034,6.903681,9.913092,45.859474,85.105850
10.9100695,0.610521,7.089231,6.865374,9.887532,46.024830,85.077858
10.9201241,0.518345,7.010222,6.825869,9.798182,45.841434,85.771172
10.9301758,0.397437,6.970718,6.785168,9.735881,45.819279,86.736801
10.9408369,0.292093,6.912060,6.739678,9.658424,45.748997,87.580208
10.9501610,0.306458,6.909666,6.707356,9.634626,45.879326,87.460480
10.9602509,0.389058,7.009026,6.678626,9.689264,46.426781,86.822884
10.9716091,0.469264,7.119159,6.669049,9.766210,46.931698,86.228767
10.9806919,0.444124,7.035362,6.688202,9.717284,46.505970,86.387856
10.9900742,0.433351,6.937200,6.739678,9.681725,45.883167,86.425514
11.0002508,0.481235,6.936002,6.793547,9.720699,45.663242,86.031059
11.0101557,0.518345,6.937200,6.849811,9.762855,45.442905,85.726822
11.0204334,0.508768,6.851008,6.985084,9.797273,44.523571,85.752914
11.0301542,0.579397,6.775591,7.138312,9.858997,43.610924,85.112396
11.0400743,0.594959,6.921637,7.082048,9.920608,44.449135,85.087135
11.0501289,0.626084,6.870162,7.447165,10.151422,42.810268,84.792969
