Keuwl Accelerometer Data File
2019-06-26 17-40-16

Time (s), X (m/s2), Y (m/s2), Z (m/s2), R (m/s2), Theta (deg), Phi (deg)
0.0000000,1.769315,9.482236,-0.778116,9.677228,94.611954,79.430580
0.0099207,2.038663,8.331821,-0.351948,8.584827,92.349586,76.250786
0.0198111,3.250129,7.428011,0.614113,8.131164,85.668564,66.368202
0.0297018,4.244920,7.321469,1.256956,8.555886,81.552032,59.895241
0.0396576,4.746505,7.757214,1.229423,9.176882,82.300964,58.538258
0.0496256,4.812346,8.091205,1.072602,9.475059,83.500031,59.257401
0.0596270,4.487931,8.391677,1.064223,9.575716,83.619102,61.861797
0.0696657,4.237737,9.063251,0.752976,10.033340,85.696053,64.940445
0.0796326,4.299986,9.069236,0.580594,10.053756,86.689384,64.633018
0.0896545,4.965574,9.202114,0.840365,10.490092,85.405090,61.648151
0.0996250,5.796362,9.708488,1.265336,11.377769,83.614861,59.161079
0.1096812,6.370971,9.683349,2.003947,11.763176,80.191383,56.657860
0.1197269,6.861782,10.064027,2.543839,12.443464,78.203766,55.713333
0.1297877,6.879739,10.298658,2.840720,12.706803,77.081841,56.256172
0.1398091,6.373365,9.361329,3.412935,11.828034,73.229057,55.752247
0.1498008,6.039374,8.507795,3.897760,11.137735,69.515137,54.630447
0.1597391,5.076905,8.337808,3.342306,10.318188,71.099617,58.662697
0.1697343,3.672705,7.821857,4.124012,9.574846,64.487175,64.847885
0.1797349,3.339911,7.102399,2.728193,8.309159,70.832214,64.814690
0.1897777,3.041833,8.086416,0.689530,8.667083,85.436874,69.385414
0.1997991,2.942474,9.113529,0.609324,9.596137,86.359451,72.106354
0.2098148,3.241749,9.886856,0.652420,10.425186,86.412018,71.846474
0.2198351,3.630807,10.218452,0.311246,10.848798,88.355988,70.438927
0.2298798,3.894169,10.206482,0.043096,10.924224,89.773972,69.116203
0.2401001,4.022259,9.958682,0.136469,10.741160,89.272018,68.006477
0.2500518,3.965995,9.557653,0.423774,10.356517,87.654884,67.463753
0.2598636,3.790021,9.117120,0.702698,9.898480,85.929123,67.427162
0.2698045,3.617639,8.769960,0.908600,9.530219,84.529182,67.583687
0.2798680,3.515885,8.556877,1.033098,9.308538,83.627960,67.663017
0.2898363,3.505111,8.467094,1.013944,9.219847,83.686180,67.511978
0.3002148,3.542221,8.434772,0.906205,9.193146,84.342941,67.219803
0.3100102,3.687071,8.469488,0.798466,9.271692,85.059639,66.474785
0.3198383,3.882198,8.532935,0.663194,9.397993,85.953407,65.536064
0.3297869,4.223372,8.650250,0.507571,9.639571,86.981697,63.976662
0.3398867,4.712986,8.834604,0.362722,10.019682,87.925385,61.921471
0.3498191,5.278018,8.918402,0.251391,10.366221,88.610382,59.382442
0.3597958,5.963956,8.678981,0.260968,10.533831,88.580391,55.504223
0.3697651,6.764817,8.088810,0.294487,10.548854,88.400299,50.093658
0.3797223,7.490260,7.207744,0.445322,10.404512,87.546944,43.898830
0.3896709,7.854179,6.244078,0.730232,10.060312,85.837502,38.484726
0.3998037,7.444770,4.900931,1.389834,9.020829,81.137169,33.357117
0.4098151,7.181408,4.806360,1.236605,8.729427,81.856125,33.793533
0.4198443,7.121553,5.067328,0.596156,8.760692,86.098068,35.433681
0.4299754,7.349002,5.600038,-0.296881,9.244262,91.840378,37.307884
0.4398769,7.897274,6.324284,-1.106121,10.177771,96.239235,38.688393
0.4498217,8.538920,7.101202,-1.505953,11.207503,97.722198,39.747845
0.4597691,9.121908,7.678205,-1.607706,12.031157,97.679321,40.088402
0.4697628,9.403227,7.900866,-1.606509,12.386494,97.452171,40.037956
0.4797456,9.172187,7.665037,-1.826776,12.092101,98.689049,39.884914
0.4897980,8.644265,7.432799,-2.244564,11.619289,101.138168,40.690697
0.5002093,8.068460,7.375339,-2.644396,11.246710,103.599060,42.430279
0.5100439,7.590816,7.332242,-2.834735,10.927855,105.034729,44.007328
0.5199221,7.570466,7.163452,-2.788048,10.788893,104.976234,43.417648
0.5298143,8.165425,6.793547,-2.547431,10.923180,103.486328,39.760098
0.5397474,9.254786,6.381745,-2.090138,11.434440,100.532501,34.588654
0.5498904,10.488997,6.021417,-1.541866,12.192370,97.265167,29.858835
0.5598664,11.613075,5.825093,-0.905008,13.023603,93.984688,26.638241
0.5699559,12.570756,5.772420,-0.666785,13.848804,92.759712,24.664320
0.5798572,13.035232,5.857414,-0.446519,14.297760,91.789635,24.196888
0.5902113,12.964602,5.977125,-0.381875,14.281203,91.532257,24.751316
0.6002174,12.514492,6.075287,-0.840365,13.936565,93.456993,25.894724
0.6100379,11.810597,6.068104,-1.553837,13.368863,96.674461,27.193405
0.6199402,11.073183,6.021417,-2.285265,12.809968,100.276428,28.536631
0.6299273,10.376471,5.888539,-2.737770,12.240973,102.923874,29.574461
0.6398524,9.787497,5.651513,-2.777274,11.638210,103.805939,30.003071
0.6499409,9.428367,5.333084,-2.545036,11.127133,103.221931,29.494341
0.6598597,9.336189,4.892551,-2.345121,10.798198,102.543282,27.656406
0.6701401,9.291897,4.386178,-1.702277,10.415165,99.406754,25.269339
0.6804268,9.406818,3.974375,-1.434127,10.312159,97.994118,22.904026
0.6901286,9.271546,3.539827,-0.867898,9.962188,94.997902,20.896591
0.7005650,8.875306,3.150769,-1.128866,9.485396,96.835022,19.545069
0.7103738,8.289924,2.926912,-1.501164,8.918695,99.689957,19.446526
0.7202677,7.553706,2.664747,-2.396596,8.360803,106.657303,19.431486
0.7300090,7.034164,2.625242,-2.614468,7.950271,109.199158,20.466232
0.7399023,6.715736,2.559402,-2.665944,7.665435,110.352058,20.862103
0.7498769,6.576872,2.519897,-2.412158,7.444705,108.905602,20.964096
0.7599437,6.594829,2.528277,-2.032677,7.349539,106.055717,20.975458
0.7701105,6.675035,2.483984,-1.648408,7.310507,103.031387,20.411772
0.7800135,6.645107,2.286463,-1.379060,7.161505,101.102554,18.987425
0.7898830,6.551733,2.002750,-1.155202,6.947712,99.571068,16.997471
0.8001292,6.417658,1.527501,-1.127669,6.692625,99.700287,13.388163
0.8101053,6.374562,1.036689,-1.286883,6.585274,101.269165,9.237093
0.8199464,6.404490,0.505177,-1.543063,6.607097,103.505943,4.510067
0.8300120,6.648698,0.146046,-1.562217,6.831328,103.219620,1.258365
0.8398827,7.070077,-0.071826,-1.459266,7.219460,101.661514,359.417938
0.8498106,7.661446,-0.278924,-2.722207,8.135476,109.548790,357.915009
0.8598090,9.113529,-0.652420,-3.598485,9.819937,111.496651,355.905304
0.8700577,9.720459,-0.978031,-4.209007,10.637650,113.307808,354.254486
0.8799976,10.432734,-1.371878,-4.996699,11.648647,115.401009,352.508728
0.8898860,11.542446,-1.945289,-6.058527,13.180211,117.365715,350.433624
0.9001387,13.001713,-2.717419,-6.496666,14.786331,116.063675,348.194855
0.9102986,14.535198,-3.762488,-6.056133,16.189659,111.967102,345.487335
0.9202635,15.555128,-5.165490,-5.293580,17.224003,107.898842,341.629883
0.9301565,16.346413,-6.722919,-4.155137,18.156761,103.229256,337.643707
0.9399515,16.782156,-8.061277,-4.134786,19.071482,102.521423,334.342773
0.9499540,16.691177,-8.737639,-5.031415,19.500175,104.952545,332.368469
0.9601562,16.512810,-8.447941,-5.931635,19.473698,107.733932,332.905762
0.9698983,17.055096,-7.564480,-6.951565,19.910347,110.434929,336.081177
0.9797603,18.425776,-6.852205,-8.043321,21.240456,112.251900,339.600769
0.9897084,19.609709,-6.726510,-9.465476,22.789949,114.540451,341.067047
0.9997654,19.530701,-7.083246,-10.159795,23.126652,116.059937,340.065704
1.0099025,17.839197,-7.668628,-10.020931,21.850946,117.297058,336.738342
1.0198745,16.354792,-8.349778,-9.837775,20.832182,118.179756,332.953857
1.0298109,16.389507,-8.926781,-9.998186,21.172318,118.179092,331.424438
1.0397652,16.663643,-9.065644,-11.002554,21.929867,120.113564,331.452148
1.0499403,16.142904,-8.282741,-9.884461,20.661552,118.580872,332.838165
1.0600479,15.635334,-6.980295,-9.749189,19.703676,119.655930,335.941925
1.0701262,15.184027,-5.595249,-11.960235,20.122343,126.468147,339.771362
1.0799729,14.407108,-4.329914,-12.251130,19.401112,129.158325,343.272369
1.0898886,14.846445,-3.451242,-10.168175,18.322659,123.707329,346.913300
1.0998065,17.021578,-2.634819,-7.357382,18.729855,113.129814,351.200867
1.1098919,19.632454,-1.911770,-7.258022,21.018255,110.201324,354.438171
1.1201427,20.975601,-1.995567,-7.135918,22.245888,108.709785,354.565369
1.1299706,21.981165,-2.349909,-5.996278,22.905218,105.176094,353.897949
1.1399089,21.703438,-2.487576,-6.021417,22.660200,105.410133,353.461487
1.1498803,20.396204,-1.419762,-6.809110,21.549589,108.419624,356.018127
1.1598818,17.772160,2.244564,-3.324349,18.219194,100.513321,7.198153
1.1700326,12.379220,7.311892,-2.311602,14.562017,99.133873,30.568586
1.1798780,-1.206678,12.020090,-10.228029,15.828810,130.253113,95.732628
1.1898177,-19.947292,24.868572,-4.463989,32.191109,97.970978,128.733398
1.1997726,-28.924351,31.056387,-18.108545,46.141483,113.107468,132.964264
1.2098061,-39.187096,17.214310,0.316035,42.802578,89.576950,156.284836
1.2201308,-39.195477,3.945644,13.927072,41.782974,70.529633,174.251633
1.2302461,-23.603237,0.067038,5.767632,24.297796,76.268478,179.837265
1.2400033,0.982820,-4.295198,7.038953,8.304307,32.045528,282.888428
1.2500728,15.934609,-7.574057,4.778827,18.278820,74.844437,334.577271
1.2601472,19.414581,-7.981071,-4.971560,21.571737,103.324532,337.653107
1.2700652,13.156138,-5.784391,-7.787141,16.345726,118.450691,336.266235
1.2799193,4.802769,-3.128025,-6.299145,8.516475,137.700958,326.923950
1.2898579,-1.301249,-1.668759,-5.653907,6.036942,159.480270,232.053955
1.3004677,-3.989937,-1.462857,1.687912,4.572592,68.337601,200.134781
1.3106095,-3.989937,-2.783259,6.361394,8.008337,37.406429,214.898468
1.3204825,2.895787,-6.683414,9.094376,11.651664,38.691639,293.426117
1.3301375,6.112397,-7.111976,10.582372,14.139597,41.546215,310.677460
1.3400564,7.179014,-6.609194,10.600328,14.407867,42.630898,317.366486
1.3504115,6.562507,-5.971139,9.995792,13.365510,41.592964,317.701355
1.3601615,4.722563,-5.419276,9.633071,12.019451,36.730556,311.070129
1.3711724,2.980781,-4.832696,8.158242,9.939664,34.837402,301.666077
1.3807144,1.945289,-4.301183,6.402095,7.954316,36.403454,294.335724
1.3902375,1.361104,-3.894169,5.841852,7.151531,35.227577,289.265717
1.4003420,1.139640,-3.720589,4.516662,5.961694,40.745716,287.030151
1.4104867,1.065420,-3.626019,3.513491,5.160208,47.087425,286.374176
1.4201350,0.818817,-3.575740,2.966416,4.717627,51.038792,282.897919
1.4300183,0.441730,-3.637990,2.760514,4.588086,53.010391,276.923065
1.4399059,0.021548,-3.769670,2.929306,4.774067,52.150673,270.327515
1.4503871,-0.175974,-3.888184,3.227384,5.056179,50.334465,267.408630
1.4601858,-0.112527,-4.013879,3.338714,5.222155,50.257637,268.394165
1.4700946,0.223858,-4.039018,3.268085,5.200400,51.065643,273.172302
1.4799306,0.928950,-3.782839,2.990358,4.910708,52.486645,283.797089
1.4899424,1.853112,-3.305195,2.923320,4.785827,52.350555,299.277893
1.5003695,2.746149,-2.664747,2.959233,4.837279,52.283440,315.861908
1.5101799,3.523068,-2.073379,3.077746,5.116974,53.024189,329.522552
1.5201932,4.232949,-1.580173,3.148375,5.507002,55.130863,339.529236
1.5299959,4.744111,-1.646014,2.841918,5.769960,60.492550,340.865295
1.5398616,5.336676,-1.832761,2.590526,6.208860,65.340134,341.046112
1.5499270,6.264429,-1.934515,2.415750,6.987221,69.773132,342.838806
1.5601143,7.100005,-2.084153,2.266112,7.738800,72.972855,343.640808
1.5705903,7.961918,-1.980005,2.254141,8.508450,74.637222,346.034729
1.5801808,8.884883,-1.862689,2.304419,9.365954,75.756577,348.159607
1.5901917,9.459491,-1.498770,2.225410,9.832636,76.918961,350.996857
1.6002836,9.828198,-1.249773,2.200271,10.148725,77.478691,352.753052
1.6107765,10.232818,-1.055843,1.904588,10.461970,79.510887,354.108948
1.6202649,10.538078,-0.749385,1.262941,10.639911,83.183006,355.932434
1.6300842,11.437101,-0.508768,0.580594,11.463124,87.096794,357.452942
1.6400154,11.937490,-0.016759,0.020351,11.937518,89.902321,359.919556
1.6499019,12.249933,0.403423,-0.215478,12.258469,91.007195,1.886221
1.6603646,12.952631,0.829591,-0.286107,12.982324,91.262802,3.664678
1.6701305,13.842077,1.450886,-0.210690,13.919503,90.867279,5.983727
1.6799464,14.539987,2.102109,0.011971,14.691161,89.953316,8.226501
1.6898329,14.731524,2.272097,0.257377,14.907933,89.010773,8.767852
1.7003602,14.755466,2.230199,0.645237,14.936996,87.524208,8.594854
1.7100778,14.577097,2.183512,1.118092,14.782071,85.662094,8.519031
1.7199671,14.232332,2.161964,1.465251,14.469980,84.188187,8.637489
1.7298517,13.881581,2.330755,1.666364,14.174184,83.248505,9.531216
1.7398261,13.673285,2.759317,1.547851,14.034544,83.668045,11.409259
1.7498512,13.670892,3.369839,1.308431,14.140759,84.690880,13.847208
1.7598644,13.749901,3.946841,0.799663,14.327484,86.800476,16.015865
1.7703164,13.572729,4.259285,-0.196325,14.226702,90.790688,17.422483
1.7801125,13.572729,4.384980,-0.256180,14.265786,91.028954,17.904236
1.7901604,12.932281,4.587290,-0.263362,13.724302,91.099541,19.530424
1.7999619,12.410344,4.453215,-0.187945,13.186474,90.816658,19.739555
1.8099422,11.857284,4.279635,-0.034716,12.606016,90.157791,19.845974
1.8198372,11.452663,4.282030,-0.034716,12.227038,90.162682,20.500238
1.8297744,10.998962,4.525041,-0.020351,11.893426,90.098038,22.362570
1.8398899,10.620679,5.031415,-0.181959,11.753598,90.887039,25.348675
1.8499122,10.426748,5.626374,-0.561440,11.861214,92.713058,28.351727
1.8598902,10.225636,6.030994,-0.737414,11.894548,93.554390,30.531746
1.8699303,10.099940,6.062119,-0.440533,11.787797,92.141754,30.972742
1.8805324,10.308235,5.778406,0.073023,11.817573,89.645958,29.273336
1.8901844,10.734404,5.370194,0.396240,12.009306,88.109215,26.577827
1.9002819,11.034876,5.117606,0.536301,12.175631,87.475471,24.880293
1.9100742,10.998962,5.189432,0.497994,12.171909,87.655182,25.258457
1.9198889,10.745177,5.657499,0.288501,12.146990,88.639046,27.767487
1.9298571,10.253169,6.278794,-0.068235,12.023119,90.325172,31.482300
1.9398658,9.671378,6.941988,-0.391452,11.911338,91.883301,35.670288
1.9498277,9.059659,7.479486,-0.591368,11.763072,92.881660,39.542446
1.9599005,8.542512,7.696161,-0.569820,11.512172,92.837135,42.016476
1.9700630,8.099585,7.534553,-0.569820,11.076888,92.948723,42.930180
1.9798751,8.131907,7.150283,0.739808,10.853653,86.091568,41.324760
1.9900048,8.590396,6.807912,1.367089,11.045882,82.890579,38.396923
1.9998566,9.182961,6.637924,1.758541,11.466529,81.178131,35.861370
2.0098245,9.489418,6.557718,1.915361,11.692790,80.572060,34.646641
2.0203326,9.340978,6.449979,1.962048,11.519797,80.193596,34.625221
2.0300775,8.735245,6.447585,1.978808,11.035920,79.670654,36.431465
2.0399039,7.857770,6.654684,1.871069,10.465671,79.701202,40.261002
2.0499892,6.988675,7.153875,1.587356,10.126164,80.981239,45.669247
2.0602632,6.299145,7.880515,1.145625,10.153531,83.521507,51.363552
2.0702648,5.825093,8.688558,0.651223,10.480784,86.437637,56.160809
2.0799983,5.572505,9.351752,0.122104,10.886826,89.357368,59.210213
2.0899282,5.515044,9.686940,-0.292093,11.150688,91.501038,60.345940
2.1006444,5.554548,9.616311,-0.405817,11.112657,92.092819,59.988525
2.1104069,5.679047,9.360131,-0.158017,10.949366,90.826904,58.753670
2.1206923,5.832275,9.064447,0.254982,10.781682,88.644852,57.241833
2.1302102,5.877765,8.836999,0.679953,10.634990,86.334267,56.370876
2.1402099,5.756858,8.665813,0.995988,10.451303,84.531532,56.403187
2.1499774,5.495890,8.677784,1.211466,10.342939,83.273521,57.652744
2.1598420,5.173870,8.789114,1.319205,10.283859,82.629837,59.516041
2.1701903,4.872200,8.937555,1.243788,10.255011,83.033684,61.403522
2.1799612,4.697424,9.069236,1.046266,10.267011,84.151085,62.618038
2.1900873,4.685453,9.103952,0.912191,10.279470,84.908928,62.766869
2.1999829,4.839879,9.077616,0.985214,10.334320,84.529442,61.934967
2.2099831,5.051765,8.966286,1.258153,10.368103,83.030067,60.602314
2.2201493,5.251681,8.817844,1.863886,10.431136,79.706833,59.223061
2.2299874,5.359420,8.658630,1.863886,10.352262,79.627548,58.243793
2.2400813,5.220557,8.469488,2.152387,10.179353,77.792870,58.350494
2.2502789,5.076905,8.445546,2.151190,10.086121,77.685234,58.988495
2.2599907,4.897339,8.383297,2.112883,9.936191,77.722588,59.707458
2.2699130,4.721366,8.317456,2.108095,9.793643,77.569725,60.418789
2.2802494,4.588488,8.281544,2.064999,9.690326,77.695976,61.010834
2.2901123,4.428076,8.293514,1.948880,9.601478,78.288895,61.901333
2.3002036,4.236540,8.374918,1.817199,9.559798,79.042107,63.166954
2.3099484,4.037821,8.516175,1.740585,9.584304,79.536575,64.632706
2.3202276,3.892972,8.700529,1.644817,9.672634,80.209366,65.894310
2.3305955,3.800795,8.930372,1.572991,9.832187,80.794044,66.945236
2.3402779,3.772065,9.151836,1.555034,10.020115,81.072113,67.600266
2.3504138,3.739743,9.366117,1.507150,10.197124,81.500458,68.233955
2.3601184,3.709816,9.558850,1.377863,10.345669,82.346458,68.788635
2.3702815,3.677494,9.750386,1.246182,10.495092,83.180641,69.335335
2.3808494,3.585317,9.886856,1.179144,10.582760,83.602745,70.067596
2.3905075,3.471592,9.921572,1.136049,10.572613,83.831543,70.714882
2.4003210,3.373430,9.858126,1.138443,10.481351,83.764458,71.109161
2.4100738,3.213019,9.703699,1.229423,10.295472,83.141724,71.679634
2.4199059,3.045424,9.493010,1.385046,10.065296,82.090660,72.213394
2.4299061,2.893393,9.278728,1.482011,9.831728,81.330330,72.680916
2.4399483,2.747346,9.091981,1.477222,9.612191,81.159622,73.186630
2.4498613,2.659958,8.977059,1.426944,9.470963,81.334526,73.495117
2.4597938,2.675520,8.905233,1.377863,9.400005,81.571152,73.277443
2.4700377,2.770091,8.841787,1.383849,9.368332,81.505432,72.604469
2.4798851,2.876633,8.809465,1.435324,9.377732,81.195892,71.916122
2.4903061,2.938883,8.763975,1.458069,9.357898,81.036133,71.461807
2.5007703,2.984372,8.740033,1.404199,9.341650,81.354759,71.147011
2.5102448,2.925714,8.687361,1.383849,9.270658,81.415268,71.387596
2.5200431,2.835932,8.687361,1.418565,9.247976,81.176460,71.921066
2.5300312,2.724602,8.768764,1.426944,9.292515,81.166801,72.739105
2.5398884,2.604892,8.899248,1.381454,9.374993,81.526314,73.684761
2.5501745,2.528277,9.072827,1.235408,9.499189,82.527283,74.428719
2.5599084,2.477999,9.214086,1.109712,9.605796,83.366074,74.947266
2.5698004,2.442086,9.306262,1.077391,9.681480,83.610680,75.296349
2.5797334,2.438494,9.379285,1.108515,9.754284,83.474586,75.426468
2.5897183,2.487576,9.446322,1.132457,9.833794,83.387161,75.246788
2.5997813,2.525883,9.525331,1.177947,9.924695,83.183578,75.148392
2.6097133,2.557007,9.560047,1.241394,9.973658,82.850006,75.025726
2.6196532,2.566584,9.589975,1.327585,10.015861,82.383125,75.016960
2.6297636,2.573767,9.619903,1.418565,10.058784,81.892693,75.021553
2.6397393,2.568978,9.642648,1.442507,10.082714,81.774628,75.081863
2.6497295,2.545036,9.667787,1.435324,10.099676,81.829697,75.251549
2.6597149,2.512715,9.697714,1.351527,10.108709,82.316589,75.473892
2.6699045,2.445677,9.695320,1.242591,10.075941,82.916107,75.842308
2.6801755,2.389413,9.689334,1.127669,10.043114,83.553078,76.147118
2.6902099,2.336741,9.667787,1.013944,9.997726,84.179199,76.411995
2.7005558,2.244564,9.591172,1.195904,9.922643,83.077728,76.828461
2.7101691,2.244564,9.526528,1.405396,9.887768,81.828598,76.742226
2.7200272,2.183512,9.277532,1.335965,9.624194,82.020828,76.756180
2.7300198,2.214637,9.197326,1.164779,9.531638,82.980835,76.461403
2.7400055,2.387019,9.265560,1.255759,9.650149,82.522987,75.553436
2.7503111,2.687491,9.355343,1.359907,9.828244,82.046623,73.972328
2.7600462,2.943671,9.418790,1.430536,9.971220,81.751518,72.644318
2.7701383,3.060987,9.421184,1.541866,10.025252,81.152893,72.000778
2.7801723,3.149572,9.392453,1.479617,10.016349,81.505173,71.462143
2.7902751,3.196259,9.488221,1.249773,10.089814,82.884796,71.383080
2.8000448,2.851494,9.685743,0.946907,10.141068,84.642288,73.595505
2.8098941,2.160767,9.929952,1.119289,10.223780,83.714714,77.723755
2.8203297,1.710657,9.914390,1.545457,10.178895,81.267029,80.210411
2.8300457,1.812411,9.817424,1.569399,10.105922,81.066093,79.540298
2.8401561,2.273294,9.800665,1.423353,10.161045,81.947563,76.941002
2.8501122,2.756923,9.810242,1.473631,10.296264,81.771408,74.303307
2.8599329,3.041833,9.804255,1.614889,10.391537,81.059761,72.763161
2.8699501,3.064578,9.756371,1.691504,10.365308,80.607956,72.561951
2.8798547,2.898181,9.664195,1.686715,10.229424,80.509239,73.306618
2.8900802,2.724602,9.572019,1.675941,10.092362,80.441162,74.111404
2.9000087,2.619257,9.465476,1.671153,9.962354,80.343163,74.532333
2.9099021,2.603694,9.339781,1.701080,9.844004,80.049126,74.422874
2.9203203,2.649184,9.261970,1.748964,9.790870,79.709900,74.037979
2.9304333,2.730587,9.206903,1.811214,9.772597,79.319283,73.480675
2.9403970,2.789245,9.167398,1.823185,9.754234,79.227364,73.077255
2.9500902,2.853889,9.161413,1.751359,9.754149,79.656448,72.697571
2.9599082,2.940080,9.176975,1.677138,9.781295,80.127060,72.235802
2.9698575,3.023877,9.206903,1.577779,9.818364,80.752663,71.817963
2.9799910,3.065775,9.222465,1.507150,9.834853,81.184929,71.611916
2.9901080,3.060987,9.194932,1.482011,9.803712,81.305359,71.587433
2.9999816,3.021482,9.160215,1.470040,9.757045,81.334564,71.744942
3.0098977,2.942474,9.142260,1.467646,9.715609,81.311607,72.159012
3.0198226,2.857480,9.157822,1.467646,9.704889,81.301933,72.670715
3.0302100,2.802413,9.194932,1.443704,9.720318,81.458580,73.049934
3.0402792,2.783259,9.244013,1.404199,9.755516,81.724159,73.243591
3.0502048,2.776077,9.333796,1.386243,9.836057,81.898056,73.436363
3.0600491,2.504335,9.855731,1.377863,10.261853,82.283569,75.742912
3.0700219,1.953669,10.305841,1.297657,10.569347,82.947685,79.265869
3.0798755,2.488773,9.708488,0.940921,10.066482,84.636696,75.621834
3.0901649,2.756923,9.129091,1.076194,9.596829,83.561279,73.196045
3.1000378,2.838326,8.687361,1.616086,9.281059,79.972122,71.906799
3.1098521,2.726996,8.513782,1.958457,9.151860,77.643394,72.239548
3.1197641,2.608483,8.565256,1.951274,9.163802,77.705719,73.062286
3.1297643,2.558204,8.716091,1.813608,9.263036,78.709137,73.642845
3.1397948,2.554613,8.920795,1.662773,9.427166,79.840965,74.020088
3.1497598,2.519897,9.109938,1.526304,9.574469,80.827118,74.538040
3.1597428,2.467225,9.324219,1.392228,9.745078,81.786346,75.178978
3.1697996,2.566584,9.494206,1.308431,9.921659,82.421974,74.872719
3.1798820,2.645593,9.483433,1.590947,9.973252,80.820885,74.412491
3.1899285,2.564190,9.446322,1.668759,9.929393,80.324814,74.813103
3.1998277,2.498349,9.484630,1.629254,9.942556,80.568596,75.242912
3.2098544,2.537854,9.615114,1.550246,10.064511,81.139404,75.214310
3.2197599,2.614468,9.767146,1.496376,10.221141,81.581635,75.014397
3.2297471,2.723404,9.841366,1.452083,10.313969,81.906548,74.531616
3.2397683,2.928109,9.798270,1.468843,10.331380,81.826393,73.361786
3.2498839,3.086126,9.654618,1.577779,10.257935,81.152176,72.273376
3.2598891,3.104083,9.390059,1.770512,10.047052,79.850220,71.707603
3.2697828,2.964022,9.139865,1.932121,9.800798,78.630287,72.032326
3.2802463,2.747346,9.102755,1.981202,9.712528,78.229958,73.205406
3.2901258,2.580950,9.330204,1.854309,9.856595,79.156395,74.537331
3.3001540,2.615665,9.618706,1.663970,10.105939,80.522942,74.787125
3.3099716,2.806004,9.774328,1.392228,10.263988,82.204254,73.982338
3.3199136,2.972401,9.672575,1.241394,10.194848,83.005920,72.917702
3.3298249,2.942474,9.399636,1.346738,9.941077,82.214081,72.617729
3.3402262,2.724602,9.139865,1.693898,9.686583,79.928879,73.400635
3.3500586,2.525883,8.990228,1.772906,9.505129,79.250175,74.306831
3.3603952,2.489970,8.983045,1.583764,9.455335,80.357529,74.507401
3.3700686,2.584541,9.094376,1.454478,9.565721,81.254196,74.135323
3.3799405,2.589329,9.143456,1.499967,9.620672,81.030373,74.188446
3.3902974,2.596512,9.166202,1.388637,9.627536,81.706963,74.184151
3.4000614,2.590526,9.227253,1.426944,9.689644,81.531548,74.318054
3.4101255,2.604892,9.220071,1.408988,9.684029,81.633995,74.223740
3.4201055,2.640805,9.272743,1.476025,9.753782,81.296074,74.103462
3.4299824,2.657564,9.421184,1.486799,9.901107,81.363518,74.247093
3.4399722,2.749741,9.567230,1.420959,10.055450,81.876213,73.964691
3.4498522,2.862268,9.600749,1.425747,10.119275,81.900406,73.399117
3.4600360,2.954445,9.512163,1.471237,10.068492,81.597694,72.745384
3.4701052,2.972401,9.415198,1.539472,9.992552,81.137604,72.478966
3.4804313,2.954445,9.408015,1.619677,9.993140,80.672417,72.565895
3.4902873,2.950854,9.340978,1.651999,9.934309,80.427689,72.468460
3.5000949,2.889802,9.346964,1.705869,9.931096,80.109230,72.819954
3.5101616,2.817975,9.460688,1.704672,10.017560,80.202393,73.413231
3.5200119,2.879028,9.478644,1.660379,10.044419,80.485123,73.104454
3.5302687,2.953248,9.295488,1.764527,9.911676,79.745255,72.374550
3.5400131,2.880225,9.120711,1.970428,9.765534,78.359299,72.474434
3.5499206,2.797625,9.131485,2.014721,9.760626,78.087769,72.966438
3.5599535,2.837129,9.200917,1.970428,9.827958,78.434265,72.862701
3.5700390,2.942474,9.163807,2.633622,9.978451,74.696564,72.198311
3.5798817,2.302025,9.355343,1.616086,9.769007,80.477791,76.176132
