Keuwl Accelerometer Data File
2019-06-26 17-15-28

Time (s), X (m/s2), Y (m/s2), Z (m/s2), R (m/s2), Theta (deg), Phi (deg)
0.0000000,2.377442,9.453506,1.665167,9.889073,80.306091,75.883545
0.0099320,2.243367,9.391256,1.742979,9.811543,79.767342,76.565056
0.0199170,2.212242,9.388862,1.698686,9.794400,80.012436,76.741562
0.0299160,2.023100,9.193734,1.583764,9.545994,80.449966,77.589737
0.0400620,1.839944,8.949526,1.574188,9.271325,80.224335,78.382370
0.0499830,1.796848,8.767567,1.642422,9.099255,79.601074,78.418030
0.0604500,2.021903,8.854955,1.695095,9.239679,79.428741,77.137833
0.0699400,2.313996,9.228451,1.735796,9.671187,79.660461,75.923546
0.0800550,2.450465,9.633071,1.668759,10.078968,80.469742,75.727783
0.0901580,2.437297,9.827001,1.629254,10.254991,80.858437,76.070557
0.1000800,2.303222,9.695320,1.704672,10.109895,80.292747,76.636520
0.1100550,2.157176,9.410410,1.842338,9.828705,79.196304,77.088982
0.1199470,2.080561,9.271546,1.940500,9.698239,78.457901,77.352188
0.1300090,2.019509,9.352949,1.964442,9.768065,78.398201,77.815628
0.1403130,2.024297,9.572019,2.035071,9.993139,78.249702,78.058990
0.1500060,2.207454,9.921572,2.134431,10.385867,78.140465,77.456551
0.1608780,2.300828,10.002975,2.205060,10.498362,77.875397,77.046455
0.1701460,2.258929,9.771935,2.272097,10.283769,77.235741,76.983856
0.1805200,2.257732,9.682152,2.376245,10.221935,76.557739,76.874039
0.1901100,2.224213,9.877279,2.300828,10.382754,77.196922,77.309540
0.2000980,1.812411,9.653421,2.120066,10.048286,77.819756,79.366615
0.2104870,1.698686,9.727641,1.801637,10.037849,79.660278,80.094620
0.2200250,1.827973,9.788693,1.648408,10.093426,80.600639,79.422234
0.2300180,1.963245,9.694122,1.647211,10.027145,80.544868,78.551353
0.2402660,2.117671,9.532514,1.807622,9.930803,79.512459,77.474998
0.2501000,2.163161,9.361329,1.900996,9.794260,78.808266,76.988792
0.2600770,2.109292,9.261970,1.976413,9.702546,78.246559,77.170448
0.2700670,2.024297,9.255983,2.044648,9.692863,77.822342,77.663567
0.2804510,1.942895,9.265560,2.025495,9.681326,77.923553,78.157234
0.2904570,1.881842,9.255983,1.960851,9.646735,78.272003,78.507782
0.3001830,1.832761,9.297882,1.934515,9.672227,78.462624,78.849037
0.3111370,1.832761,9.385271,1.898602,9.749207,78.770218,78.950302
0.3206040,1.890222,9.494206,1.833959,9.852731,79.272568,78.740089
0.3303280,1.941698,9.543288,1.789666,9.901891,79.587143,78.499458
0.3405380,1.953669,9.551667,1.744176,9.904207,79.857056,78.440338
0.3500570,1.948880,9.497798,1.771709,9.856229,79.644493,78.404274
0.3604120,1.977611,9.458294,1.816002,9.831995,79.356163,78.190308
0.3701980,1.970428,9.398438,1.849521,9.779262,79.098167,78.159164
0.3804410,1.951274,9.357738,1.887828,9.743645,78.828308,78.221466
0.3902000,1.927332,9.356541,1.883040,9.736801,78.849075,78.360573
0.4007710,1.964442,9.412804,1.842338,9.790512,79.153648,78.211632
0.4104780,1.962048,9.485827,1.787272,9.850121,79.545967,78.313736
0.4208350,1.872266,9.344569,1.872266,9.712453,78.885544,78.670311
0.4302010,1.898602,9.218874,1.908179,9.603827,78.539665,78.362801
0.4406720,1.936909,9.202114,1.885434,9.590901,78.662628,78.113594
0.4500840,1.916559,9.241618,1.936909,9.634953,78.402840,78.283882
0.4601300,1.920150,9.278728,1.956063,9.675120,78.335854,78.308189
0.4701720,1.977611,9.320627,1.923741,9.720382,78.585350,78.020882
0.4805860,2.036268,9.337387,1.948880,9.753529,78.473984,77.697723
0.4902140,2.091335,9.363723,1.991976,9.799028,78.270996,77.409935
0.5005730,2.139219,9.388862,2.024297,9.839957,78.128220,77.164474
0.5103340,2.177526,9.440337,2.021903,9.896953,78.211739,77.011223
0.5202350,2.187103,9.503783,2.025495,9.960319,78.266701,77.040176
0.5299460,2.185906,9.567230,2.043451,10.024259,78.237778,77.130058
0.5401200,2.178724,9.623494,2.041057,10.075932,78.312859,77.243492
0.5508810,2.152387,9.628283,2.054225,10.077521,78.238266,77.398804
0.5604100,2.097321,9.600749,2.084153,10.045737,78.026085,77.677109
0.5702580,2.060210,9.551667,2.103306,9.995134,77.852272,77.828270
0.5805130,2.009932,9.513360,2.108095,9.949266,77.767189,78.070290
0.5901020,1.953669,9.494206,2.074576,9.912650,77.919502,78.372276
0.6003370,1.906982,9.508572,2.051831,9.912594,78.053848,78.659554
0.6099340,1.855506,9.526528,1.995567,9.908579,78.381287,78.978348
0.6203100,1.839944,9.574412,1.944092,9.941542,78.723007,79.121910
0.6300240,1.835156,9.588778,1.957260,9.957074,78.663559,79.165421
0.6403300,1.867477,9.551667,1.974019,9.930688,78.534393,78.937462
0.6499790,1.887828,9.491813,1.985990,9.879401,78.403191,78.751228
0.6599320,1.885434,9.443929,2.013524,9.838543,78.190598,78.709625
0.6702710,1.860295,9.434352,2.001553,9.822113,78.241898,78.845337
0.6800790,1.826776,9.469068,1.997961,9.848462,78.295135,79.080627
0.6908519,1.760935,9.476251,2.001553,9.844106,78.268539,79.473022
0.7005880,1.748964,9.323022,2.053028,9.705284,77.787552,79.375015
0.7101910,1.763330,9.261970,2.088941,9.656971,77.507355,79.220810
0.7202260,1.816002,9.277532,2.068590,9.677269,77.657349,78.924843
0.7300680,1.856703,9.361329,2.029086,9.756998,77.997047,78.781685
0.7401740,1.856703,9.421184,2.030283,9.814688,78.061501,78.851166
0.7502019,1.885434,9.427169,2.031480,9.826153,78.068497,78.690071
0.7601660,1.923741,9.385271,2.063802,9.800172,77.843170,78.416275
0.7705300,1.956063,9.339781,2.097321,9.770182,77.604095,78.171310
0.7802210,1.960851,9.343372,2.123657,9.780259,77.459061,78.147606
0.7902130,1.957260,9.364920,2.116474,9.798573,77.525902,78.195160
0.8001940,1.929727,9.391256,2.092532,9.813167,77.687874,78.388420
0.8102250,1.906982,9.409213,2.082955,9.823878,77.758667,78.542953
0.8203650,1.922544,9.412804,2.079364,9.829588,77.787308,78.456245
0.8305190,1.956063,9.408015,2.092532,9.834410,77.714882,78.254715
0.8402990,1.993173,9.412804,2.094927,9.846946,77.716507,78.044151
0.8500739,2.044648,9.414001,2.088941,9.857368,77.765297,77.746117
0.8601040,2.075773,9.434352,2.068590,9.879013,77.913254,77.591331
0.8712370,2.084153,9.443929,2.066196,9.889421,77.940346,77.555038
0.8804370,2.092532,9.439140,2.063802,9.886118,77.950447,77.500435
0.8900890,2.121263,9.451111,2.072181,9.905412,77.924706,77.349838
0.9001680,2.167950,9.469068,2.090138,9.936394,77.857033,77.104347
0.9100710,2.203863,9.489418,2.104503,9.966695,77.810036,76.925171
0.9202099,2.225410,9.515755,2.138022,10.003658,77.659317,76.837044
0.9300629,2.240973,9.545682,2.129642,10.033812,77.745956,76.788322
0.9402609,2.223016,9.537302,2.145205,10.025160,77.644180,76.879387
0.9501029,2.221819,9.508572,2.161964,10.001175,77.515762,76.847961
0.9601589,2.211045,9.473856,2.170344,9.967601,77.423683,76.863228
0.9700780,2.200271,9.453506,2.171541,9.946133,77.389023,76.897865
0.9804850,2.185906,9.433155,2.170344,9.923356,77.366684,76.953354
0.9903040,2.157176,9.430760,2.154782,9.911394,77.443367,77.115913
1.0004560,2.105700,9.423578,2.104503,9.882648,77.704750,77.404160
1.0101579,2.045845,9.421184,2.074576,9.861443,77.855820,77.748222
1.0202869,1.995567,9.411607,2.039860,9.834717,78.029144,78.028725
1.0300510,1.988384,9.393650,2.029086,9.813844,78.067596,78.048431
1.0400130,2.012326,9.355343,2.050634,9.786572,77.904869,77.860687
1.0500790,2.049437,9.340978,2.060210,9.782562,77.842468,77.625221
1.0604630,2.075773,9.326612,2.080561,9.778715,77.715607,77.452507
1.0703450,2.092532,9.362526,2.090138,9.818567,77.709045,77.401398
1.0802510,2.097321,9.382876,2.079364,9.836711,77.796288,77.400002
1.0901660,2.076970,9.379285,2.055422,9.823928,77.922997,77.513786
1.1003630,2.035071,9.370906,2.035071,9.802903,78.018326,77.747383
1.1102210,1.995567,9.360131,2.027889,9.782979,78.036560,77.964806
1.1200960,1.985990,9.354146,2.020706,9.773815,78.068222,78.013451
1.1301659,2.007538,9.366117,2.013524,9.788189,78.128960,77.902245
1.1401650,2.057816,9.387665,2.015918,9.819714,78.153351,77.636078
1.1501000,2.098518,9.404425,2.063802,9.854251,77.910896,77.421005
1.1601570,2.158373,9.433155,2.117671,9.905933,77.656151,77.112167
1.1702989,2.220622,9.448717,2.159570,9.943498,77.456299,76.774452
1.1805660,2.256535,9.449914,2.227805,9.967745,77.085228,76.569893
1.1900810,2.256535,9.424775,2.227805,9.943915,77.053749,76.535378
1.2001489,2.251747,9.313444,2.256535,9.843909,76.748161,76.408211
1.2102250,2.224213,9.281123,2.239776,9.803212,76.792778,76.523277
1.2201030,2.202666,9.288305,2.207454,9.797816,76.979446,76.659096
1.2301190,2.189497,9.340978,2.182315,9.839220,77.185364,76.808189
1.2408290,2.173935,9.391256,2.178724,9.882739,77.264099,76.966454
1.2503320,2.149993,9.404425,2.112883,9.875725,77.646233,77.122620
1.2600980,2.117671,9.410410,2.076970,9.866821,77.848320,77.317711
1.2701390,2.072181,9.411607,2.055422,9.853783,77.960136,77.583130
1.2805279,2.041057,9.440337,2.054225,9.874498,77.992874,77.800095
1.2901940,2.043451,9.489418,2.039860,9.918961,78.132294,77.847504
1.3005220,2.102109,9.550470,2.045845,9.990788,78.183777,77.586823
1.3106350,2.141613,9.550470,2.094927,10.009332,77.918823,77.360977
1.3207029,2.157176,9.526528,2.202666,10.012986,77.292091,77.241173
1.3308170,2.208651,9.546879,2.217031,10.046704,77.251465,76.973907
1.3409389,2.284068,9.578004,2.184709,10.086034,77.490158,76.587173
1.3505560,2.284068,9.560047,2.148796,10.061252,77.668266,76.562889
1.3604000,2.255338,9.473856,2.194286,9.982754,77.302261,76.609459
1.3701990,2.229002,9.362526,2.231396,9.879497,76.946472,76.608490
1.3803499,2.188300,9.302670,2.212242,9.809299,76.966248,76.762764
1.3901910,2.142811,9.305065,2.158373,9.789507,77.262878,77.031769
1.4003810,2.072181,9.355343,2.121263,9.814078,77.517296,77.510788
1.4101720,2.018312,9.381680,2.050634,9.812981,77.937912,77.858818
1.4202631,1.982399,9.379285,2.009932,9.794933,78.158722,78.065651
1.4303290,1.969231,9.379285,1.990779,9.788363,78.265190,78.142670
1.4402399,1.994370,9.386468,1.987187,9.799603,78.300285,78.004585
1.4500500,2.033874,9.374496,1.965640,9.791913,78.419701,77.758919
1.4600919,2.063802,9.343372,1.985990,9.772514,78.274559,77.544281
1.4702169,2.104503,9.309854,2.020706,9.756309,78.046494,77.262306
1.4805269,2.128445,9.306262,2.036268,9.761311,77.959328,77.117393
1.4902370,2.129642,9.337387,2.032677,9.790504,78.017250,77.151924
1.5002890,2.117671,9.350554,2.027889,9.799477,78.056999,77.239174
1.5100650,2.111686,9.355343,2.012326,9.799547,78.150078,77.280365
1.5204349,2.090138,9.337387,1.991976,9.773609,78.240051,77.382553
1.5303330,2.066196,9.311050,2.003947,9.745801,78.134109,77.488350
1.5403249,2.057816,9.318233,1.996764,9.749418,78.181709,77.546814
1.5501610,2.054225,9.331401,2.021903,9.766421,78.051872,77.584869
1.5604540,2.096124,9.305065,2.057816,9.757693,77.825386,77.305061
1.5702610,2.155979,9.315839,2.049437,9.779227,77.902824,76.969360
1.5803220,2.175132,9.314642,2.082955,9.789406,77.714890,76.855965
1.5905300,2.188300,9.308656,2.126051,9.795909,77.465080,76.770981
1.6006830,2.205060,9.321824,2.129642,9.812954,77.465729,76.691422
1.6101340,2.197877,9.314642,2.129642,9.804520,77.454765,76.723366
1.6213070,2.167950,9.334992,2.091335,9.808964,77.689667,76.925453
1.6306599,2.130840,9.360131,2.079364,9.822234,77.778023,77.175148
1.6405890,2.090138,9.372103,2.045845,9.817865,77.972572,77.427803
1.6506490,2.051831,9.368511,2.009932,9.798921,78.163612,77.646507
1.6601350,2.044648,9.358934,2.006341,9.787525,78.171112,77.676216
1.6702089,2.060210,9.367314,2.031480,9.803976,78.041107,77.596077
1.6803079,2.079364,9.394848,2.060210,9.840294,77.914871,77.519905
1.6902840,2.042254,9.449914,2.130840,9.900108,77.570747,77.805153
1.7002490,2.013524,9.491813,2.145205,9.937338,77.533241,78.023239
1.7105010,2.002750,9.551667,2.133234,9.989797,77.670036,78.158035
1.7202549,1.995567,9.597157,2.142811,10.033910,77.669121,78.253693
1.7309159,1.993173,9.640253,2.173935,10.081329,77.546936,78.318398
1.7406640,2.002750,9.649830,2.181118,10.093934,77.520981,78.275146
1.7502620,2.027889,9.615114,2.213439,10.072839,77.306038,78.090492
1.7605259,2.051831,9.543288,2.234987,10.013967,77.103706,77.865982
1.7700939,2.066196,9.497798,2.219425,9.970115,77.137756,77.726830
1.7803650,2.056619,9.472659,2.200271,9.939927,77.211258,77.750557
1.7902219,2.021903,9.458294,2.169147,9.912246,77.359383,77.933472
1.8001250,2.005144,9.429564,2.132037,9.873341,77.529396,77.995186
1.8099370,1.983596,9.392453,2.124854,9.831981,77.518959,78.074913
1.8200220,1.959654,9.349358,2.114080,9.783663,77.520943,78.162003
1.8299680,1.914164,9.333796,2.099715,9.756668,77.572258,78.410538
1.8399509,1.896208,9.309854,2.084153,9.726904,77.627487,78.487610
1.8500429,1.866280,9.311050,2.032677,9.711356,77.918121,78.665985
1.8601799,1.855506,9.325416,1.993173,9.714887,78.160728,78.746658
1.8700160,1.826776,9.336189,1.939303,9.708884,78.477936,78.929031
1.8802310,1.782483,9.326612,1.918953,9.687380,78.574837,79.180222
1.8903229,1.729811,9.338584,1.909376,9.687472,78.632721,79.505898
1.9003199,1.708263,9.349358,1.908179,9.693802,78.647461,79.645454
1.9100800,1.690306,9.345766,1.878251,9.681338,78.813255,79.748123
1.9202740,1.679533,9.325416,1.900996,9.664264,78.655739,79.790329
1.9302139,1.674744,9.303867,1.927332,9.647866,78.476624,79.795738
1.9405628,1.715446,9.307459,1.892616,9.651608,78.691399,79.557083
1.9500279,1.793257,9.348161,1.843535,9.695489,79.038834,79.140869
1.9605460,1.854309,9.398438,1.847127,9.756074,79.086258,78.838905
1.9700879,1.902193,9.396045,1.885434,9.770305,78.873489,78.555367
1.9801780,1.944092,9.363723,1.968034,9.763808,78.371559,78.270912
1.9900309,1.981202,9.327810,2.057816,9.755400,77.822479,78.008728
2.0002890,2.025495,9.313444,2.100912,9.759954,77.569313,77.730331
2.0102608,2.062605,9.360131,2.126051,9.817662,77.493301,77.572876
2.0204451,2.073379,9.427169,2.138022,9.886433,77.510643,77.596054
2.0300798,2.092532,9.508572,2.128445,9.966038,77.668365,77.588867
2.0404570,2.112883,9.580399,2.106898,10.034307,77.879440,77.562950
2.0502141,2.158373,9.640253,2.126051,10.105105,77.854568,77.380074
2.0605731,2.199074,9.658210,2.154782,10.137062,77.727310,77.173019
2.0701540,2.244564,9.629479,2.188300,10.126875,77.520607,76.879036
2.0802388,2.270900,9.572019,2.227805,10.086805,77.240257,76.653687
2.0902200,2.257732,9.537302,2.221819,10.049575,77.227180,76.681740
2.1000650,2.234987,9.531317,2.221819,10.038807,77.213249,76.803207
2.1105089,2.217031,9.539697,2.202666,10.038565,77.325012,76.916672
2.1204109,2.193089,9.549273,2.157176,10.032531,77.583412,77.065727
2.1302068,2.154782,9.567230,2.108095,10.030904,77.868271,77.307335
2.1406529,2.099715,9.572019,2.069787,10.015806,78.073769,77.627579
2.1501520,2.050634,9.593566,2.017115,10.015506,78.381210,77.934540
2.1605818,2.011129,9.586384,1.920150,9.981502,78.908821,78.151733
2.1701608,1.962048,9.576807,1.920150,9.962522,78.887428,78.421745
2.1803908,1.942895,9.512163,1.886631,9.890170,79.002968,78.455917
2.1909139,1.959654,9.509769,1.892616,9.892318,78.970062,78.356194
2.2005079,2.008735,9.507375,1.896208,9.900545,78.958168,78.069901
2.2101009,2.045845,9.502586,1.900996,9.904465,78.934372,77.850044
2.2202749,2.069787,9.501390,1.905785,9.909209,78.911522,77.710655
2.2300868,2.075773,9.496601,1.917756,9.908181,78.839806,77.670174
2.2408597,2.070984,9.487024,1.921347,9.898696,78.807785,77.685707
2.2500420,2.067393,9.464279,1.930924,9.878015,78.727417,77.677773
2.2603688,2.061408,9.441534,1.935712,9.855909,78.673416,77.683662
2.2704928,2.053028,9.428367,1.920150,9.838495,78.745522,77.715599
2.2804329,2.013524,9.428367,1.902193,9.826837,78.838722,77.944992
2.2907820,1.981202,9.440337,1.863886,9.824418,79.063568,78.147598
2.3009038,1.957260,9.443929,1.820790,9.814985,79.309059,78.291176
2.3101039,1.947683,9.453506,1.825579,9.823186,79.289665,78.358383
2.3211639,1.942895,9.482236,1.853112,9.855032,79.161743,78.420464
2.3300841,1.932121,9.475053,1.878251,9.850763,79.008080,78.474457
2.3409479,1.933318,9.437943,1.929727,9.825291,78.673248,78.423386
2.3506169,1.958457,9.428367,1.966837,9.828433,78.456200,78.265411
2.3604128,1.977611,9.433155,2.000355,9.843616,78.275063,78.159721
2.3706958,2.011129,9.437943,2.013524,9.857672,78.213844,77.970772
2.3810999,2.031480,9.455899,2.009932,9.878298,78.260078,77.875031
2.3909519,2.062605,9.466674,2.027889,9.898717,78.178474,77.708458
2.4004250,2.076970,9.454702,2.038663,9.892489,78.107162,77.610298
2.4100599,2.064999,9.424775,2.070984,9.868110,77.885475,77.641602
2.4208419,2.079364,9.405622,2.094927,9.857900,77.730370,77.533752
2.4300480,2.075773,9.372103,2.152387,9.837577,77.361885,77.511497
2.4404159,2.078167,9.299079,2.159570,9.770127,77.229988,77.402481
2.4500458,2.088941,9.236830,2.144008,9.709762,77.243416,77.256729
2.4603100,2.112883,9.210494,2.124854,9.685684,77.327324,77.079918
2.4701061,2.132037,9.277532,2.067393,9.741267,77.746910,77.057770
2.4803469,2.129642,9.370906,2.044648,9.824960,77.988525,77.196365
2.4911931,2.139219,9.439140,2.031480,9.889416,78.145935,77.230598
2.5003431,2.149993,9.454702,2.036268,9.907586,78.139694,77.188835
2.5101490,2.154782,9.419987,2.085350,9.885743,77.822250,77.115509
2.5202539,2.172738,9.388862,2.142811,9.872343,77.464066,76.970177
2.5306790,2.237381,9.393650,2.121263,9.886672,77.610413,76.602898
2.5401988,2.290054,9.408015,2.078167,9.903226,77.886589,76.319389
2.5507109,2.298434,9.387665,2.062605,9.882580,77.953163,76.242592
2.5601819,2.285265,9.361329,2.062605,9.854505,77.918327,76.281403
2.5702889,2.234987,9.346964,2.038663,9.824308,78.023407,76.552292
2.5801971,2.175132,9.323022,2.006341,9.781378,78.163567,76.867371
2.5900719,2.130840,9.291897,1.953669,9.731220,78.418419,77.084114
2.6004589,2.105700,9.293094,1.916559,9.719504,78.627495,77.233063
2.6100769,2.094927,9.305065,1.875857,9.720689,78.873505,77.312073
2.6201758,2.109292,9.364920,1.851915,9.776524,79.080788,77.306892
2.6302669,2.153584,9.405622,1.866280,9.827850,79.053223,77.103416
2.6405339,2.223016,9.439140,1.903390,9.882412,78.895218,76.747734
2.6508889,2.420538,9.465476,2.002750,9.973227,78.415520,75.655571
2.6601720,2.420538,9.510966,2.002750,10.016411,78.466148,75.721367
2.6700017,2.510320,9.513360,2.057816,10.051883,78.186920,75.218117
2.6803818,2.564190,9.475053,2.109292,10.039961,77.872398,74.857033
2.6902678,2.543839,9.421184,2.110489,9.984186,77.796577,74.889748
2.7006850,2.511518,9.349358,2.129642,9.912294,77.593353,74.963615
2.7101450,2.482787,9.263166,2.126051,9.822962,77.500160,74.995789
2.7205429,2.432509,9.206903,2.099715,9.751562,77.565643,75.200348
2.7303400,2.364274,9.196129,2.054225,9.714855,77.792549,75.581825
2.7404211,2.291251,9.214086,1.996764,9.702385,78.123589,76.035591
2.7501371,2.257732,9.230844,1.918953,9.694752,78.583641,76.256096
2.7607238,2.282871,9.247604,1.896208,9.712121,78.741173,76.133163
2.7701199,2.312799,9.252393,1.891419,9.722822,78.782501,75.965500
2.7811329,2.363077,9.261970,1.904588,9.746572,78.731270,75.687042
2.7901571,2.385822,9.269152,1.910573,9.760103,78.711266,75.565742
2.8004580,2.393005,9.271546,1.904588,9.762965,78.750435,75.527695
2.8103139,2.410961,9.263166,1.902193,9.758962,78.760094,75.411079
2.8204570,2.415750,9.276335,1.885434,9.769396,78.872444,75.403206
2.8301768,2.414552,9.269152,1.857901,9.756999,79.022865,75.399307
2.8401799,2.433706,9.284714,1.881842,9.781113,78.907379,75.312088
2.8502588,2.489970,9.325416,1.896208,9.836612,78.885490,75.050270
2.8604641,2.594118,9.387665,1.918953,9.926736,78.853897,74.552788
2.8705678,2.706645,9.448717,1.962048,10.022665,78.710808,74.015305
2.8802738,2.813187,9.481039,2.026692,10.095128,78.418633,73.473473
2.8900411,2.895787,9.457097,2.086547,10.108212,78.087303,72.975281
2.9007940,2.961627,9.459491,2.136825,10.139981,77.834709,72.615425
2.9101901,2.996343,9.466674,2.166753,10.163208,77.690308,72.436646
2.9204381,3.032256,9.475053,2.200271,10.188837,77.528778,72.254013
2.9300637,3.056198,9.445126,2.230199,10.174701,77.338501,72.069763
2.9404500,3.090914,9.373300,2.245761,10.122052,77.181213,71.749649
2.9500809,3.120842,9.276335,2.245761,10.041588,77.076729,71.405487
2.9600518,3.129222,9.226056,2.242170,9.996973,77.039169,71.264496
2.9702001,3.125630,9.178172,2.232593,9.949516,77.032867,71.193703
2.9800858,3.137601,9.121908,2.245761,9.904403,76.894562,71.018661
2.9901030,3.141193,9.119514,2.226608,9.899011,77.001099,70.993866
3.0002580,3.160346,9.156625,2.219425,9.937676,77.095047,70.958237
3.0103590,3.168726,9.200917,2.205060,9.977975,77.232651,70.996681
3.0212069,3.193865,9.203311,2.197877,9.986609,77.286125,70.861465
3.0300858,3.204639,9.149442,2.203863,9.941781,77.192459,70.696930
3.0403349,3.190274,9.075222,2.199074,9.867798,77.123306,70.631554
3.0500538,3.160346,9.012972,2.157176,9.791571,77.272789,70.677078
3.0601420,3.093309,9.036914,2.093729,9.778449,77.636284,71.104080
3.0699787,3.011906,9.103952,1.995567,9.794683,78.244263,71.693977
3.0813098,2.946065,9.162610,1.910573,9.812390,78.772202,72.175781
3.0901670,2.905364,9.145850,1.869871,9.776714,78.973808,72.376503
3.1004908,2.861071,9.083601,1.946486,9.720409,78.448578,72.517082
3.1101270,2.833538,9.051279,2.007538,9.694576,78.048805,72.617073
3.1200719,2.840720,9.080010,1.990779,9.720056,78.181541,72.627480
3.1301630,2.862268,9.132683,1.996764,9.776786,78.215263,72.598518
3.1400969,2.849100,9.163807,1.988384,9.800326,78.294014,72.729118
3.1501110,2.822764,9.161413,1.972822,9.787313,78.371254,72.875175
3.1602528,2.765303,9.136273,1.887828,9.730482,78.813004,73.160355
3.1699629,2.615665,9.103952,1.877054,9.656448,78.791290,73.970062
3.1800308,2.541445,9.097966,1.881842,9.631887,78.733292,74.392715
3.1900918,2.474407,9.124303,1.900996,9.643100,78.630508,74.826965
3.2000167,2.443283,9.165004,1.921347,9.677732,78.548828,75.072777
3.2105708,2.422932,9.218874,1.920150,9.723436,78.610573,75.274384
3.2200980,2.427721,9.245210,1.928530,9.751254,78.593269,75.286751
3.2303369,2.425326,9.263166,1.930924,9.768159,78.598953,75.327896
3.2401888,2.431312,9.273940,1.908179,9.775397,78.743469,75.309601
3.2502599,2.409764,9.266758,1.871069,9.756058,78.943008,75.423424
3.2602229,2.393005,9.271546,1.853112,9.753054,79.047028,75.527695
3.2710960,2.379837,9.300277,1.843535,9.775346,79.129471,75.646645
3.2811167,2.433706,9.385271,1.851915,9.870959,79.186516,75.462753
3.2905540,2.530671,9.466674,1.903390,9.982240,79.007668,75.033417
3.3006551,2.621651,9.459491,2.002750,10.018285,78.468338,74.509552
3.3102970,2.686294,9.337387,2.116474,9.943965,77.711159,73.949883
3.3200510,2.687491,9.228451,2.203863,9.861234,77.086044,73.763489
3.3305199,2.642002,9.150639,2.219425,9.779581,76.882736,73.895348
3.3401778,2.560599,9.154230,2.201468,9.757205,76.960373,74.372765
3.3507650,2.470816,9.200917,2.140416,9.764384,77.337570,74.968414
3.3612139,2.425326,9.284714,2.030283,9.808678,78.054077,75.360481
3.3707578,2.391808,9.384073,1.895011,9.867758,78.928101,75.700935
3.3805759,2.376245,9.470264,1.825579,9.933035,79.409485,75.914345
3.3911269,2.342726,9.536105,1.811214,9.985297,79.549377,76.197540
3.4001410,2.339135,9.555259,1.863886,10.012422,79.271385,76.244469
3.4105389,2.355895,9.548077,1.947683,10.025441,78.797684,76.139679
3.4204998,2.382231,9.603143,2.012326,10.096774,78.503746,76.068001
3.4314528,2.438494,9.707291,2.031480,10.212965,78.526665,75.898933
3.4402559,2.510320,9.753978,2.047042,10.277752,78.511444,75.567352
3.4501460,2.572570,9.725247,2.049437,10.266389,78.484917,75.183212
3.4604640,2.584541,9.716867,2.073379,10.266268,78.348381,75.105057
3.4701178,2.522291,9.761160,2.039860,10.286069,78.561684,75.511642
3.4825809,2.473210,9.788693,2.002750,10.293022,78.780190,75.820412
3.4907508,2.457648,9.738416,1.962048,10.233592,78.946457,75.836227
3.5006850,2.446874,9.695320,1.935712,10.184959,79.043953,75.835655
3.5109348,2.402581,9.652225,1.922544,10.130844,79.060562,76.022293
3.5200939,2.379837,9.628283,1.884237,10.095434,79.243095,76.116386
3.5305519,2.376245,9.549273,1.848324,10.012565,79.362160,76.026306
3.5402319,2.357092,9.483433,1.824382,9.940812,79.424889,76.042061
3.5502529,2.310405,9.495404,1.798046,9.936481,79.574669,76.324638
3.5613949,2.236184,9.520543,1.751359,9.935216,79.846970,76.781967
3.5706170,2.199074,9.472659,1.738190,9.878690,79.865845,76.930313
3.5832298,2.185906,9.367314,1.735796,9.774341,79.770760,76.864822
3.6002197,2.140416,9.252393,1.750161,9.656667,79.558083,76.974525
3.6110508,2.051831,9.182961,1.704672,9.562567,79.731277,77.404778
3.6205690,1.944092,9.052477,1.692701,9.412335,79.639648,77.879372
3.6306307,1.866280,8.889671,1.711854,9.243360,79.327309,78.143623
3.6410208,1.890222,8.777143,1.756147,9.148510,78.932816,77.846550
3.6501210,1.890222,8.767567,1.775301,9.143023,78.803757,77.833672
3.6606667,2.085350,9.035717,1.735796,9.434291,79.397865,77.004272
3.6700931,2.130840,9.127894,1.714248,9.528776,79.635933,76.860039
3.6812890,2.096124,9.149442,1.691504,9.537673,79.784576,77.096298
3.6900799,2.053028,9.162610,1.655591,9.534638,80.000504,77.370575
3.7008979,2.020706,9.221268,1.657985,9.584568,80.038589,77.639839
3.7100959,2.041057,9.312247,1.689109,9.681785,79.952614,77.637413
3.7202339,2.114080,9.433155,1.787272,9.830976,79.525375,77.368073
3.7306759,2.219425,9.589975,1.848324,10.015477,79.365295,76.969345
3.7401960,2.342726,9.679757,1.850718,10.129720,79.472832,76.394707
3.7512288,2.393005,9.647436,1.877054,10.115475,79.306061,76.069191
3.7606778,2.348712,9.515755,1.920150,9.987643,78.915733,76.135178
3.7703197,2.185906,9.416395,1.951274,9.861752,78.587990,76.930931
3.7805638,1.951274,9.441534,1.875857,9.821856,78.989548,78.323120
3.7901509,1.795651,9.540894,1.765724,9.867664,79.691956,79.341286
3.8005340,1.763330,9.756371,1.673547,10.054694,80.418854,79.755173
3.8101349,1.825579,10.014946,1.547851,10.296976,81.354469,79.669243
3.8212731,1.934515,10.180145,1.470040,10.466075,81.925674,79.240471
3.8300741,1.991976,10.115502,1.502362,10.418658,81.709091,78.859680
3.8411148,1.965640,9.872491,1.584962,10.190286,81.052086,78.739510
3.8510120,1.895011,9.568427,1.678335,9.897610,80.237198,78.797630
3.8606629,1.821988,9.366117,1.753753,9.701518,79.585327,78.991753
3.8700159,1.798046,9.352949,1.756147,9.684766,79.552711,79.118011
3.8802869,1.880645,9.471462,1.715446,9.807557,79.926544,78.769470
3.8901579,2.049437,9.648633,1.663970,10.003255,80.424744,78.008202
3.9011819,2.264915,9.728839,1.612495,10.118314,80.830017,76.894730
3.9107268,2.376245,9.635465,1.643619,10.059335,80.596138,76.146469
3.9201820,2.373851,9.404425,1.719037,9.850556,79.949760,75.833412
3.9301538,2.288857,9.179369,1.727417,9.616842,79.652138,75.998924
3.9402499,2.130840,9.056067,1.736993,9.464142,79.424316,76.759476
3.9503527,2.019509,9.050082,1.704672,9.428060,79.583153,77.420647
3.9602890,2.007538,9.127894,1.655591,9.491557,79.954643,77.596169
3.9702349,2.085350,9.232041,1.595735,9.598210,80.429947,77.271538
3.9801519,2.190695,9.337387,1.563414,9.717520,80.741669,76.796333
3.9902687,2.278083,9.445126,1.565808,9.841331,80.845032,76.439743
4.0006762,2.363077,9.513360,1.576582,9.928432,80.863060,76.050308
4.0105577,2.408567,9.539697,1.587356,9.966278,80.835320,75.830185
4.0202069,2.413355,9.503783,1.638831,9.941426,80.511559,75.751686
4.0300841,2.416947,9.455899,1.685518,9.904374,80.201767,75.662064
4.0404887,2.430115,9.418790,1.719037,9.877962,79.977936,75.532791
4.0501528,2.443283,9.402030,1.781286,9.876273,79.609261,75.432892
4.0604339,2.494758,9.423578,1.831564,9.918784,79.358917,75.171921
4.0702300,2.547431,9.502586,1.883040,10.016706,79.164497,74.993134
4.0807920,2.601300,9.548077,1.903390,10.077471,79.112816,74.760078
4.0912337,2.642002,9.550470,1.896208,10.088967,79.166908,74.536652
4.1022167,2.645593,9.484630,1.911770,10.030564,79.012520,74.414368
4.1109338,2.619257,9.428367,1.920150,9.972039,78.898163,74.474388
4.1204901,2.574964,9.366117,1.920150,9.901594,78.818169,74.627831
4.1303349,2.539051,9.342175,1.896208,9.865021,78.917908,74.795212
4.1402221,2.527080,9.320627,1.906982,9.843617,78.829590,74.830223
4.1502218,2.608483,9.326612,1.946486,9.878193,78.635567,74.374664
4.1611352,2.663549,9.281123,2.023100,9.865428,78.166420,73.987282
4.1722827,2.736573,9.204509,2.069787,9.823230,77.836426,73.442375
4.1808848,2.749741,9.130288,2.062605,9.755899,77.794342,73.239433
4.1912289,2.699462,9.111135,1.977611,9.706225,78.243866,73.496407
4.2009091,2.580950,9.197326,1.847127,9.729541,79.056129,74.324844
4.2105689,2.493561,9.329007,1.709460,9.806655,79.961128,75.035187
4.2205901,2.401384,9.430760,1.631648,9.867531,80.482124,75.714188
4.2301331,2.333150,9.458294,1.616086,9.874950,80.580887,76.143059
4.2402139,2.248155,9.431957,1.727417,9.848857,79.898499,76.593414
4.2505078,2.239776,9.414001,1.781286,9.839359,79.569847,76.617027
4.2601867,2.266112,9.467871,1.763330,9.893693,79.733459,76.539619
4.2701497,2.257732,9.548077,1.776498,9.970911,79.736931,76.696236
4.2803907,2.258929,9.635465,1.789666,10.057228,79.749725,76.805908
4.2905788,2.347515,9.665392,1.860295,10.118859,79.406242,76.348434
4.3003216,2.482787,9.660604,1.866280,10.147635,79.402245,75.586838
4.3107567,2.449268,9.603143,1.830367,10.078170,79.536041,75.691833
4.3210940,2.378639,9.558850,1.747767,10.004210,79.938614,76.026245
4.3309169,2.273294,9.564836,1.651999,9.969105,80.461411,76.630447
4.3401232,2.167950,9.612720,1.578976,9.979856,80.896622,77.290756
4.3500547,2.127248,9.658210,1.546654,10.009912,81.111488,77.578766
4.3606119,2.130840,9.676167,1.547851,10.028186,81.120895,77.580818
4.3701639,2.163161,9.716867,1.613692,10.084681,80.792282,77.449516
4.3801808,2.128445,9.752781,1.787272,10.141072,79.849121,77.688812
4.3918939,2.084153,9.771935,1.733402,10.140961,80.158058,77.960381
4.4006419,1.993173,9.715671,1.618480,10.049203,80.731827,78.406609
4.4099946,1.938106,9.668983,1.543063,9.981310,81.106674,78.665512
4.4199619,1.947683,9.621099,1.580173,9.942634,80.855263,78.555779
4.4299707,1.977611,9.595961,1.602918,9.927877,80.708565,78.355072
4.4400468,1.956063,9.594764,1.703475,9.939190,80.131371,78.477142
4.4500208,1.935712,9.623494,1.744176,9.969994,79.924683,78.627029
4.4599657,1.974019,9.701305,1.764527,10.056124,79.894112,78.498489
4.4699497,2.043451,9.777920,1.780089,10.146532,79.895844,78.195862
4.4800100,2.147599,9.865308,1.759738,10.248569,80.112991,77.718773
4.4899125,2.238579,9.879673,1.747767,10.279779,80.211021,77.233246
4.4999657,2.274492,9.842564,1.684321,10.241402,80.534019,76.988083
4.5100260,2.255338,9.763555,1.619677,10.150709,80.818466,76.993073
4.5199957,2.154782,9.651027,1.592144,10.016004,80.853462,77.414017
4.5299516,1.988384,9.470264,1.416170,9.779832,81.674004,78.142372
4.5399489,1.911770,9.279925,1.265336,9.558920,82.393303,78.359276
4.5511279,1.915361,9.167398,1.219846,9.444460,82.578949,78.198853
4.5599737,1.970428,9.127894,1.094150,9.402032,83.317131,77.818550
4.5699549,2.092532,9.131485,0.975637,9.418841,84.054436,77.093185
4.5802860,2.324770,9.130288,0.987608,9.473230,84.015900,75.714798
4.5899448,2.732981,9.087193,1.119289,9.555054,83.272865,73.261292
4.6000786,3.196259,8.996213,1.349133,9.641995,81.956635,70.440414
4.6099367,3.444059,8.835801,1.616086,9.620013,80.328903,68.704933
4.6199908,3.672705,8.692149,1.780089,9.602653,79.317017,67.094421
4.6299720,3.763685,8.544906,1.880645,9.524577,78.612007,66.228455
4.6399970,3.963601,8.447941,1.920150,9.527057,78.372559,64.864990
4.6499867,3.969586,8.425196,1.866280,9.498660,78.668907,64.772224
4.6599770,3.982754,8.468291,1.817199,9.532917,79.010818,64.811752
4.6699018,4.016273,8.512584,1.829170,9.588555,79.002510,64.741859
4.6801329,4.084508,8.525752,1.860295,9.634954,78.867554,64.401901
4.6901479,4.107253,8.467094,1.904588,9.601494,78.558716,64.122711
4.7000937,4.137180,8.396465,1.911770,9.553625,78.456642,63.769207
4.7099590,4.180276,8.395268,1.948880,9.578798,78.260773,63.529797
4.7198849,4.258088,8.445546,1.974019,9.662055,78.211105,63.243607
4.7299871,4.407725,8.543709,1.990779,9.817648,78.300690,62.710655
4.7400656,4.459201,8.616732,1.983596,9.902888,78.445213,62.638214
4.7503099,4.665102,8.637083,1.874660,9.993834,79.188316,61.625420
4.7600579,4.759673,8.556877,1.853112,9.965373,79.283180,60.915459
4.7699785,4.871003,8.470686,1.845930,9.944177,79.302185,60.099274
4.7799668,4.903325,8.419210,1.909376,9.928313,78.912010,59.783596
4.7899170,4.928464,8.394072,2.014721,9.940287,78.306137,59.581257
4.8000240,4.996699,8.404845,2.102109,10.001365,77.866966,59.268425
4.8107529,5.232528,8.451532,2.134431,10.166786,77.881073,58.237450
4.8199458,5.720945,8.734048,2.404976,10.714322,77.028664,56.774544
4.8304558,6.378153,9.367314,2.965219,11.714091,75.337036,55.749264
4.8399506,6.706159,9.852140,2.821567,12.247387,76.680489,55.757648
4.8501997,6.607996,10.169372,1.514333,12.221904,82.882584,56.984432
4.8601127,5.962759,10.134656,0.397437,11.765361,88.064163,59.529427
4.8700190,5.007473,10.067618,0.521936,11.256293,87.342339,63.554981
4.8803806,4.284424,9.742006,1.618480,10.764871,81.352890,66.260651
4.8901448,4.431667,9.120711,1.908179,10.318343,79.342903,64.085320
4.9001937,4.887763,8.276755,0.682347,9.636415,85.939529,59.436413
4.9117270,4.911705,7.417237,-0.393846,8.904794,92.534935,56.487415
4.9201417,4.291606,6.746861,-0.685939,8.025492,94.903053,57.539993
4.9301310,3.216610,6.331466,-0.503979,7.119553,94.059250,63.067810
4.9401546,2.823961,6.274005,-0.009577,6.880261,90.079750,65.767250
4.9501567,2.670732,6.350620,-0.061052,6.889623,90.507729,67.190971
4.9607739,2.425326,6.581660,-0.237026,7.018308,91.935394,69.771278
4.9714127,2.138022,6.874950,-0.342371,7.207864,92.722549,72.724968
4.9802165,1.930924,7.262811,-0.418985,7.526781,93.191071,75.111496
4.9906011,2.811990,8.410830,0.556652,8.885900,86.408386,71.513695
5.0003009,4.217386,9.568427,1.857901,10.620402,79.925011,66.214005
5.0105491,5.015852,10.086772,2.637213,11.569642,76.824028,63.560204
5.0205345,4.787206,10.273520,3.373430,11.825506,73.425171,65.015648
5.0302677,3.784036,10.404003,4.358644,11.897899,68.510094,70.013191
5.0416579,2.175132,10.579977,5.000290,11.902521,65.158882,78.382462
5.0501037,0.451307,11.064803,4.953603,12.131435,65.900162,87.664337
5.0604978,-1.077391,11.887212,4.058172,12.606956,71.222168,95.178818
5.0701337,-2.251747,12.743138,2.565387,13.192389,78.786842,100.020874
5.0801826,-2.998738,13.271060,0.888249,13.634604,86.264725,102.732765
5.0903530,-3.603274,13.171700,-0.086191,13.655940,90.361633,105.299614
5.1002169,-3.926491,12.489353,-0.776918,13.115064,93.396111,107.452469
5.1107888,-3.908534,10.892421,-1.418565,11.659065,96.988525,109.739540
5.1202917,-3.459621,10.443508,-1.537078,11.108485,97.953514,108.328484
5.1301579,-2.826355,10.099940,-1.460463,10.589147,97.927544,105.633682
5.1405778,-2.000355,9.825804,-1.173159,10.095749,96.673035,101.507126
5.1503139,-1.017536,9.534908,-0.611719,9.608541,93.650146,96.091370
5.1606307,0.088585,9.220071,0.090980,9.220945,89.434677,89.449524
5.1700711,1.132457,8.919599,0.841562,9.030500,84.652786,82.764282
5.1802588,2.047042,8.664616,1.586159,9.043331,79.898331,76.707428
5.1902390,2.741361,8.455123,2.294842,9.179894,75.523331,72.036018
5.2016211,3.240552,8.361750,2.871845,9.416344,72.242729,68.816422
5.2106657,3.574543,8.360553,3.272874,9.663741,70.203789,66.850937
5.2202058,3.768473,8.462306,3.489549,9.898938,69.358627,65.995415
5.2300620,3.806781,8.628703,3.547010,10.076079,69.388908,66.194054
5.2401910,3.728969,8.809465,3.378219,10.145159,70.549751,67.057487
5.2500615,3.627216,9.020155,2.987964,10.170930,72.915909,68.093788
5.2609406,3.383007,9.290700,2.695871,10.248393,74.748703,69.992004
5.2701058,2.989161,9.536105,2.634819,10.335117,75.230057,72.596024
5.2801309,2.592921,9.722853,2.694674,10.417215,75.008537,75.067703
5.2900519,2.158373,9.786300,2.653973,10.366958,75.166969,77.562500
5.3000340,1.577779,9.727641,2.652776,10.205567,74.933846,80.787117
5.3099489,1.198298,9.719262,2.619257,10.137085,75.025826,82.971413
5.3200579,1.109712,9.811439,2.468422,10.177863,75.964180,83.547043
5.3306375,1.134852,9.940725,2.230199,10.250839,77.434090,83.487206
5.3399196,1.164779,10.122684,1.899799,10.365070,79.438629,83.436058
5.3501649,1.192312,10.231621,1.660379,10.433817,80.843346,83.353180
5.3602443,1.274912,10.222044,1.600524,10.424839,81.168457,82.890678
5.3701978,1.502362,10.160992,1.665167,10.405557,80.791550,81.589424
5.3802099,1.959654,10.019734,1.766921,10.361339,80.181351,78.933807
5.3906665,2.463634,9.830592,1.875857,10.306739,79.513550,75.930931
5.4003448,2.782062,9.570822,2.105700,10.186975,78.070663,73.791824
5.4109068,3.198653,9.329007,2.255338,10.116734,77.118729,71.074608
5.4211721,3.608062,9.135077,2.468422,10.127233,75.892555,68.447571
5.4307680,3.852271,8.995016,2.573767,10.118032,75.263489,66.816139
5.4404302,3.944447,9.069236,2.652776,10.239478,74.984917,66.494522
5.4505787,3.781641,8.936357,2.567781,10.037569,75.177994,67.063141
5.4605556,3.714604,8.961497,2.630031,10.051059,74.831001,67.485649
5.4701939,3.460819,8.878897,2.699462,9.904502,74.183998,68.705147
5.4803262,3.129222,8.769960,2.539051,9.651478,74.747475,70.363022
5.4910812,2.887407,8.724471,2.281674,9.468873,76.056450,71.687782
5.5008941,2.591723,8.584411,2.001553,9.187782,77.417252,73.200386
5.5110021,2.503138,8.495825,1.848324,9.047709,78.212273,73.583366
5.5209489,2.261323,8.234857,1.827973,8.733151,77.917831,74.644852
5.5301118,2.049437,7.803900,1.649605,8.235427,78.445152,75.285431
5.5402250,1.826776,7.617153,1.818396,8.041435,76.930763,76.513802
5.5503402,2.155979,7.960721,1.596933,8.400685,79.041641,74.846268
5.5606799,2.407370,8.927979,1.138443,9.316667,82.981247,74.909470
5.5702958,1.731008,9.848549,-0.729034,10.026056,94.169884,80.031357
5.5804987,0.171185,10.324995,-1.877054,10.495625,100.302292,89.050140
5.5900679,-0.893037,10.095152,-0.248997,10.137633,91.407417,95.055336
5.6006556,1.936909,8.046912,3.974375,9.181507,64.350334,76.466232
5.6106329,3.616442,7.133524,1.826776,8.203836,77.133896,63.116619
5.6201935,3.295619,7.309498,0.209493,8.020832,88.503349,65.730911
5.6300306,2.105700,8.719683,5.864597,10.717292,56.824261,76.423668
5.6400251,3.778050,9.217676,6.369773,11.824265,57.404572,67.712738
5.6500425,5.596447,9.217676,3.330335,11.286138,72.837555,58.736267
5.6607399,5.512650,9.502586,3.096900,11.413993,74.256882,59.881081
5.6709657,4.908113,9.799467,4.322731,11.781559,68.475037,63.395763
5.6801519,5.999869,9.034520,3.460819,11.384123,72.301750,56.411667
5.6900187,7.225701,7.750031,0.815226,10.627245,85.600464,47.005219
5.7000446,6.872556,6.284780,1.442507,9.423975,81.195251,42.442131
5.7101836,7.018602,5.899313,2.554613,9.517811,74.430717,40.047901
5.7215686,8.396465,6.816292,2.382231,11.074182,77.577682,39.069862
5.7304811,9.478644,8.139089,1.482011,12.581169,83.235085,40.651909
5.7401218,9.434352,9.569624,1.054646,13.479502,85.512550,45.407829
5.7501416,7.955932,10.681731,1.323994,13.384663,84.323090,53.320641
5.7600427,5.942409,11.198878,1.701080,12.791433,82.357826,62.048447
5.7699547,4.084508,12.243947,2.370260,13.123094,79.594276,71.551605
5.7803969,1.677138,13.954604,2.922123,14.355577,78.255180,83.146759
5.7907920,-1.310825,15.308526,4.001908,15.877170,75.400894,94.894135
5.8005905,-3.791218,14.991294,4.593276,16.131039,73.456230,104.192230
5.8101864,-5.052963,13.218388,2.894590,14.444267,78.439819,110.920242
5.8201599,-5.962759,11.001357,-0.125696,12.513998,90.575508,118.457787
5.8301606,-6.925229,9.546879,-2.670732,12.092746,102.759201,125.956825
5.8407960,-7.671022,9.113529,-3.715801,12.478309,107.324364,130.087921
5.8501058,-7.438785,9.442732,-4.217386,12.739193,109.332886,128.230286
5.8612161,-6.293159,9.819818,-4.499902,12.501272,111.097466,122.654312
5.8705730,-4.891354,9.686940,-4.393360,11.707423,112.040558,116.791183
5.8801160,-3.268085,9.105149,-3.760094,10.378942,111.240349,109.744438
5.8901577,-1.416170,8.518570,-2.673126,9.039756,107.199982,99.438820
5.9003530,0.470461,8.213309,-1.442507,8.352282,99.945313,86.721664
5.9100928,2.091335,8.182184,-0.280122,8.449869,91.899757,75.662376
5.9209862,3.427300,8.309077,0.761356,9.020355,85.158234,67.584999
5.9310541,4.577713,8.462306,1.669956,9.764980,80.153175,61.588676
5.9401307,5.542577,8.512584,2.497152,10.460402,76.188736,56.931690
5.9503508,6.293159,8.367735,3.245340,10.961527,72.778503,53.054111
5.9605508,6.851008,8.170214,3.818752,11.325705,70.295105,50.019001
5.9701076,7.074866,8.018182,4.134786,11.464790,68.859825,48.576336
5.9801955,6.872556,8.036138,4.163517,11.364260,68.508118,49.462727
5.9902015,6.311116,8.242040,3.859453,11.075052,69.605522,52.557903
6.0002441,5.513846,8.579621,3.345897,10.733472,71.836754,57.272449
6.0102944,4.727351,9.042900,2.626439,10.536607,75.565796,62.400810
6.0204515,3.983952,9.552865,1.954866,10.533309,79.304527,67.361786
6.0309968,3.296816,10.032902,1.465251,10.661852,82.100876,71.809456
6.0408559,2.658761,10.384850,1.121683,10.778324,84.026505,75.639420
6.0501223,2.164358,10.661380,0.827197,10.910257,85.651764,78.524384
6.0601130,1.746570,10.826580,0.709881,10.989508,86.296333,80.835861
6.0706768,1.401805,10.843340,0.699107,10.955904,86.341415,82.633774
6.0801930,1.238999,10.781090,0.712275,10.875401,86.244774,83.444138
6.0906701,1.496376,10.630256,0.727837,10.759704,86.121277,81.987366
6.1001787,1.496376,10.447099,0.724246,10.578542,86.074249,81.848755
6.1105342,2.312799,10.298658,0.735020,10.580721,86.016579,77.342911
6.1200747,2.697068,10.272323,0.780510,10.649131,85.796837,75.288651
6.1302986,2.999935,10.129868,0.817620,10.596335,85.574623,73.503479
6.1400318,3.124433,9.910798,0.849942,10.426332,85.324127,72.502258
6.1516638,3.035848,9.652225,0.834379,10.152734,85.285957,72.540436
6.1602430,3.007117,9.477448,0.786495,9.974133,85.477333,72.396187
6.1709366,3.125630,9.372103,0.757765,9.908587,85.613991,71.556267
6.1801329,3.251326,9.254786,0.799663,9.841831,85.339493,70.642967
6.1906767,3.356671,9.081207,0.846350,9.718636,85.004051,69.714264
6.2003670,3.384204,8.829816,0.893037,9.498210,84.604988,69.029671
6.2107258,3.356671,8.528147,0.845153,9.203848,84.731331,68.515450
6.2204370,3.379416,8.432379,0.809240,9.120325,84.909492,68.160736
6.2303157,3.365051,8.476671,0.781707,9.153611,85.101044,68.348022
6.2404299,3.344700,8.583213,0.627281,9.233203,86.104469,68.710167
6.2511935,3.074155,8.699332,0.374693,9.234133,87.674477,70.537697
6.2606878,2.908955,8.729259,0.142455,9.202298,89.113007,71.569763
6.2701578,2.952051,8.820239,-0.009577,9.301146,90.058990,71.495094
6.2803788,3.051410,8.933964,0.183156,9.442476,88.888557,71.142311
6.2900667,3.529053,9.074024,0.541090,9.751149,86.819031,68.748032
6.3008337,4.340688,9.222465,1.022324,10.244050,84.272530,64.795296
6.3106956,4.966772,9.217676,1.547851,10.584433,81.590996,61.682827
6.3201728,5.133168,9.064447,2.033874,10.613683,78.952217,60.477261
6.3301668,5.031415,8.876503,2.207454,10.439363,77.792374,60.454395
6.3400927,4.841076,8.780735,2.023100,10.228893,78.592659,61.130768
6.3511419,4.544195,8.828619,1.707066,10.075132,80.245110,62.764584
6.3604789,4.394557,8.911219,1.206678,10.008897,83.075546,63.749844
6.3700509,4.144363,8.860941,1.004368,9.833654,84.137833,64.933975
6.3801160,4.175488,8.734048,0.891840,9.721814,84.736519,64.448929
6.3900266,4.402937,8.541314,0.955287,9.656733,84.322762,62.729481
6.4000082,4.716578,8.389283,1.237802,9.703522,82.671257,60.654671
6.4100595,5.033809,8.364143,2.002750,9.965397,78.406288,58.959126
6.4203620,5.657499,8.633492,3.002329,10.749811,73.782089,56.763306
6.4303527,6.360197,9.184157,2.855086,11.530497,75.663773,55.296692
6.4401989,6.673837,10.070012,1.424550,12.164481,83.274811,56.465824
6.4500227,5.501875,10.775105,-1.831564,12.236344,98.608513,62.950691
6.4610391,3.245340,11.631032,-1.728614,12.198411,98.146698,74.409607
6.4702539,1.288081,12.277467,1.498770,12.435499,83.077682,84.010773
6.4806108,0.174777,11.342530,3.764882,11.952317,71.639679,89.117203
6.4907589,0.553061,9.478644,3.835511,10.240201,68.003235,86.660690
6.5000768,2.051831,8.088810,2.746149,8.785226,71.784782,75.766403
6.5106621,3.490746,6.440403,2.055422,7.608472,74.326859,61.541977
6.5200987,4.993108,5.805939,1.286883,7.765058,80.460503,49.304466
6.5303416,4.776433,5.662287,1.814805,7.626882,76.234512,49.850636
6.5407429,4.308366,5.960365,1.810017,7.573911,76.173630,54.139248
6.5506048,5.416882,7.144298,1.398214,9.074062,81.136032,52.830215
6.5611749,7.170634,8.376115,0.815226,11.056306,85.771515,49.433788
6.5701919,8.008605,8.983045,0.306458,12.038553,88.541298,48.282211
6.5809569,6.575675,9.216479,0.691924,11.342916,86.502754,54.493309
6.5901599,6.575675,9.227253,0.962469,11.371369,85.144691,54.524952
6.6012011,4.413711,9.666590,1.379060,10.715672,82.605774,65.458824
6.6108198,3.404555,9.968259,2.816778,10.903734,75.028915,71.142937
6.6202278,2.236184,10.013748,4.056975,11.033346,68.426086,77.411736
6.6301899,0.878672,9.797073,3.770868,10.534427,69.025246,84.875015
6.6400127,-0.823605,9.321824,2.279280,9.631710,76.311485,95.049110
6.6502514,-2.645593,9.036914,0.250194,9.419531,88.477974,106.317604
6.6601548,-4.134786,9.337387,-1.604115,10.337139,98.927223,113.884743
6.6700296,-4.763264,9.989806,-2.630031,11.375499,103.367813,115.492386
6.6801171,-4.362236,10.724827,-2.992752,11.958577,104.492889,112.133629
6.6901479,-3.445256,11.250354,-3.022680,12.148121,104.407623,107.026443
6.7003117,-2.262521,11.319786,-3.159149,11.968157,105.305336,101.302940
6.7102590,-1.205481,10.929531,-2.624045,11.304577,103.422058,96.294037
6.7202873,-0.122104,10.298658,-1.731008,10.443833,99.540489,90.679283
6.7305250,1.302446,9.759963,-0.693121,9.870849,94.026566,82.398911
6.7401714,2.885013,9.408015,0.435745,9.850072,87.464539,72.951591
6.7502699,4.305972,9.194932,1.473631,10.259618,81.741806,64.906387
6.7603779,5.367800,9.033323,2.482787,10.797150,76.705963,59.280285
6.7700572,6.090849,8.930372,3.418920,11.337504,72.448769,55.704544
6.7809381,6.493075,8.831013,4.109647,11.706238,69.447548,53.674511
6.7902360,6.652289,8.809465,4.486734,11.915974,67.881027,52.942459
6.8010588,6.531382,8.881291,4.490325,11.903752,67.838455,53.668900
6.8102660,6.078878,9.035717,4.209007,11.675303,68.868774,56.068871
6.8202081,5.298368,9.216479,3.654749,11.241591,71.027786,60.106270
6.8312411,4.386178,9.391256,2.910152,10.765837,74.317070,64.965118
6.8400426,3.453636,9.509769,2.206257,10.355234,77.698425,70.040642
6.8509755,2.589329,9.615114,1.583764,10.082825,80.962814,74.927933
6.8608317,1.880645,9.777920,1.039083,10.011206,84.042427,79.112915
6.8700266,1.373075,9.944317,0.681150,10.061746,86.118279,82.138519
6.8800488,1.137246,10.078392,0.538695,10.156648,86.959679,83.561974
6.8902678,1.110910,10.113108,0.544681,10.188511,86.935486,83.731277
6.9003916,1.246182,10.002975,0.701501,10.104681,86.019135,82.898613
6.9102821,1.581370,9.891644,0.961272,10.063270,84.518585,80.917023
6.9218550,1.958457,9.800665,1.272518,10.075112,82.743988,78.699486
6.9301429,2.256535,9.714474,1.533486,10.090319,81.258545,76.922905
6.9402280,2.525883,9.685743,1.741782,10.160094,80.128815,75.383736
6.9502506,2.827552,9.624691,1.914164,10.212431,79.196884,73.628212
6.9611320,3.083732,9.583989,1.938106,10.252731,79.103630,72.163971
6.9701056,3.213019,9.515755,1.810017,10.205354,79.784004,71.342613
6.9806719,3.277662,9.490616,1.687912,10.181547,80.457359,70.947227
6.9900756,3.368642,9.516952,1.576582,10.217912,81.124039,70.507957
7.0003595,3.470395,9.538500,1.464054,10.255246,81.792328,70.007080
7.0102701,3.347094,9.441534,1.370680,10.110606,82.208504,70.480202
7.0200791,3.049016,9.265560,1.351527,9.847524,82.111519,71.785187
7.0300827,2.737770,9.126697,1.266533,9.612288,82.428589,73.302132
7.0404806,2.431312,8.987833,1.165976,9.383598,82.862160,74.863113
7.0504608,2.385822,9.238028,1.401805,9.643566,81.641777,75.519150
7.0612626,2.225410,9.346964,1.651999,9.749220,80.244194,76.607834
7.0699158,2.096124,9.130288,1.424550,9.475508,81.353355,77.070137
7.0803356,1.941698,8.681376,0.221464,8.898624,88.573906,77.392578
7.0899577,2.080561,8.099585,-0.084994,8.362967,90.582314,75.593750
7.0998755,2.744952,8.347384,-0.079009,8.787481,90.515160,71.797073
7.1098628,3.527856,8.656237,0.219069,9.350091,88.657455,67.826607
7.1199799,4.102465,8.785523,0.612916,9.715519,86.383018,64.969429
7.1302490,4.303577,8.671799,1.083376,9.741385,83.614708,63.606045
7.1404328,4.422091,8.605958,1.657985,9.816635,80.276398,62.804062
7.1501069,4.683059,8.676587,2.243367,10.111721,77.181808,61.642704
7.1600919,4.821922,8.645462,2.560599,10.225048,75.497391,60.849834
7.1699691,4.869806,8.585608,2.602497,10.207872,75.229378,60.437840
7.1803865,4.908113,8.483853,2.408567,10.092896,76.193726,59.949585
7.1900349,4.916493,8.388085,2.329558,9.997936,76.526009,59.624229
7.2000756,5.225345,8.482656,2.752135,10.336050,74.557831,58.366791
7.2100267,6.022614,9.119514,3.606865,11.508557,71.735313,56.558846
7.2199993,6.999449,10.465055,3.272874,13.008512,75.428093,56.223808
7.2300768,6.891710,11.601105,0.374693,13.498952,88.409431,59.287300
7.2403922,5.215768,11.971008,-3.119645,13.425404,103.436569,66.457245
7.2502198,2.439692,11.537658,-0.174777,11.794074,90.849098,78.060417
7.2605901,-0.129287,9.447520,5.278018,10.822653,60.811630,90.784027
7.2701836,-0.021548,7.116765,4.455609,8.396502,57.950577,90.173477
7.2800660,2.069787,6.434417,0.207098,6.762295,88.245018,72.168350
7.2906175,2.844312,5.990293,-0.069432,6.631632,90.599884,64.600693
7.3002758,3.596091,5.280412,1.271321,6.513898,78.745316,55.744167
7.3106861,5.130774,4.805163,0.659603,7.060418,84.639465,43.123028
7.3202209,7.031770,5.334281,-0.304064,8.831353,91.973083,37.183853
7.3302059,8.067263,5.862203,-1.651999,10.108177,99.406158,36.004620
7.3401008,7.483078,5.876568,-1.819593,9.687179,100.826477,38.143055
7.3501110,6.251261,5.777209,-1.041478,8.575493,96.975685,42.743095
7.3600817,5.875371,6.258443,0.081403,8.584563,89.456688,46.808266
7.3700352,6.087258,7.438785,0.640449,9.633296,86.188004,50.706074
7.3802629,6.136339,9.150639,0.878672,11.052643,85.440239,56.154537
7.3900590,5.488708,11.875240,0.623690,13.097184,87.270538,65.193733
7.4005308,3.646369,15.122975,1.941698,15.677072,82.885307,76.443901
7.4105620,1.040281,15.769409,7.547721,17.513554,64.471214,86.225769
7.4206309,0.254982,15.436615,8.098388,17.433817,62.320721,89.053673
7.4302726,-0.749385,14.389153,5.295974,15.351112,69.818840,92.981262
7.4400477,-2.846706,12.758701,2.416947,13.293977,79.524933,102.577751
7.4501128,-5.412093,11.554418,-0.225055,12.761111,91.010521,115.098412
7.4601998,-7.119159,11.452663,-2.609680,13.735223,100.952728,121.865746
7.4701328,-7.317877,11.845313,-3.869030,14.451027,105.529465,121.707222
7.4806900,-6.359000,11.840525,-3.663129,13.930305,105.245834,118.238197
7.4902525,-4.930859,11.200075,-3.016694,12.603789,103.848076,113.761604
7.5001030,-3.572149,10.499771,-2.697068,11.414010,103.667946,108.788925
7.5105486,-2.111686,10.090364,-2.686294,10.653208,104.605263,101.820122
7.5203366,-0.259771,10.002975,-2.625242,10.344994,104.700676,91.487602
7.5299931,1.795651,9.949105,-2.130840,10.331966,101.901955,79.769188
7.5400038,3.653552,9.750386,-1.338359,10.498079,97.324348,69.458603
7.5499821,4.963180,9.252393,-0.253785,10.502587,91.384636,61.789948
7.5599599,5.822699,8.647857,0.998382,10.473108,84.529793,56.047176
7.5699358,6.385336,8.136695,2.170344,10.568288,78.149200,51.876667
7.5799026,6.768408,7.821857,4.016273,11.096092,68.779762,49.129715
7.5900474,7.143101,7.662642,4.386178,11.356872,67.280899,47.009716
7.6001844,6.781576,7.762002,4.362236,11.192299,67.060852,48.856644
7.6103039,6.096835,8.068460,3.927688,10.848879,68.774696,52.923920
7.6200967,5.183447,8.549694,3.265691,10.518085,71.911636,58.772705
7.6299896,4.170700,9.017760,2.592921,10.268299,75.373489,65.179535
7.6401949,3.339911,9.466674,1.920150,10.220562,79.171425,70.566788
7.6499062,2.701857,9.823410,1.322796,10.273714,82.602318,74.621475
7.6606350,2.217031,10.095152,0.867898,10.372106,85.200096,77.613708
7.6699581,1.902193,10.249578,0.545878,10.438877,87.002480,79.486237
7.6800308,1.742979,10.222044,0.463278,10.379922,87.441917,80.323456
7.6903577,1.758541,10.046070,0.530316,10.212602,87.023430,80.071106
7.7004890,1.932121,9.892841,0.568623,10.095778,86.771233,78.948959
7.7100067,2.097321,9.755175,0.691924,10.002048,86.033211,77.866356
7.7200322,2.275689,9.575610,0.839168,9.878019,85.126678,76.631393
7.7305284,2.548628,9.560047,0.962469,9.940641,84.443825,75.072601
7.7400789,2.756923,9.398438,1.004368,9.845812,84.145096,73.651558
7.7501230,3.062184,9.339781,1.030704,9.882855,84.013618,71.847511
7.7606964,3.485958,9.236830,1.076194,9.931219,83.778946,69.323616
7.7705498,3.993528,9.148245,1.345541,10.072196,82.322922,66.417053
7.7807136,4.509479,9.749189,2.097321,10.944444,78.951881,65.177139
7.7900338,3.864242,9.271546,2.683900,10.396983,75.040146,67.374359
7.8003030,3.178303,8.366538,1.904588,9.150302,77.986343,69.199081
7.8102269,2.540248,7.751228,1.003170,8.218317,82.988693,71.854889
7.8201847,2.286463,7.487866,0.214281,7.832111,88.432236,73.019653
7.8300858,2.795230,7.588422,-0.304064,8.092585,92.153290,69.778496
7.8408089,3.769670,7.937976,-0.313640,8.793194,92.044090,64.597397
7.8501687,4.915296,8.408437,-0.004788,9.739711,90.028168,59.690845
7.8601847,5.629965,8.640674,0.430956,10.321990,87.607132,56.913120
7.8705478,5.846641,8.656237,0.952892,10.489120,84.787735,55.963913
7.8804879,5.920861,8.625112,1.487996,10.567084,81.905029,55.531658
7.8902764,5.951985,8.520964,1.975216,10.579906,79.240028,55.065285
7.9005961,5.996278,8.423999,2.176329,10.566717,78.114250,54.556396
7.9102077,5.942409,8.419210,2.224213,10.542412,77.820351,54.784966
7.9202509,5.984307,8.468291,2.124854,10.584843,78.419472,54.752209
7.9306707,6.274005,8.619126,2.087744,10.863294,78.919769,53.948505
7.9401207,6.706159,8.643068,2.042254,11.128612,79.425507,52.192104
7.9507890,6.797139,8.426393,2.282871,11.064207,78.092667,51.108662
7.9609227,6.704962,8.172607,2.509123,10.864793,76.647537,50.633900
7.9702735,6.611588,7.969100,2.655170,10.689695,75.617981,50.319103
7.9800749,6.603208,7.888895,2.565387,10.602746,75.998047,50.069798
7.9901738,6.503849,7.833828,2.349909,10.449450,77.003967,50.299652
8.0001688,6.162675,7.788338,2.358289,10.207757,76.642334,51.646500
8.0102243,5.901707,7.884106,2.542642,10.171248,75.523476,53.183033
8.0208187,5.944803,8.209718,3.112462,10.603187,72.929977,54.091034
8.0303478,6.384139,8.916007,3.532645,11.520937,72.143852,54.396156
8.0410194,6.593631,9.696517,-1.750161,11.855863,98.489021,55.784298
8.0501118,5.832275,10.141838,-1.750161,11.829429,98.508133,60.098049
8.0600758,4.112041,10.790668,-3.055001,11.944892,104.818504,69.139465
8.0702448,-0.107739,10.608707,2.946065,11.010703,74.480652,90.581863
8.0807047,-0.976834,8.736442,1.740585,8.961543,78.800354,96.379829
8.0900450,-1.058237,6.803124,0.571017,6.908576,85.258904,98.841599
8.1000347,-0.301669,5.534197,-0.614113,5.576332,96.322723,93.120110
8.1102486,0.950498,5.000290,-0.652420,5.131472,97.304405,79.237137
8.1205740,2.640805,4.910508,-0.462081,5.594681,94.737625,61.729237
8.1302252,4.833893,4.950012,-0.693121,6.953385,95.720810,45.679977
8.1422882,6.376956,4.979939,-0.574608,8.111445,94.062187,37.987247
8.1602259,9.028535,5.638345,1.028310,10.694054,84.482079,31.984890
8.1706076,9.774328,6.453571,1.971625,11.877431,80.444809,33.435078
8.1800365,10.048465,7.491457,2.456451,12.772146,78.911278,36.705727
8.1901569,10.028113,8.870518,2.912546,13.701535,77.726952,41.494846
8.2002478,9.484630,10.388441,3.854665,14.585484,74.675774,47.603973
8.2101870,8.524555,11.388021,4.626795,14.958686,71.982658,53.183144
8.2202234,7.088034,11.664551,5.082890,14.564949,69.575005,58.714794
8.2309818,5.467160,12.109872,5.568913,14.406651,67.259903,65.702583
8.2410688,3.342306,12.822147,5.263652,14.257788,68.335106,75.390015
8.2500477,0.519542,13.369223,4.156334,14.010037,72.742401,87.774544
8.2608538,-3.403358,13.079524,2.647987,13.772023,78.914543,104.585220
8.2709293,-7.535750,12.097901,0.667982,14.268600,87.316727,121.918663
8.2812557,-10.445902,11.094730,-1.607706,15.323009,96.022621,133.274704
8.2902985,-11.024101,10.706870,-3.416526,15.742951,102.534027,135.836349
8.3000717,-8.860941,10.910378,-4.322731,14.705054,107.095322,129.082031
8.3103065,-5.345055,11.116279,-4.616021,13.170000,110.517601,115.679703
8.3217812,-2.140416,11.008539,-4.528633,12.094538,111.989471,101.002876
8.3306293,0.159214,10.415975,-3.847482,11.104999,110.271187,89.124268
8.3400850,1.851915,9.600749,-2.833538,10.180025,106.161331,79.082146
8.3512926,3.242946,8.815451,-1.541866,9.518730,99.321976,69.802910
8.3605566,4.347870,8.188169,0.001197,9.270927,89.992599,62.031956
8.3707151,5.158308,7.730877,1.461660,9.408031,81.062149,56.287418
8.3804150,5.878962,7.365762,2.608483,9.778590,74.528770,51.404984
8.3905458,6.549339,7.090428,3.507505,10.269889,70.029701,47.271732
8.4007196,7.129933,6.924031,4.018668,10.720440,67.984322,44.160633
8.4102421,7.682993,6.871359,4.169502,11.118845,67.976044,41.808163
8.4206018,7.973889,6.953959,4.189853,11.379601,68.395973,41.091400
8.4302673,7.819463,7.205350,3.916914,11.331517,69.777580,42.659439
8.4403057,7.248446,7.606379,3.343503,11.026150,72.348053,46.380302
8.4500227,6.380548,8.084022,2.621651,10.627128,75.718018,51.716713
8.4600058,5.340267,8.582016,1.990779,10.302071,78.858032,58.107544
8.4705849,4.310760,9.139865,1.571793,10.226941,81.159088,64.749390
8.4801540,3.465607,9.709685,1.265336,10.386987,83.002892,70.357368
8.4899893,2.764106,10.101137,1.125275,10.532783,83.867073,74.696053
8.5003319,2.290054,10.281899,1.088165,10.589896,84.102165,77.443649
8.5101223,1.994370,10.383653,1.179144,10.638991,83.636703,79.127701
8.5201969,1.911770,10.384850,1.417367,10.654056,82.354965,79.569077
8.5311241,2.155979,10.402806,1.939303,10.799422,79.655006,78.291229
8.5400896,2.463634,10.332177,1.939303,10.797420,79.653069,76.588661
8.5510292,3.086126,10.035296,2.199074,10.726942,78.170219,72.905914
8.5607328,3.394978,9.782708,2.452860,10.641605,76.673660,70.861244
8.5701399,3.681085,9.574412,2.602497,10.582663,75.763741,68.969688
8.5804911,4.058172,9.378088,2.668338,10.561123,75.365227,66.600456
8.5903511,4.254497,9.112331,2.737770,10.422606,74.771088,64.972389
8.6001644,4.373009,8.954314,2.740164,10.334962,74.625008,63.970554
8.6106195,4.428076,8.899248,2.675520,10.293827,74.934982,63.546040
8.6217604,4.641160,9.069236,2.845509,10.577727,74.394669,62.899010
8.6302433,4.690241,9.306262,3.051410,10.858912,73.679794,63.252460
8.6402340,4.349067,9.017760,3.001132,10.451850,73.313263,64.253014
8.6507387,4.139575,8.690952,2.472013,9.938791,75.598000,64.531143
8.6604595,3.999514,8.194156,1.946486,9.323578,77.949699,63.983299
8.6702452,4.317943,7.941567,1.254562,9.126173,82.098610,61.466446
8.6807270,4.588488,7.643489,0.890643,8.959374,84.294861,59.023048
8.6901283,4.722563,7.457938,0.876278,8.870811,84.330956,57.656933
8.7001295,4.805163,7.387310,0.797269,8.848592,84.830566,56.957535
8.7102690,4.920084,7.374141,0.677559,8.890685,85.629250,56.288475
8.7205019,5.102044,7.485472,0.541090,9.075016,86.581764,55.721939
8.7301817,5.026627,7.621941,0.826000,9.167510,84.830597,56.595375
8.7411242,5.204995,7.763199,1.089362,9.409885,83.352089,56.159317
8.7502661,5.389348,7.845799,1.601721,9.652313,80.448059,55.514488
8.7604485,5.567716,7.797915,2.006341,9.789400,78.173409,54.473141
8.7702293,5.601235,7.607576,2.346318,9.734179,76.052124,53.636875
8.7805128,5.688623,7.368156,2.409764,9.615462,75.486183,52.329876
8.7906170,5.694609,7.248446,2.693477,9.603299,73.711494,51.845699
8.8003750,5.846641,7.259220,3.047819,9.806562,71.892929,51.151722
8.8103266,6.155493,7.626729,3.817555,10.518119,68.718506,51.093185
8.8203878,6.725313,8.520964,4.562151,11.774968,67.204391,51.717144
8.8302412,7.007828,9.588778,3.582923,12.405308,73.212570,53.839306
8.8405199,6.002264,10.084377,-0.215478,11.737473,91.051903,59.238716
8.8501606,4.155137,10.277111,-1.240196,11.154472,96.383560,67.986031
8.8609858,2.943671,10.176555,1.473631,10.695749,82.080750,73.866951
8.8714809,2.336741,8.872911,3.408146,9.787971,69.622902,75.245781
8.8809910,1.541866,6.692991,2.531868,7.320098,69.764534,77.027092
8.8902397,0.675165,5.398925,2.989161,6.208004,61.216515,82.871857
8.9005232,1.312023,5.749675,3.113659,6.668961,62.167507,77.145729
8.9108410,2.732981,7.028179,2.173935,7.847960,73.918381,68.750908
8.9202375,4.378995,8.544906,0.152032,9.602818,89.092857,62.866291
8.9300699,5.747281,9.551667,-1.315614,11.224813,96.730873,58.964489
8.9406147,6.750452,9.320627,-1.544260,11.611521,97.642624,54.086117
8.9508238,7.325060,7.744045,-1.158794,10.722385,96.204208,46.592655
8.9611616,8.595184,6.421249,0.179565,10.730418,89.041153,36.762497
8.9701023,10.251971,5.695806,1.719037,11.853278,81.661201,29.055742
8.9818907,11.220427,5.159505,3.600879,12.864090,73.744743,24.694458
8.9902229,10.907983,5.125986,3.600879,12.578798,73.365479,25.170227
9.0004930,9.782708,6.041768,4.442441,12.326380,68.875168,31.699341
9.0102463,7.868544,7.357382,5.060145,11.901686,64.839081,43.077198
9.0206327,5.580884,8.895657,4.997896,11.630045,64.548935,57.896999
9.0302181,3.171120,10.813412,3.421314,11.776725,73.111214,73.655800
9.0402451,0.434548,12.862848,-1.479617,12.954959,96.558197,88.065102
9.0503588,-8.010999,13.667300,-2.941277,16.112801,100.517906,120.376419
9.0609264,-11.064803,12.667721,-4.153940,17.325018,103.872696,131.136063
9.0709267,-11.285069,11.572374,-4.843470,16.873999,106.680679,134.279861
9.0803738,-8.558074,10.797850,-5.003881,14.658548,109.959915,128.399353
9.0901880,-5.373785,10.535685,-4.516662,12.660113,110.901543,117.024109
9.1000528,-2.668338,10.483012,-3.561375,11.388457,108.223106,104.280762
9.1106129,0.055067,10.503363,-2.583344,10.816530,103.817673,89.699615
9.1202621,2.642002,10.293870,-1.607706,10.748425,98.602356,75.605301
9.1309834,4.851850,9.803059,-0.350751,10.943647,91.836678,63.667709
9.1405830,6.460753,9.257181,1.327585,11.366584,83.292709,55.088120
9.1500158,7.411252,8.827422,2.923320,11.890999,75.768333,49.984142
9.1602325,7.802703,8.517372,4.186262,12.286277,70.078850,47.507423
9.1701622,7.891289,8.386889,5.007473,12.557353,66.498802,46.743870
9.1801996,7.696161,8.451532,5.232528,12.571342,65.403412,47.678280
9.1901016,7.138312,8.622718,4.721366,12.148993,67.131218,50.380360
9.2000990,6.080075,8.755595,3.691859,11.280850,70.896973,55.223049
9.2103243,4.918888,9.003395,2.589329,10.581173,75.835243,61.350590
9.2202387,3.761291,9.301474,1.604115,10.160605,80.916367,67.982780
9.2301817,2.560599,9.560047,0.851139,9.933559,85.084686,75.005638
9.2403135,1.499967,9.830592,0.144849,9.945422,89.165489,81.324631
9.2502670,0.677559,10.000581,-0.235829,10.026281,91.347786,86.124023
9.2609320,0.262165,10.099940,-0.288501,10.107461,91.635635,88.513100
9.2715025,0.259771,10.092757,-0.198719,10.098055,91.127594,88.525627
9.2802105,0.593762,9.999383,0.120907,10.017726,89.308464,86.601776
9.2903023,1.181539,9.953894,0.462081,10.034418,87.360619,83.230598
9.3002787,1.843535,9.977836,0.719458,10.172190,85.944206,79.531906
9.3102322,2.628834,10.153810,0.995988,10.535777,84.575508,75.484772
9.3205996,3.323152,10.408792,1.262941,10.999150,83.406654,72.293587
9.3305025,4.052186,10.530896,1.509544,11.384143,82.380104,68.953758
9.3402843,4.544195,10.396821,1.850718,11.496467,80.736130,66.391045
9.3500881,4.848258,10.040085,2.349909,11.394341,78.098213,64.224556
9.3603325,5.057751,9.461885,2.820370,11.093359,75.271477,61.873737
9.3701324,5.240908,8.797494,3.137601,10.710161,72.965012,59.216587
9.3807859,5.486313,8.244433,3.281253,10.432494,71.668015,56.357956
9.3902397,5.728127,7.896077,3.283648,10.292804,71.396111,54.041378
9.4013414,5.965154,7.745243,3.233369,10.296918,71.698746,52.397614
9.4109640,6.110003,7.681796,2.996343,10.262563,73.024162,51.501709
9.4204865,6.074090,7.619547,2.638410,10.095210,74.849663,51.439125
9.4305353,6.148310,7.672219,2.129642,10.059824,77.778137,51.292252
9.4401407,6.241684,8.008605,1.784877,10.309324,80.030006,52.068142
9.4502697,6.185420,8.470686,1.770512,10.637041,80.418648,53.862530
9.4603910,5.688623,8.373720,1.564611,10.243419,81.214081,55.810070
9.4700556,5.120000,8.055291,0.860716,9.583472,84.847183,57.559669
9.4805183,4.896142,7.574057,0.093374,9.019273,89.406822,57.119923
9.4908934,5.173870,7.248446,-0.495600,8.919334,93.185265,54.481121
9.5006504,5.762844,7.243657,-0.614113,9.276750,93.795708,51.495258
9.5101986,6.291962,7.372944,-0.220267,9.695236,91.301819,49.523048
9.5201921,6.901287,7.515399,0.162806,10.204679,89.085861,47.439175
9.5300550,6.879739,7.524976,0.596156,10.213299,86.653709,47.564762
9.5401506,5.820304,7.447165,1.349133,9.547584,81.876564,51.990726
9.5500336,5.286397,7.347805,1.491588,9.173934,80.642754,54.266773
9.5609341,5.033809,7.271191,1.632846,8.993088,79.538971,55.305336
9.5699587,5.122395,7.295133,1.654393,9.066140,79.485725,54.924770
9.5799379,5.264850,7.375339,1.796848,9.238123,78.784271,54.479038
9.5900784,5.321113,7.461530,1.924938,9.364511,78.137909,54.505825
9.6007614,5.409699,7.605182,1.948880,9.534242,78.205124,54.575092
9.6101160,5.498284,7.705738,1.911770,9.657349,78.582298,54.490959
9.6205053,5.609614,7.760805,1.854309,9.753785,79.040695,54.140087
9.6309614,5.693412,7.704541,1.787272,9.745216,79.432144,53.536774
9.6401920,5.638345,7.623138,1.766921,9.644956,79.444008,53.512051
9.6505823,5.515044,7.588422,1.859098,9.563269,78.790337,53.991440
9.6601515,5.424064,7.593211,1.877054,9.518437,78.626617,54.460613
9.6701784,5.275623,7.597999,1.915361,9.446184,78.301270,55.226059
9.6809940,5.057751,7.602787,1.928530,9.332870,78.074570,56.366180
9.6905603,4.967968,7.673417,1.935712,9.343929,78.043877,57.079933
9.7005405,4.975151,7.789535,2.057816,9.469086,77.448364,57.433758
9.7102232,5.027823,7.936779,2.073379,9.621349,77.555275,57.646389
9.7206173,5.559336,8.201338,1.853112,10.079791,79.406242,55.868332
9.7302570,6.302736,8.483853,1.394622,10.660451,82.482903,53.390991
9.7401114,6.979098,8.889671,-0.187945,11.303512,90.952705,51.865273
9.7506294,5.914876,8.762778,-0.641646,10.591682,93.473114,55.980648
9.7611609,3.057395,8.110358,1.187524,8.748473,82.198547,69.344856
9.7704620,0.893037,7.442376,2.929306,8.047814,68.654701,83.157593
9.7805414,1.013944,7.304709,2.744952,7.869030,69.584244,82.097443
9.7905512,2.705448,7.611167,1.179144,8.163315,81.694901,70.431854
9.8003521,5.209783,7.858967,-0.936133,9.475312,95.669907,56.459229
9.8117323,6.909666,7.398083,-2.026692,10.323885,101.321320,46.955120
9.8200779,7.982268,6.388927,-0.814029,10.256591,94.552147,38.673428
9.8309383,9.800665,5.498284,0.651223,11.256476,86.683403,29.292921
9.8401804,11.489774,5.002685,1.584962,12.631463,82.791679,23.528465
9.8505440,12.615048,5.300763,2.475605,13.905616,79.745018,22.791836
9.8601446,13.152547,6.317101,2.962825,14.888706,78.521622,25.654736
9.8708620,12.715605,7.811083,3.203442,15.263082,77.884583,31.562035
9.8809519,11.210850,9.412804,3.183091,14.980524,77.732162,40.017342
9.8906107,8.807071,10.832565,3.104083,14.301898,77.464767,50.888268
9.9005928,6.372168,11.340137,3.123236,13.377512,76.498596,60.667812
9.9104948,4.252102,11.042058,2.811990,12.162019,76.631638,68.939178
9.9200439,2.507926,10.540473,1.744176,10.974216,80.854973,76.616302
9.9301929,0.730232,9.964667,0.469264,10.002401,87.310974,85.808739
9.9404612,-1.168370,9.504981,-0.621295,9.596654,93.711975,97.007751
9.9500799,-2.931700,9.251195,-1.320402,9.794025,97.748047,107.583389
9.9601698,-3.977966,9.373300,-2.013524,10.379655,101.185585,112.996048
9.9701443,-3.892972,9.835381,-2.832341,10.950438,104.990028,111.594307
9.9810762,-2.989161,10.249578,-3.386598,11.200802,107.598999,106.258659
9.9913330,-0.294487,10.413580,-2.525883,10.719583,103.628914,91.619843
10.0010614,-0.294487,10.320207,-1.517924,10.435396,98.363869,91.634491
10.0100851,1.206678,9.993398,-1.517924,10.179791,98.575439,83.115013
10.0213995,2.582147,9.730036,1.203086,10.138466,83.184906,75.137489
10.0306911,4.837484,9.510966,2.554613,10.972045,76.536301,63.041122
10.0400991,5.868188,9.457097,3.626019,11.705568,71.954712,58.180138
10.0500841,6.602011,9.287108,4.394557,12.212660,68.909866,54.591774
10.0609531,7.086837,9.081207,4.791995,12.476169,67.412628,52.032063
10.0701017,7.147889,8.857349,4.734534,12.327236,67.413925,51.096439
10.0804758,6.848614,8.722076,4.387374,11.925903,68.414688,51.860840
10.0902958,6.321889,8.725668,3.773262,11.416701,70.700653,54.076054
10.1006269,5.621585,8.896853,2.924517,10.922867,74.470016,57.712757
10.1100616,4.811148,9.101558,2.151190,10.517278,78.197502,62.138752
10.1205454,3.994725,9.227253,1.471237,10.161918,81.675491,66.590919
10.1302166,3.303998,9.254786,0.902614,9.868241,84.752014,70.353218
10.1401968,2.849100,9.281123,0.456095,9.719292,87.310303,72.934669
10.1502218,2.440889,9.257181,0.140061,9.574599,89.161827,75.228722
10.1602182,2.117671,9.184157,0.021548,9.425166,89.869011,77.015747
10.1716909,1.912967,9.147048,0.038307,9.345020,89.765129,78.187698
10.1809835,1.885434,9.119514,0.142455,9.313469,89.123596,78.318840
10.1903133,1.988384,9.091981,0.290895,9.311413,88.209747,77.663834
10.2007523,2.232593,9.048885,0.553061,9.336631,86.604065,76.140457
10.2106266,2.565387,8.986636,0.878672,9.386847,84.628868,74.067711
10.2201815,2.975993,8.896853,1.222240,9.460676,82.577118,71.504936
10.2301731,3.421314,8.854955,1.495179,9.609952,81.049187,68.874817
10.2400990,3.772065,8.844181,1.714248,9.766609,79.890999,66.901634
10.2500715,3.987543,8.802282,1.954866,9.859117,78.563606,65.628883
10.2604074,4.077325,8.734048,2.130840,9.871608,77.534286,64.975372
10.2701788,4.127604,8.682572,2.217031,9.866073,77.014023,64.574074
10.2802610,4.102465,8.653842,2.157176,9.816955,77.306252,64.636108
10.2914324,4.049792,8.656237,2.126051,9.790370,77.457870,64.927605
10.3006439,4.085705,8.714894,2.029086,9.836643,78.095665,64.881943
10.3110685,4.100070,8.774749,1.836353,9.857941,79.264137,64.955299
10.3210440,4.080917,8.842984,1.655591,9.878929,80.352386,65.227318
10.3302479,4.029441,8.887277,1.526304,9.876724,81.110146,65.610725
10.3401880,3.890578,8.839393,1.441309,9.764672,81.511871,66.243744
10.3502655,3.785233,8.819042,1.362301,9.693264,81.920845,66.770447
10.3599863,3.708618,8.819042,1.297657,9.654702,82.275681,67.192078
10.3703423,3.681085,8.831013,1.284489,9.653345,82.353455,67.371864
10.3803692,3.676297,8.854955,1.294066,9.674708,82.313217,67.453323
10.3900251,3.792415,8.886080,1.351527,9.755586,82.036697,66.888100
10.4002008,3.970783,8.890868,1.408988,9.838695,81.766434,65.933807
10.4103127,4.162320,8.870518,1.533486,9.917790,81.105255,64.862587
10.4201756,4.302381,8.845378,1.673547,9.977572,80.344086,64.061768
10.4301052,4.340688,8.807071,1.735796,9.970910,79.974525,63.762974
10.4405699,4.288015,8.769960,1.778892,9.922890,79.672668,63.943977
10.4503145,4.169502,8.757990,1.848324,9.874383,79.211525,64.541824
10.4604397,4.018668,8.713697,1.818396,9.766513,79.269661,65.241333
10.4701281,3.962404,8.893262,1.731008,9.888739,79.918526,65.984581
10.4803629,3.841497,9.051279,1.637634,9.968179,80.544228,67.002914
10.4910326,3.657143,9.018958,1.538275,9.853049,81.018143,67.927689
10.5008068,3.409343,9.015367,1.515530,9.756909,81.064133,69.284874
10.5102720,3.325546,8.987833,1.484405,9.697621,81.195175,69.695259
10.5219040,3.250129,8.990228,1.464054,9.671143,81.292870,70.124168
10.5303516,3.220201,9.044097,1.493982,9.715831,81.154663,70.401443
10.5404978,3.185485,9.048885,1.541866,9.716326,80.869240,70.606369
10.5502367,3.262100,9.054871,1.559822,9.750130,80.794281,70.187981
10.5601110,3.414132,9.059659,1.596933,9.812437,80.633698,69.351089
10.5705023,3.519476,8.947132,1.678335,9.759851,80.098015,68.527130
10.5807447,3.538630,8.811859,1.683124,9.643842,79.948784,68.120796
10.5901051,3.517082,8.913613,1.620875,9.718518,80.399223,68.467087
10.6007166,3.535039,9.215282,1.545457,9.990314,81.100861,69.012878
10.6106310,3.651158,9.495404,1.474828,10.279531,81.751175,68.967331
10.6212149,3.732560,9.580399,1.379060,10.373902,82.360741,68.713921
10.6303282,3.684676,9.421184,1.346738,10.205354,82.416908,68.639259
10.6400661,3.545813,9.154230,1.377863,9.913184,82.010422,68.826546
10.6511536,3.452439,9.001001,1.461660,9.750580,81.378578,69.015106
10.6601944,3.468001,9.036914,1.541866,9.801540,80.949295,69.005226
10.6705170,3.621230,9.083601,1.532289,9.898132,81.094460,68.265015
10.6800728,3.968389,9.281123,1.805228,10.254083,79.860252,66.849594
10.6901703,4.228160,9.232041,1.953669,10.340443,79.109375,65.392807
10.7006025,4.276044,8.983045,1.861492,10.121502,79.402145,64.544952
10.7101479,4.088099,8.804677,1.757344,9.865250,79.738869,65.094086
10.7200880,3.742137,8.756793,1.606509,9.657427,80.424355,66.860992
10.7312899,3.378219,8.784326,1.465251,9.524899,81.150833,68.964584
10.7401695,3.093309,8.831013,1.352724,9.454375,81.773941,70.695770
10.7502289,2.942474,8.877700,1.106121,9.417813,83.255051,71.662453
10.7610588,2.837129,8.906430,1.010353,9.401841,83.830894,72.330803
10.7701006,2.964022,9.020155,0.994791,9.546635,84.018730,71.809486
10.7810001,3.196259,9.221268,0.871489,9.798333,84.897217,70.882751
10.7909231,3.356671,9.400833,1.030704,10.035201,84.104820,70.350334
10.8004761,3.384204,9.410410,1.286883,10.082892,82.667320,70.220222
10.8102083,3.250129,9.170990,1.487996,9.842994,81.305084,70.486061
10.8200998,3.308787,9.178172,1.559822,9.880281,80.916580,70.175461
10.8309412,3.380613,9.333796,1.485602,10.037694,81.488823,70.090088
10.8402176,3.250129,9.253590,1.477222,9.918389,81.434631,70.647247
10.8505545,3.167529,9.144653,1.486799,9.791246,81.265854,70.894913
10.8610191,3.090914,9.071630,1.525106,9.704338,80.958076,71.184837
10.8700371,3.022680,9.076419,1.525106,9.687307,80.942047,71.580925
10.8806915,2.992752,9.162610,1.450886,9.747567,81.439941,71.911583
10.8900976,3.004723,9.277532,1.393425,9.851020,81.868248,72.054367
10.9001780,2.999935,9.340978,1.356315,9.904194,82.128983,72.195137
10.9101849,2.924517,9.320627,1.371878,9.864530,82.005867,72.579796
10.9203472,2.875436,9.315839,1.441309,9.855474,81.590645,72.846581
10.9304905,2.846706,9.323022,1.472434,9.858526,81.410370,73.020393
10.9401827,2.810793,9.319430,1.465251,9.843744,81.439651,73.216393
10.9510660,2.785654,9.314642,1.434127,9.827469,81.608841,73.350082
10.9610519,2.826355,9.311050,1.349133,9.823650,82.106323,73.114410
10.9701366,2.919729,9.297882,1.250970,9.825496,82.685318,72.566620
10.9810114,3.010709,9.278728,1.211466,9.829894,82.920692,72.023087
10.9900579,3.010709,9.277532,1.211466,9.828765,82.919876,72.020920
11.0001564,3.029862,9.287108,1.334767,9.859617,82.219566,71.931404
11.0101347,3.111265,9.336189,1.375469,9.936615,82.043320,71.569458
11.0201902,3.131616,9.337387,1.371878,9.943635,82.069870,71.459343
11.0302086,3.154361,9.338584,1.313220,9.944028,82.411285,71.336205
11.0407963,3.163938,9.294291,1.227028,9.894440,82.876305,71.200539
11.0505257,3.174711,9.266758,1.170765,9.865206,83.184296,71.088982
11.0603323,3.204639,9.314642,1.227028,9.926624,82.899521,71.014572
11.0705242,3.157952,9.288305,1.150414,9.877688,83.311813,71.222366
11.0801601,3.179500,9.394848,1.241394,9.995671,82.865837,71.302628
11.0902672,3.172317,9.345766,1.209072,9.943279,83.015724,71.250786
11.1001472,3.160346,9.276335,1.193510,9.872316,83.056267,71.186584
11.1101160,3.192668,9.226056,1.185130,9.834519,83.078629,70.911873
11.1202402,3.227384,9.229648,1.192312,9.850077,83.047523,70.726509
11.1311731,3.239355,9.324219,1.356315,9.963637,82.176231,70.842110
11.1413155,3.210624,9.267955,1.143231,9.874719,83.351753,70.892784
11.1503258,3.153164,9.385271,1.121683,9.964132,83.536392,71.429230
11.1601429,3.101688,9.430760,1.285686,10.010630,82.621002,71.794449
11.1700621,3.064578,9.257181,1.204283,9.825342,82.959602,71.682938
11.1810637,3.077746,9.206903,1.192312,9.780654,82.997932,71.515900
11.1901360,3.116054,9.214086,1.195904,9.799967,82.990646,71.315300
11.2002659,3.192668,9.282320,1.169568,9.885468,83.205315,71.019264
11.2103109,3.262100,9.399636,1.155202,10.016435,83.377304,70.860909
11.2209730,3.289633,9.472659,1.187524,10.097681,83.246178,70.849083
11.2315550,3.264494,9.520543,1.329979,10.152167,82.472359,71.073700
