Keuwl Accelerometer Data File
2019-06-26 17-15-46

Time (s), X (m/s2), Y (m/s2), Z (m/s2), R (m/s2), Theta (deg), Phi (deg)
0.0000000,2.612074,9.417592,0.434548,9.782781,87.454102,74.498055
0.0154560,2.776077,9.173384,0.767342,9.614904,85.422501,73.162979
0.0254780,2.765303,9.227253,0.778116,9.664085,85.381760,73.317123
0.0354900,2.749741,9.203311,0.779313,9.636874,85.361549,73.365044
0.0455870,2.886210,9.173384,0.851139,9.654305,84.942146,72.534927
0.0555660,2.975993,9.364920,0.761356,9.855857,85.569542,72.370735
0.0656400,2.873042,9.453506,0.709881,9.905910,85.890526,73.095299
0.0757480,2.693477,9.323022,0.804452,9.737592,85.261223,73.885674
0.0856920,2.823961,9.376891,0.731429,9.820174,85.728523,73.239708
0.0961800,2.728193,9.179369,1.149217,9.644924,83.156807,73.447571
0.1055950,2.912546,9.012972,1.194707,9.546932,82.811134,72.091736
0.1158690,3.338714,9.240421,1.296460,9.910257,82.483017,70.134392
0.1256100,3.740940,9.637859,1.387440,10.431105,82.356445,68.786255
0.1357750,3.798401,9.794679,1.516727,10.614332,81.784645,68.803581
0.1456340,3.581726,9.726444,1.418565,10.461587,82.206833,69.783966
0.1556750,3.096900,9.637859,1.139640,10.187144,83.576851,72.186409
0.1666270,2.468422,9.570822,0.890643,9.924061,84.851013,75.537941
0.1756520,2.161964,9.657013,0.544681,9.911037,86.849609,77.380981
0.1856080,2.389413,9.911995,0.456095,10.206123,87.438690,76.446701
0.1957570,2.492364,9.690532,0.420182,10.014730,87.595367,75.576385
0.2056580,2.547431,9.464279,0.556652,9.816916,86.749397,74.935150
0.2156540,2.650381,9.482236,0.693121,9.870042,85.973106,74.383781
0.2255250,2.713828,9.561244,0.702698,9.963736,85.955826,74.154137
0.2360840,2.735375,9.630676,0.639252,10.031991,86.346565,74.144005
0.2460250,2.612074,9.461885,0.582988,9.833112,86.601036,74.567154
0.2560180,2.536657,9.259575,0.673968,9.624374,85.984451,74.679718
0.2656910,2.591723,9.232041,0.818817,9.623829,85.119247,74.318901
0.2760160,2.786851,9.455899,0.859518,9.895420,85.016998,73.578651
0.2857900,2.806004,9.451111,0.890643,9.899010,84.837952,73.464012
0.2960050,2.868254,9.418790,0.901417,9.887013,84.768974,73.063217
0.3055460,2.966416,9.384073,0.933739,9.885965,84.580284,72.457642
0.3156190,3.039439,9.361329,0.950498,9.888181,84.483948,72.012405
0.3261200,3.039439,9.372103,0.975637,9.900826,84.344841,72.031754
0.3360920,3.013103,9.391256,0.946907,9.908134,84.515953,72.211617
0.3455600,2.986767,9.398438,0.922965,9.904711,84.653168,72.370056
0.3559860,2.984372,9.417592,0.908600,9.920840,84.745209,72.416939
0.3657080,2.997540,9.418790,0.884658,9.923783,84.885567,72.346268
0.3758230,2.975993,9.414001,0.863110,9.910848,85.003929,72.457001
0.3855840,2.946065,9.406818,0.837971,9.892913,85.140991,72.610275
0.3959330,2.888604,9.404425,0.816423,9.871868,85.256111,72.925461
0.4062460,2.838326,9.376891,0.800860,9.829729,85.326744,73.159264
0.4160700,2.777274,9.327810,0.802058,9.765479,85.288879,73.419563
0.4263640,2.713828,9.288305,0.812831,9.710725,85.198463,73.712860
0.4356850,2.676718,9.281123,0.827197,9.694757,85.105339,73.912201
0.4459290,2.674323,9.290700,0.830788,9.703573,85.088509,73.941559
0.4556550,2.695871,9.324219,0.839168,9.742330,85.058632,73.874062
0.4655490,2.719813,9.355343,0.849942,9.779684,85.014198,73.789635
0.4761500,2.759317,9.348161,0.879869,9.786527,84.841789,73.554863
0.4855910,2.774880,9.349358,0.909797,9.794804,84.670364,73.469162
0.4959450,2.776077,9.356541,0.944513,9.805283,84.472305,73.474426
0.5054630,2.789245,9.361329,0.952892,9.814396,84.428299,73.408363
0.5156339,2.784456,9.374496,0.946907,9.825020,84.469414,73.457283
0.5257660,2.796427,9.380483,0.943315,9.833784,84.495384,73.400085
0.5356400,2.807201,9.393650,0.937330,9.848839,84.538803,73.361732
0.5462019,2.816778,9.416395,0.918176,9.871463,84.663025,73.346207
0.5556419,2.828749,9.424775,0.908600,9.881991,84.724487,73.293411
0.5657669,2.831144,9.440337,0.900220,9.896753,84.781097,73.306091
0.5760210,2.837129,9.442732,0.893037,9.900101,84.824608,73.276772
0.5856630,2.832341,9.435549,0.885855,9.891232,84.861732,73.291420
0.5959310,2.821567,9.430760,0.893037,9.884230,84.816277,73.343468
0.6056850,2.823961,9.433155,0.893037,9.887197,84.817833,73.334114
0.6159680,2.833538,9.437943,0.905008,9.895593,84.752640,73.288757
0.6254430,2.849100,9.423578,0.919373,9.887691,84.664841,73.177971
0.6361200,2.863465,9.424775,0.922965,9.893315,84.646996,73.100006
0.6456620,2.873042,9.414001,0.940921,9.887524,84.539330,73.028427
0.6558110,2.862268,9.391256,0.928950,9.861604,84.594795,73.049820
0.6654760,2.861071,9.384073,0.938527,9.855323,84.535416,73.044281
0.6757170,2.831144,9.386468,0.926556,9.847825,84.601204,73.215652
0.6856980,2.826355,9.369708,0.914585,9.829352,84.661118,73.214157
0.6957420,2.817975,9.372103,0.889446,9.826922,84.806984,73.265175
0.7058790,2.796427,9.368511,0.872687,9.815834,84.899330,73.380043
0.7157760,2.784456,9.379285,0.857124,9.821346,84.993340,73.465271
0.7266270,2.786851,9.375694,0.845153,9.817559,85.061531,73.445839
0.7364740,2.790442,9.392453,0.853533,9.835307,85.021461,73.453629
0.7465970,2.800019,9.380483,0.863110,9.827436,84.961418,73.379944
0.7558450,2.804807,9.394848,0.871489,9.843251,84.920570,73.377144
0.7656149,2.822764,9.382876,0.887052,9.838354,84.827042,73.256500
0.7755920,2.817975,9.387665,0.897826,9.842526,84.766258,73.291374
0.7858160,2.811990,9.381680,0.910994,9.836315,84.685913,73.314842
0.7964870,2.813187,9.390059,0.910994,9.844650,84.690430,73.322205
0.8056130,2.822764,9.384073,0.912191,9.841794,84.681885,73.258522
0.8157380,2.822764,9.386468,0.909797,9.843856,84.696999,73.262550
0.8255619,2.827552,9.386468,0.902614,9.844569,84.739365,73.235748
0.8365370,2.833538,9.387665,0.878672,9.845265,84.879646,73.204277
0.8466110,2.832341,9.397242,0.879869,9.854160,84.877289,73.227127
0.8569900,2.820370,9.374496,0.882263,9.829246,84.850258,73.255791
0.8658650,2.820370,9.374496,0.863110,9.827544,84.961472,73.255791
0.8757950,2.817975,9.368511,0.863110,9.821148,84.958183,73.259125
0.8856460,2.828749,9.362526,0.860716,9.818327,84.970757,73.188583
0.8958290,2.843115,9.349358,0.847547,9.808778,85.043060,73.085625
0.9056420,2.849100,9.320627,0.860716,9.784288,84.953217,73.002823
0.9161990,2.868254,9.319430,0.860716,9.788743,84.955521,72.893135
0.9261870,2.905364,9.351752,0.869095,9.831161,84.928314,72.741241
0.9359940,2.943671,9.402030,0.857124,9.889289,85.027824,72.615242
0.9463150,2.986767,9.442732,0.876278,9.942526,84.943718,72.447670
0.9563980,2.980781,9.429564,0.881066,9.928645,84.908890,72.457726
0.9665790,2.943671,9.399636,0.889446,9.889868,84.840126,72.611084
0.9758010,2.928109,9.384073,0.896629,9.871099,84.788429,72.670532
0.9856070,2.919729,9.378088,0.887052,9.862059,84.839508,72.706795
0.9956949,2.902970,9.352949,0.884658,9.832980,84.838211,72.756699
1.0055320,2.870648,9.312247,0.890643,9.785286,84.777794,72.867256
1.0161439,2.843115,9.301474,0.888249,9.766765,84.781967,73.003555
1.0260210,2.816778,9.299079,0.896629,9.757615,84.727646,73.147949
1.0356079,2.802413,9.302670,0.913388,9.758456,84.629272,73.235168
1.0454960,2.794033,9.317036,0.900220,9.768530,84.712402,73.306831
1.0555960,2.807201,9.336189,0.883460,9.789041,84.822014,73.265038
1.0657029,2.835932,9.357738,0.869095,9.816572,84.920753,73.140175
1.0756639,2.850297,9.376891,0.842759,9.836693,85.085159,73.092285
1.0855229,2.862268,9.404425,0.849942,9.867025,85.058441,73.072197
1.0958059,2.861071,9.402030,0.854730,9.864809,85.029411,73.074806
1.1054870,2.856283,9.385271,0.859518,9.847864,84.992874,73.073067
1.1156739,2.850297,9.382876,0.851139,9.843119,85.039413,73.102455
1.1256419,2.841918,9.402030,0.855927,9.859375,85.019684,73.181702
1.1357490,2.841918,9.412804,0.851139,9.869235,85.052574,73.199860
1.1467780,2.839523,9.402030,0.852336,9.858374,85.040123,73.195068
1.1560079,2.834735,9.393650,0.853533,9.849107,85.028458,73.207687
1.1657830,2.819172,9.396045,0.852336,9.846820,85.034294,73.298744
1.1762599,2.821567,9.404425,0.847547,9.855089,85.066414,73.299416
1.1856999,2.808398,9.398438,0.839168,9.844894,85.110237,73.363045
1.1961149,2.791639,9.397242,0.848745,9.839806,85.051735,73.454895
1.2059129,2.788048,9.386468,0.839168,9.827675,85.101646,73.457085
1.2166070,2.790442,9.366117,0.846350,9.809538,85.050461,73.409660
1.2255601,2.804807,9.369708,0.852336,9.817578,85.019463,73.335014
1.2361549,2.820370,9.355343,0.861913,9.809170,84.959030,73.223434
1.2457560,2.825158,9.349358,0.857124,9.804421,84.984673,73.186409
1.2562649,2.827552,9.350554,0.851139,9.805731,85.020454,73.174995
1.2656909,2.835932,9.360131,0.845153,9.816764,85.061127,73.144241
1.2756670,2.835932,9.367314,0.839168,9.823100,85.099365,73.156441
1.2857289,2.828749,9.378088,0.848745,9.832127,85.047859,73.214905
1.2961359,2.815581,9.392453,0.849942,9.842158,85.045921,73.312820
1.3064899,2.810793,9.388862,0.852336,9.837569,85.029610,73.333603
1.3166580,2.804807,9.404425,0.853533,9.850821,85.029327,73.393135
1.3258940,2.798822,9.408015,0.857124,9.852859,85.009392,73.432610
1.3356639,2.788048,9.412804,0.851139,9.853858,85.044838,73.500847
1.3469490,2.783259,9.429564,0.837971,9.867391,85.128387,73.555344
1.3558151,2.783259,9.411607,0.837971,9.850232,85.119881,73.525665
1.3656440,2.785654,9.406818,0.848745,9.847257,85.055489,73.504326
1.3757910,2.778471,9.396045,0.829591,9.833300,85.160461,73.526711
1.3856820,2.777274,9.411607,0.811634,9.846336,85.271736,73.559181
1.3955829,2.792836,9.431957,0.792481,9.868626,85.394012,73.505791
1.4055589,2.807201,9.433155,0.806846,9.875009,85.313377,73.427582
1.4159060,2.811990,9.439140,0.820014,9.883171,85.240654,73.410812
1.4255000,2.822764,9.424775,0.823605,9.872827,85.214745,73.326797
1.4355520,2.833538,9.409213,0.841562,9.862578,85.105064,73.240585
1.4455999,2.831144,9.411607,0.843956,9.864379,85.092003,73.257973
1.4558890,2.826355,9.403227,0.859518,9.856355,84.997192,73.270645
1.4655069,2.827552,9.387665,0.855927,9.841540,85.010635,73.237770
1.4759250,2.827552,9.385271,0.837971,9.837711,85.113655,73.233734
1.4856719,2.808398,9.373300,0.816423,9.818981,85.230499,73.320900
1.4958159,2.784456,9.392453,0.798466,9.828984,85.340393,73.487183
1.5056810,2.771288,9.446322,0.797269,9.876674,85.369911,73.649780
1.5166649,2.810793,9.487024,0.794875,9.926531,85.407074,73.496628
1.5257490,2.809596,9.509769,0.810437,9.949188,85.327644,73.540588
1.5359349,2.791639,9.490616,0.811634,9.925916,85.309731,73.608894
1.5463229,2.798822,9.478644,0.816423,9.916887,85.277695,73.549362
1.5556760,2.815581,9.478644,0.809240,9.921041,85.321297,73.456230
1.5661449,2.797625,9.458294,0.811634,9.896706,85.295860,73.522552
1.5761160,2.784456,9.425972,0.831985,9.863790,85.161499,73.542725
1.5858539,2.755726,9.386468,0.846350,9.819171,85.055328,73.638550
1.5965710,2.730587,9.376891,0.852336,9.803503,85.012299,73.764236
1.6065410,2.715025,9.387665,0.859518,9.810116,84.973557,73.869499
1.6166470,2.711433,9.408015,0.833182,9.826332,85.136009,73.922775
1.6257370,2.710236,9.435549,0.804452,9.849979,85.315414,73.973991
1.6362549,2.719813,9.439140,0.782904,9.854323,85.443176,73.926086
1.6456889,2.717419,9.443929,0.764947,9.856840,85.549042,73.947227
1.6569269,2.725799,9.446322,0.767342,9.861632,85.537254,73.904160
1.6656799,2.746149,9.457097,0.781707,9.878719,85.461418,73.807777
1.6759119,2.772485,9.448717,0.808043,9.880175,85.308868,73.647018
1.6857159,2.783259,9.422380,0.811634,9.858323,85.277504,73.543488
1.6961160,2.814384,9.423578,0.822408,9.869191,85.219948,73.371567
1.7057570,2.823961,9.433155,0.835576,9.882174,85.149628,73.334114
1.7160839,2.820370,9.435549,0.847547,9.884453,85.081100,73.358124
1.7256839,2.815581,9.415198,0.843956,9.863353,85.091492,73.350891
1.7359281,2.803610,9.422380,0.828394,9.865480,85.183266,73.429733
1.7456429,2.783259,9.428367,0.816423,9.864440,85.252525,73.553368
1.7567320,2.772485,9.445126,0.810437,9.876937,85.293388,73.641129
1.7661639,2.765303,9.459491,0.804452,9.888175,85.333549,73.704720
1.7760880,2.746149,9.461885,0.790087,9.883969,85.415100,73.815536
1.7857629,2.732981,9.452309,0.787692,9.870956,85.422989,73.873634
1.7957460,2.711433,9.437943,0.797269,9.852019,85.358292,73.971130
1.8056810,2.677915,9.415198,0.805649,9.821724,85.294899,74.122940
1.8159369,2.667141,9.403227,0.818817,9.808404,85.211311,74.164490
1.8255498,2.658761,9.404425,0.814029,9.806878,85.238632,74.213669
1.8357629,2.671929,9.417592,0.809240,9.822683,85.274338,74.160469
1.8457530,2.691083,9.435549,0.808043,9.845021,85.292076,74.081490
1.8557299,2.701857,9.466674,0.811634,9.878092,85.286972,74.070877
1.8656210,2.706645,9.496601,0.836774,9.910174,85.156418,74.091812
1.8758769,2.688689,9.498995,0.876278,9.910995,84.927589,74.195847
1.8869179,2.645593,9.502586,0.887052,9.903795,84.861313,74.442390
1.8958769,2.584541,9.528923,0.890643,9.913298,84.845413,74.824699
1.9057099,2.541445,9.569624,0.869095,9.939415,84.983696,75.127037
1.9158340,2.562993,9.609129,0.869095,9.982966,85.005630,75.065475
1.9275149,2.620454,9.583989,0.867898,9.973609,85.007835,74.707947
1.9366989,2.674323,9.551667,0.894234,9.959217,84.848495,74.358551
1.9461030,2.677915,9.532514,0.927753,9.944886,84.647125,74.308655
1.9558429,2.663549,9.536105,0.934936,9.945145,84.605698,74.394310
1.9657259,2.613271,9.575610,0.924162,9.968729,84.680695,74.735184
1.9757179,2.559402,9.601946,0.882263,9.976287,84.926361,75.074806
1.9857910,2.525883,9.619903,0.846350,9.981930,85.136154,75.288025
1.9959270,2.454057,9.593566,0.809240,9.935480,85.328110,75.651291
2.0057738,2.404976,9.572019,0.814029,9.903034,85.284973,75.896339
2.0157380,2.376245,9.527725,0.835576,9.855063,85.136253,75.995941
2.0256131,2.389413,9.510966,0.830788,9.841645,85.157585,75.897598
2.0357699,2.433706,9.514558,0.836774,9.856466,85.129959,75.652084
2.0456491,2.483984,9.508572,0.841562,9.863637,85.105591,75.359451
2.0557060,2.531868,9.463082,0.840365,9.831912,85.096764,75.021225
2.0656090,2.579752,9.418790,0.854730,9.803024,84.998001,74.682663
2.0763221,2.598906,9.409213,0.854730,9.798885,84.995888,74.559387
2.0860949,2.561796,9.418790,0.831985,9.796356,85.128113,74.784325
2.0959229,2.552219,9.459491,0.811634,9.831305,85.264496,74.900833
2.1057148,2.536657,9.469068,0.757765,9.832195,85.579842,75.003235
2.1161258,2.530671,9.398438,0.768539,9.763483,85.485252,74.929680
2.1263859,2.588132,9.360131,0.749385,9.740229,85.587471,74.543564
2.1378789,2.682703,9.323022,0.720655,9.728051,85.751633,73.946808
2.1459200,2.746149,9.291897,0.694318,9.714049,85.901253,73.535355
2.1568408,2.755726,9.270349,0.703895,9.696848,85.837234,73.444763
2.1656508,2.758120,9.269152,0.703895,9.696384,85.837029,73.429146
2.1764090,2.735375,9.281123,0.707487,9.701653,85.818031,73.578461
2.1870000,2.698265,9.305065,0.764947,9.718539,85.485573,73.828995
2.1963677,2.705448,9.351752,0.790087,9.767239,85.360191,73.864922
2.2056439,2.725799,9.351752,0.757765,9.770335,85.551804,73.749939
2.2159071,2.758120,9.329007,0.744597,9.756640,85.623108,73.529686
2.2258320,2.791639,9.291897,0.712275,9.728306,85.801231,73.277733
2.2358799,2.826355,9.275137,0.708684,9.722072,85.819756,73.052773
2.2456439,2.880225,9.278728,0.693121,9.740170,85.919319,72.755051
2.2561939,2.940080,9.279925,0.670376,9.757586,86.060501,72.420677
2.2661250,2.981978,9.299079,0.666785,9.788241,86.093925,72.220276
2.2764919,2.953248,9.311050,0.744597,9.796517,85.640961,72.402191
2.2856939,2.894590,9.340978,0.802058,9.812023,85.311279,72.782791
2.2961221,2.882619,9.393650,0.778116,9.856755,85.472221,72.940376
2.3064461,2.877831,9.434352,0.729034,9.890419,85.772827,73.036331
2.3165140,2.870648,9.463082,0.714669,9.914701,85.866432,73.124702
2.3257442,2.890999,9.493010,0.714669,9.949163,85.880775,73.062424
2.3356910,2.904167,9.497798,0.746991,9.959937,85.698799,72.997803
2.3456078,2.938883,9.496601,0.815226,9.974320,85.311844,72.804443
2.3557041,2.930503,9.487024,0.770933,9.959208,85.560349,72.834297
2.3655710,2.908955,9.475053,0.815226,9.945011,85.297997,72.932884
2.3757749,2.916138,9.526528,0.755371,9.991456,85.664207,72.980278
2.3857191,2.895787,9.504981,0.760159,9.965344,85.625214,73.056122
2.3959758,2.857480,9.503783,0.763750,9.953412,85.599228,73.265671
2.4057479,2.835932,9.504981,0.768539,9.948760,85.569504,73.386856
2.4156940,2.796427,9.514558,0.774524,9.947196,85.534225,73.621391
2.4259200,2.743755,9.478644,0.784101,9.898873,85.456779,73.856010
2.4356289,2.747346,9.504981,0.773327,9.924244,85.530807,73.878441
2.4458330,2.736573,9.515755,0.774524,9.931682,85.527237,73.955650
2.4557939,2.748544,9.522937,0.743400,9.939489,85.710701,73.900620
2.4657018,2.764106,9.512163,0.738611,9.933130,85.735641,73.796852
2.4756007,2.773683,9.491813,0.723049,9.915171,85.818077,73.710663
2.4857500,2.764106,9.473856,0.712275,9.894522,85.871887,73.734795
2.4957540,2.767697,9.465476,0.718261,9.887937,85.834358,73.701126
2.5056200,2.777274,9.447520,0.702698,9.872318,85.918312,73.618324
2.5158038,2.770091,9.445126,0.703895,9.868093,85.909592,73.654503
2.5256801,2.755726,9.435549,0.718261,9.855937,85.820816,73.719139
2.5356579,2.738967,9.445126,0.708684,9.859745,85.878227,73.828514
2.5460529,2.723404,9.451111,0.685939,9.859561,86.010658,73.925293
2.5556858,2.719813,9.447520,0.687136,9.855210,86.001915,73.939606
2.5664749,2.743755,9.443929,0.684742,9.858238,86.017097,73.799774
2.5756898,2.774880,9.423578,0.681150,9.847220,86.033577,73.592339
2.5862048,2.778471,9.416395,0.699107,9.842619,85.926933,73.560387
2.5963898,2.776077,9.409213,0.707487,9.835671,85.875114,73.561928
2.6057918,2.767697,9.419987,0.711078,9.843878,85.857597,73.626625
2.6160791,2.806004,9.442732,0.720655,9.877154,85.815880,73.450142
2.6255689,2.856283,9.448717,0.767342,9.900779,85.554939,73.180290
2.6357250,2.882619,9.435549,0.816423,9.899779,85.269516,73.011765
2.6455719,2.899378,9.421184,0.872687,9.895791,84.940651,72.894203
2.6559799,2.887407,9.433155,0.932542,9.909145,84.599953,72.981102
2.6657069,2.898181,9.481039,0.931344,9.957758,84.633308,73.002563
2.6756499,2.902970,9.509769,0.921768,9.985620,84.703514,73.024567
2.6860549,2.899378,9.518148,0.956484,9.995819,84.509056,73.058434
2.6959679,2.911349,9.514558,0.964863,9.996686,84.461288,72.986473
2.7063520,2.917335,9.435549,0.972046,9.923976,84.378906,72.819153
2.7156889,2.876633,9.399636,0.980426,9.878736,84.304245,72.983971
2.7255909,2.861071,9.391256,0.931344,9.861482,84.580757,73.056503
2.7359369,2.815581,9.404425,0.894234,9.857503,84.795197,73.332878
2.7456229,2.770091,9.421184,0.840365,9.855878,85.108719,73.615189
2.7567379,2.712631,9.411607,0.785298,9.826159,85.416084,73.921867
2.7658238,2.651578,9.364920,0.779313,9.764216,85.422173,74.191086
2.7759390,2.603694,9.311050,0.744597,9.696871,85.596077,74.377151
2.7858140,2.565387,9.283517,0.770933,9.662258,85.423615,74.552513
2.7957461,2.546233,9.318233,0.782904,9.691528,85.366463,74.716858
2.8056948,2.545036,9.318233,0.742203,9.688011,85.606239,74.723709
2.8159280,2.574964,9.311050,0.725443,9.687743,85.705528,74.541260
2.8255968,2.619257,9.309854,0.720655,9.698104,85.738487,74.286453
2.8358798,2.682703,9.313444,0.751779,9.721230,85.564674,73.931152
2.8458569,2.712631,9.288305,0.758962,9.706030,85.515182,73.719666
2.8557870,2.711433,9.279925,0.786495,9.699869,85.349174,73.712555
2.8661671,2.732981,9.293094,0.778116,9.717831,85.407356,73.612061
2.8756490,2.746149,9.299079,0.786495,9.727939,85.362625,73.547386
2.8860269,2.786851,9.351752,0.827197,9.793164,85.154640,73.405785
2.8957598,2.814384,9.370906,0.847547,9.821048,85.049271,73.283302
2.9055898,2.856283,9.388862,0.866701,9.851915,84.953003,73.079170
2.9160399,2.880225,9.396045,0.876278,9.866570,84.904686,72.957817
2.9256549,2.914941,9.423578,0.881066,9.903382,84.895866,72.811897
2.9357779,2.955642,9.428367,0.903811,9.922035,84.773605,72.594627
2.9458799,2.974796,9.425972,0.931344,9.928029,84.617188,72.484535
2.9557900,2.987964,9.415198,0.972046,9.925661,84.379868,72.392883
2.9658279,2.983175,9.405622,1.009156,9.918843,84.160545,72.402565
2.9757068,2.953248,9.424775,1.023521,9.929534,84.083527,72.601646
2.9856288,2.912546,9.446322,1.009156,9.936515,84.170967,72.864113
2.9957118,2.894590,9.487024,0.973243,9.966417,84.396011,73.032509
3.0057330,2.870648,9.503783,0.948104,9.973035,84.544838,73.192894
3.0157309,2.857480,9.485827,0.957681,9.953053,84.478470,73.235771
3.0256219,2.857480,9.467871,0.961272,9.936288,84.448318,73.205765
3.0356910,2.849100,9.434352,0.980426,9.903817,84.318718,73.196098
3.0456569,2.838326,9.435549,0.969652,9.900803,84.379631,73.258080
3.0557559,2.855086,9.428367,0.967257,9.898545,84.392273,73.152710
3.0655699,2.844312,9.449914,0.972046,9.916444,84.374626,73.248833
3.0757060,2.847903,9.476251,0.991199,9.944463,84.279633,73.272873
3.0857849,2.833538,9.470264,1.009156,9.936460,84.170937,73.342621
3.0956700,2.849100,9.434352,1.003170,9.906095,84.187805,73.196098
3.1058459,2.817975,9.447520,1.065420,9.916236,83.832123,73.391380
3.1156368,2.798822,9.465476,1.067814,9.928185,83.825676,73.527718
3.1256969,2.785654,9.449914,1.041478,9.906837,83.965508,73.575493
3.1358137,2.770091,9.424775,1.027112,9.876981,84.030991,73.621101
3.1464918,2.742558,9.414001,1.003170,9.856541,84.158485,73.757706
3.1561430,2.722207,9.388862,0.972046,9.823748,84.321373,73.831009
3.1657798,2.700660,9.375694,0.944513,9.802515,84.470741,73.931007
3.1759939,2.686294,9.351752,0.908600,9.772257,84.665077,73.973267
3.1857138,2.677915,9.326612,0.885855,9.743801,84.783768,73.979843
3.1959238,2.630031,9.350554,0.919373,9.756802,84.593056,74.290298
3.2055621,2.596512,9.398438,0.909797,9.792867,84.669304,74.556091
3.2156489,2.638410,9.406818,0.905008,9.811650,84.707619,74.332336
3.2257309,2.730587,9.408015,0.912191,9.838646,84.680176,73.815132
3.2360330,2.804807,9.369708,0.954089,9.826935,84.428421,73.335014
3.2458930,2.890999,9.308656,1.007959,9.799231,84.096054,72.746719
3.2561400,2.972401,9.275137,1.023521,9.793412,84.000992,72.230911
3.2667918,3.019088,9.278728,1.058237,9.814762,83.810280,71.976288
3.2756128,3.043030,9.329007,1.089362,9.873050,83.665260,71.934181
3.2858040,3.029862,9.382876,1.094150,9.920464,83.667839,72.104004
3.2957540,2.989161,9.342175,1.070208,9.866948,83.773224,72.257195
3.3070920,2.864662,9.179369,0.986411,9.666443,84.143066,72.668098
3.3162911,2.822764,9.179369,0.893037,9.645016,84.687340,72.906723
3.3258827,2.827552,9.246407,0.787692,9.701111,85.342682,72.996361
3.3364899,2.826355,9.205706,0.733823,9.657733,85.642296,72.932358
3.3457530,2.870648,9.180567,0.769736,9.649659,85.424759,72.636192
3.3558068,2.905364,9.160215,0.836774,9.646288,85.023582,72.402428
3.3661160,2.981978,9.172187,0.930147,9.689499,84.491386,71.990089
3.3756640,3.033453,9.191340,1.029507,9.733574,83.928551,71.735359
3.3856597,3.113659,9.232041,1.121683,9.807325,83.432594,71.362465
3.3964939,3.169923,9.244013,1.171962,9.842443,83.161438,71.072319
3.4061177,3.175909,9.241618,1.183933,9.843556,83.092033,71.034569
3.4168229,3.172317,9.249998,1.146823,9.845876,83.311150,71.070427
3.4258599,3.161543,9.287108,1.107318,9.872786,83.560234,71.200256
3.4365349,3.171120,9.425972,1.131260,10.009231,83.510468,71.405846
3.4456928,3.094506,9.605537,1.194707,10.162167,83.248459,72.143211
3.4557929,3.014300,9.649830,1.097741,10.169084,83.802910,72.652855
3.4658589,2.901772,9.491813,0.988805,9.974594,84.310791,73.000916
3.4763539,2.993949,9.357738,0.881066,9.864444,84.875664,72.258255
3.4861288,3.060987,9.364920,0.902614,9.893740,84.765579,71.899673
3.4966719,2.916138,9.429564,0.982820,9.918995,84.313538,72.815529
3.5057559,2.699462,9.489418,0.906205,9.907439,84.751984,74.120491
3.5161090,2.479196,9.534908,0.877475,9.890947,84.910316,75.425110
3.5258789,2.389413,9.599552,0.859518,9.929727,85.034256,76.022614
3.5372348,2.442086,9.593566,0.891840,9.939601,84.852158,75.718414
3.5463181,2.636016,9.537302,0.991199,9.944405,84.279594,74.549728
3.5564530,2.841918,9.503783,1.114501,9.982009,83.589508,73.351753
3.5669491,2.926912,9.513360,1.186327,10.023882,83.203110,72.898788
3.5761299,2.936488,9.500193,1.218649,10.018070,83.012947,72.823738
3.5858219,2.941277,9.419987,1.295263,9.953138,82.522537,72.659660
3.5963588,3.051410,9.351752,1.312023,9.924101,82.402931,71.928864
3.6058500,3.162740,9.325416,1.320402,9.935279,82.362778,71.265488
3.6157448,3.239355,9.331401,1.380257,9.973644,82.045280,70.855782
3.6255867,3.290830,9.360131,1.407791,10.021152,81.924271,70.629372
3.6359410,3.236961,9.408015,1.486799,10.059783,81.500755,71.013496
3.6456890,3.172317,9.567230,1.547851,10.197614,81.269577,71.655434
3.6561861,2.817975,9.649830,1.707066,10.196777,80.362602,73.720963
3.6659257,2.460042,9.604341,1.698686,10.058862,80.277611,75.633209
3.6757498,2.211045,9.479841,1.478420,9.845904,81.364044,76.871239
3.6866291,2.048239,9.403227,1.308431,9.712257,82.257599,77.711609
3.6958027,1.958457,9.403227,1.158794,9.674660,83.120819,78.234917
3.7056508,1.944092,9.423578,1.012747,9.675174,83.991570,78.343369
3.7167201,2.008735,9.459491,0.895431,9.711785,84.709785,78.011253
3.7264149,2.105700,9.448717,0.894234,9.721722,84.722298,77.436607
3.7362778,2.201468,9.346964,0.942118,9.648823,84.396667,76.746803
3.7461691,2.279280,9.228451,0.980426,9.556184,84.111328,76.126511
3.7558749,2.310405,9.153033,1.027112,9.495838,83.790482,75.833359
3.7660918,2.313996,9.108741,1.112107,9.463642,83.251373,75.746040
3.7757409,2.333150,9.095572,1.161188,9.461575,82.950508,75.612984
3.7857649,2.367866,9.054871,1.159991,9.430963,82.934837,75.345215
3.7956107,2.456451,9.054871,1.121683,9.448969,83.182365,74.821823
3.8058071,2.606089,9.051279,1.132457,9.486823,83.144165,73.937576
3.8156168,2.770091,9.033323,1.268927,9.533337,82.350990,72.951706
3.8256109,2.919729,9.020155,1.352724,9.576945,81.879936,72.063782
3.8357990,2.855086,9.046491,1.397017,9.588648,81.622482,72.484230
3.8457379,2.755726,9.091981,1.349133,9.595744,81.917610,73.138252
3.8559239,2.664747,9.182961,1.217452,9.638974,82.743874,73.818130
3.8655958,2.624045,9.306262,1.049857,9.725962,83.803200,74.253380
3.8756089,2.682703,9.435549,0.963666,9.856730,84.389381,74.128555
3.8855569,2.758120,9.531317,0.940921,9.966873,84.582932,73.860901
3.8959510,2.914941,9.538500,0.957681,10.019831,84.515381,73.006981
3.9056120,2.999935,9.430760,1.057040,9.952697,83.903320,72.354080
3.9155378,3.022680,9.290700,1.262941,9.851331,82.634407,71.977982
3.9255319,2.956839,9.241618,1.404199,9.804193,81.765533,72.258018
3.9357760,2.931700,9.297882,1.472434,9.859693,81.411392,72.499504
3.9457221,2.851494,9.351752,1.476025,9.887615,81.414780,73.042725
3.9558771,2.837129,9.428367,1.357512,9.939127,82.149849,73.252716
3.9656119,2.874239,9.494206,1.197101,9.991710,83.118896,73.157043
3.9758451,2.911349,9.516952,1.009156,10.003335,84.210037,72.990501
3.9857018,3.053804,9.639056,0.864307,10.148110,85.114243,72.420982
3.9965041,3.112462,9.514558,0.792481,10.042025,85.473717,71.885719
4.0062499,3.224990,9.321824,0.743400,9.891895,85.690018,70.916367
4.0157990,3.423708,9.182961,0.742203,9.828500,85.669167,69.552895
4.0257330,3.664326,9.100361,0.841562,9.846425,85.097015,68.067467
4.0356531,3.776853,8.991425,0.922965,9.796030,84.593674,67.215134
4.0478749,3.861847,8.874108,0.950498,9.724563,84.390839,66.482216
4.0612102,3.971981,8.768764,0.843956,9.663338,84.989639,65.630936
4.0765271,4.102465,8.831013,0.751779,9.766379,85.585220,65.082680
4.0861049,4.255693,8.926781,0.665588,9.911677,86.149582,64.511307
4.0957508,4.308366,9.008183,0.592565,10.003025,86.603889,64.439491
4.1056709,4.467580,9.072827,0.615310,10.131835,86.518265,63.783756
4.1157360,4.587290,9.060856,0.671574,10.178082,86.216743,63.148018
4.1256938,4.629189,9.015367,0.679953,10.157192,86.161575,62.820515
4.1357789,4.526238,8.929175,0.677559,10.033748,86.127983,63.119350
4.1455932,4.458004,8.842984,0.703895,9.928123,85.934372,63.246010
4.1576471,4.489128,8.790312,0.693121,9.894558,85.983093,62.947033
4.1710582,4.783615,8.701726,0.936133,9.973933,84.614410,61.201008
4.1857419,4.776433,8.712500,1.185130,10.006323,83.198029,61.267231
4.1960716,4.781221,8.712500,1.349133,10.029350,82.269226,61.243023
4.2056751,4.826711,8.699332,1.410185,10.048092,81.932274,60.976871
4.2156949,4.886566,8.686164,1.404199,10.064777,81.980148,60.639248
4.2258778,4.990714,8.667010,1.400608,10.098811,82.027931,60.065426
4.2358122,5.090073,8.687361,1.429338,10.169664,81.920372,59.633236
4.2458210,5.268441,8.750807,1.565808,10.333675,81.284698,58.949871
4.2560086,5.567716,8.912416,1.871069,10.673871,79.904213,58.006374
4.2665758,5.967548,9.135077,2.274492,11.146056,78.225380,56.845161
4.2762856,6.306327,9.417592,2.234987,11.552314,78.844841,56.192444
4.2856936,6.533776,10.014946,1.383849,12.037625,83.398666,56.879471
4.2960839,5.349844,10.686520,-2.541445,12.218080,102.005577,63.406715
4.3061037,4.417302,11.395203,-1.437718,12.305699,96.709389,68.811386
4.3158240,3.552995,10.554838,1.625663,11.254828,81.695068,71.395615
4.3258309,3.349488,9.074024,2.713828,10.045986,74.327370,69.739418
4.3361459,4.005499,7.305906,0.663194,8.358236,85.449020,61.266026
4.3457680,4.061763,5.683835,-1.756147,7.203330,104.110725,54.449768
4.3562512,3.626019,4.697424,-1.179144,6.050139,101.238617,52.334862
4.3657198,4.408922,4.034230,-1.649605,6.199581,105.431335,42.458981
4.3761826,5.438429,3.148375,-2.683900,6.833162,113.127319,30.067091
4.3858047,5.893328,2.753332,-2.354697,6.917857,109.900002,25.041735
4.3961840,5.550957,2.867057,-1.586159,6.445854,104.245323,27.316252
4.4070725,5.127183,3.737349,-1.112107,6.441472,99.941811,36.089367
4.4162869,4.934450,5.335478,-0.566229,7.289495,94.455070,47.236195
4.4257188,4.805163,7.291541,0.086191,8.732903,89.434502,56.614914
4.4357190,4.515464,9.265560,0.478840,10.318397,87.340149,64.018242
4.4456172,4.456807,11.320983,-0.397437,12.173157,91.870964,68.511597
4.4556880,4.220978,13.836092,-1.307234,14.524564,95.163696,73.034622
4.4657836,3.094506,15.401899,1.422156,15.773933,84.827271,78.639549
4.4756980,1.910573,15.915456,3.239355,16.353760,78.575287,83.154678
4.4857631,0.457293,15.656882,3.071761,15.961917,78.904602,88.327034
4.4959669,-1.766921,14.532804,2.430115,14.840144,80.575211,96.932083
4.5057635,-3.654749,13.183672,1.910573,13.813642,82.049904,105.494324
4.5160761,-4.468778,12.352883,1.204283,13.191437,84.762016,109.888092
4.5261760,-4.523844,12.113463,0.660800,12.947502,87.074532,110.478439
4.5360670,-4.153940,12.184093,0.324414,12.876823,88.556358,108.825851
4.5459380,-3.450045,12.135012,-0.071826,12.616119,90.326195,105.870720
4.5557399,-2.327164,11.833342,-0.638055,12.076870,93.028503,101.125893
4.5660639,-0.889446,11.356895,-1.164779,11.451065,95.838104,94.478134
4.5760407,0.598550,10.884041,-1.447295,10.996148,97.563118,86.852280
4.5857396,1.918953,10.455479,-1.489193,10.733923,97.974777,79.599930
4.5956626,2.846706,9.980229,-1.189918,10.446273,96.540665,74.080025
4.6058459,3.488352,9.465476,-0.793678,10.118980,94.498589,69.769432
4.6162677,3.919308,8.986636,-0.314838,9.809165,91.839294,66.436722
4.6257510,4.163517,8.598776,0.122104,9.554513,89.267754,64.163795
4.6360726,4.292804,8.291121,0.623690,9.357342,86.178261,62.626724
4.6478310,4.441244,8.109161,1.070208,9.307443,83.397293,61.291260
4.6568832,4.560954,8.040926,1.339556,9.340942,81.754959,60.437332
4.6663995,4.570531,7.996634,1.564611,9.342586,80.359200,60.249577
4.6764350,4.554969,8.000225,1.649605,9.352675,79.841148,60.344757
4.6865406,4.507085,8.074445,1.629254,9.389619,80.007660,60.830124
4.6968727,4.443638,8.249222,1.490391,9.487720,80.962189,61.689823
4.7058840,4.303577,8.474277,1.280898,9.590351,82.324577,63.076714
4.7156878,4.043807,8.708909,1.042675,9.658398,83.802544,65.093155
4.7258282,3.769670,8.856153,0.774524,9.656177,85.399345,66.942703
4.7356200,3.512294,8.984241,0.476446,9.658147,87.172394,68.647514
4.7458539,3.298013,9.144653,0.214281,9.723553,88.737251,70.168198
4.7557297,3.175909,9.358934,-0.002394,9.883120,90.013878,71.255608
4.7667637,3.175909,9.514558,0.225055,10.033138,88.714684,71.541267
4.7757850,3.335123,9.573215,0.225055,10.140027,88.728233,70.792656
4.7857308,3.491943,9.531317,0.689530,10.174238,86.113960,69.878922
4.7960792,3.458424,9.248801,1.447295,9.979764,81.661392,69.497612
4.8058577,3.315969,8.998607,1.533486,9.711959,80.915169,69.771255
4.8158989,3.302801,8.708909,1.407791,9.419950,81.405075,69.231071
4.8255739,3.701436,8.508993,1.221043,9.359196,82.503563,66.490822
4.8359981,4.249708,8.491036,1.132457,9.562436,83.198631,63.412334
4.8459182,4.462792,8.567651,1.131260,9.726299,83.320847,62.485504
4.8564982,4.311957,8.530540,1.213860,9.635173,82.762520,63.184639
4.8657298,4.207809,8.611943,1.163582,9.655317,83.078346,63.959789
4.8758097,4.060566,8.767567,1.107318,9.725460,83.462257,65.149498
4.8857021,3.948039,8.804677,1.031901,9.704337,83.895973,65.848419
4.8956180,3.872621,8.917204,0.867898,9.760480,84.898544,66.525345
4.9056468,3.197456,8.634688,0.464475,9.219398,87.112206,69.680229
4.9157391,2.455254,8.208521,0.021548,8.567880,89.855904,73.347527
4.9256639,2.833538,8.836999,-0.426168,9.289947,92.629318,72.221825
4.9357429,3.649961,9.509769,0.290895,10.190316,88.364197,69.002617
4.9465089,5.080496,9.617508,1.464054,10.975033,82.333969,62.154526
4.9566760,6.373365,9.131485,2.021903,11.317769,79.708946,55.086697
4.9668322,6.117185,8.324639,2.112883,10.544375,78.440811,53.690479
4.9756651,5.214571,7.807492,2.175132,9.637421,76.956161,56.261307
4.9856229,4.764462,7.715315,2.085350,9.304562,77.048790,58.303299
4.9957790,4.600459,7.971495,2.608483,9.566250,74.176460,60.010170
5.0067997,4.662708,9.042900,3.323152,10.703188,71.911690,62.723427
5.0156980,4.586093,10.742783,1.240196,11.746392,83.939354,66.882370
5.0258389,4.501099,12.825739,-2.712631,13.860658,101.286041,70.661850
5.0357037,3.837905,14.006080,-1.900996,14.646282,97.457672,74.676117
5.0477386,2.863465,12.372037,4.446033,13.454885,70.704514,76.968544
5.0557995,3.694253,9.091981,6.345831,11.686796,57.112484,67.887108
5.0657668,5.351041,6.347029,5.009867,9.696246,58.890110,49.866497
5.0762839,6.452374,4.900931,3.209427,8.715083,68.391579,37.218658
5.0857630,6.676231,4.338294,0.666785,7.989835,85.212860,33.016285
5.0960116,5.999869,4.181473,-1.404199,7.446806,100.868988,34.873695
5.1057005,4.985925,3.974375,-3.384204,7.218583,117.957619,38.559006
5.1161489,4.313154,3.342306,-4.771644,7.248648,131.168869,37.772457
5.1256657,4.577713,3.339911,-3.605668,6.716496,122.468628,36.114586
5.1362677,5.568913,3.646369,-2.597709,7.145411,111.318329,33.215664
5.1456451,6.639122,3.763685,-2.286463,7.966879,106.678200,29.548685
5.1572151,8.410830,4.823119,-0.644040,9.716961,93.800354,29.831749
5.1667390,11.037270,6.748057,1.308431,13.002676,84.224670,31.441126
5.1758089,13.079524,9.038112,0.755371,15.916407,87.279800,34.644947
5.1856723,12.204443,12.611458,-2.776077,17.768059,98.988701,45.939648
5.1956301,7.254431,14.542381,-0.726640,16.267626,92.560135,63.487801
5.2058268,1.665167,14.937425,2.655170,15.262678,79.981575,83.639145
5.2159925,-2.808398,15.715540,3.335123,16.309149,78.200119,100.131920
5.2255907,-6.361394,16.717514,4.189853,18.371105,76.816673,110.832954
5.2357130,-9.008183,17.421410,2.935291,19.831007,81.488075,117.342377
5.2457919,-10.412383,16.899473,-0.142455,19.850195,90.411186,121.638741
5.2574401,-7.679402,14.787786,-0.296881,16.665533,91.020721,117.443169
5.2664967,-7.679402,12.672509,-0.201113,14.819115,90.777596,121.215408
5.2757621,-4.137180,11.587936,-0.201113,12.305973,90.936409,109.647820
5.2861409,1.279701,10.819398,-0.480037,10.905386,92.522881,83.254486
5.2957878,2.956839,10.486604,-0.275333,10.898971,91.447578,74.253487
5.3056965,4.224569,10.060435,-0.010774,10.911437,90.056572,67.221535
5.3156838,5.238513,9.556456,0.336385,10.903257,88.232040,61.269993
5.3257670,5.975927,8.949526,1.043872,10.811817,84.459511,56.267506
5.3363490,6.512228,8.335413,1.613692,10.700105,81.326080,52.000469
5.3464117,6.458359,7.656657,2.050634,10.224476,78.430222,49.852505
5.3563108,5.930438,7.147889,2.449268,9.605276,75.226891,50.318295
5.3658090,5.448006,7.056910,2.439692,9.242989,74.695396,52.331493
5.3757973,5.137957,7.353790,1.987187,9.188348,77.509804,55.058716
5.3858862,4.762067,7.799112,1.435324,9.250059,81.073395,58.592136
5.3957458,4.244920,8.231265,0.987608,9.313885,83.913132,62.719532
5.4064679,3.678691,8.614338,0.664391,9.390474,85.942841,66.875443
5.4162989,3.062184,8.857349,0.524330,9.386401,86.797752,70.928589
5.4256282,2.486378,9.057265,0.574608,9.409904,86.499100,74.649452
5.4363728,1.781286,9.174581,0.744597,9.375518,85.444817,79.012466
5.4458208,1.277307,9.332599,0.902614,9.462749,84.526459,82.206635
5.4562759,1.001973,9.604341,1.076194,9.716249,83.640739,84.044159
5.4665251,0.719458,9.927557,1.241394,10.030706,82.890884,85.854980
5.4764042,0.681150,10.218452,1.295263,10.322715,82.791695,86.186371
5.4856620,0.829591,10.468647,1.255759,10.576281,83.180984,85.469048
5.4959831,0.812831,10.579977,1.149217,10.673205,83.818802,85.606750
5.5061188,0.760159,10.627861,0.901417,10.693074,85.164276,85.908882
5.5160718,0.723049,10.635044,0.697910,10.682417,86.254051,86.110596
5.5257030,0.666785,10.499771,0.555455,10.535575,86.977859,86.366325
5.5359306,0.632069,10.266336,0.486023,10.297252,87.294678,86.476906
5.5457358,0.602142,9.931149,0.494403,9.961662,87.155212,86.530312
5.5564170,0.697910,9.540894,0.592565,9.584720,86.455490,85.816307
5.5660968,0.864307,9.119514,0.744597,9.190593,85.352959,84.585938
5.5756998,1.149217,8.677784,0.918176,8.801573,84.012032,82.456100
5.5857048,1.504756,8.342596,1.060631,8.543309,82.868469,79.775482
5.5957289,1.856703,8.133103,1.182736,8.425769,81.930672,77.140343
5.6068783,2.159570,8.067263,1.276109,8.448250,81.312210,75.013565
5.6164789,2.420538,8.195353,1.355118,8.652118,80.989082,73.545235
5.6257906,2.627636,8.286332,1.351527,8.797408,81.162773,72.405922
5.6357841,2.950854,8.414422,1.379060,9.022851,81.208405,70.674744
5.6461177,3.222595,8.462306,1.392228,9.161552,81.259224,69.152283
5.6563058,3.380613,8.383297,1.358709,9.140804,81.451752,68.037956
5.6656809,3.497929,8.265982,1.282095,9.066737,81.870758,67.063301
5.6756659,3.652355,8.209718,1.238999,9.070518,82.149063,66.016586
5.6860757,3.784036,8.179790,1.218649,9.094669,82.299438,65.174362
5.6959739,3.799598,8.214506,1.210269,9.131254,82.383530,65.177223
5.7062659,3.592500,8.254010,1.221043,9.084365,82.275414,66.479256
5.7158294,3.444059,8.305486,1.179144,9.068242,82.528671,67.477547
5.7257671,3.258508,8.392874,1.084573,9.068324,83.130974,68.781448
5.7359653,3.007117,8.426393,1.063026,9.009820,83.224159,70.360100
5.7456408,2.911349,8.457518,0.998382,9.000129,83.631088,71.004890
5.7557979,2.981978,8.579621,0.939724,9.131549,84.093254,70.834328
5.7665887,4.050989,8.875306,0.573411,9.772941,86.636330,65.466446
5.7761846,5.583278,11.379641,0.357933,12.680588,88.382507,63.865700
5.7861886,6.339846,12.660539,-2.743755,14.422589,100.966797,63.400288
5.7957759,3.016694,12.407950,-7.083246,14.602399,119.017326,76.335037
5.8055921,-3.483563,10.772711,-0.984017,11.364630,94.967224,107.919609
5.8158236,-5.665878,7.788338,4.827908,10.773537,63.376453,126.035225
5.8257298,-0.750582,5.954380,1.932121,6.304847,72.154572,97.184555
5.8360667,4.478354,6.023811,1.877054,7.737267,75.960007,53.371338
5.8461952,6.301539,5.687426,4.135983,9.442594,64.022797,42.067692
5.8561358,7.972692,5.853823,5.616797,11.374509,60.408974,36.287392
5.8657279,9.299079,7.161057,5.072116,12.785929,66.628258,37.599239
5.8768535,6.986280,7.738060,4.413711,11.321066,67.053772,47.922810
5.8862467,4.873397,8.883685,2.160767,10.360443,77.962059,61.251781
5.8957229,3.879804,11.152191,-1.746570,11.936278,98.413986,70.817413
5.9061036,2.590526,13.457808,-4.232949,14.343684,107.164070,79.104263
5.9156680,1.290475,14.160506,-5.639542,15.296722,111.634018,84.792908
5.9258227,0.870292,12.868834,-6.047753,14.245688,115.121056,86.131096
5.9358559,2.005144,12.005724,-5.844246,13.502341,115.647423,80.518227
5.9456058,3.529053,12.146982,-2.275689,12.852322,100.198814,73.799873
5.9564729,3.202245,10.905589,4.978743,12.408631,66.344765,73.636002
5.9655395,1.996764,10.061633,9.510966,13.988639,47.163666,78.775307
5.9759250,1.298854,11.176133,8.840590,14.309052,51.842014,83.371002
5.9857669,-2.013524,12.012907,6.886921,13.992638,60.515915,99.515091
5.9957285,-6.795941,12.197261,3.992331,14.522283,74.043304,119.125214
6.0057011,-9.794679,12.558785,0.106542,15.927027,89.616722,127.950897
6.0157709,-9.676167,13.673285,-3.585317,17.130133,102.081268,125.285873
6.0255671,-7.817069,14.433445,-4.884171,17.125597,106.570633,118.439713
6.0361419,-5.124789,14.050373,-4.007894,15.483528,105.001770,110.039139
6.0456591,-3.032256,13.092692,-3.442862,13.873229,104.369003,103.039757
6.0557408,-2.511518,12.036849,-3.537433,12.794799,106.049889,101.785812
6.0661864,-2.796427,11.197681,-3.960010,12.202039,108.937508,104.021828
6.0758157,-2.875436,10.641029,-4.270059,11.820873,111.175774,105.121407
6.0858078,-2.252944,10.295067,-4.395754,11.418704,112.641312,102.343857
6.0956039,-0.854730,10.028113,-4.472369,11.013433,113.959015,94.871742
6.1063142,0.883460,9.716867,-4.228160,10.633690,113.429436,84.804932
6.1157665,2.676718,9.386468,-3.508703,10.372154,109.772179,74.083565
6.1256819,4.404134,8.943541,-2.181118,10.204929,102.341133,63.782642
6.1365829,5.919664,8.282741,-0.331597,10.186077,91.865532,54.446655
6.1457238,6.982689,7.641095,1.470040,10.454917,81.917000,47.577881
6.1558452,7.462727,7.122750,3.203442,10.802217,72.749252,43.664719
6.1656246,7.340622,6.898892,4.253299,10.934807,67.109650,43.223175
6.1757765,6.755240,6.937200,4.582502,10.712484,64.673744,45.761360
6.1861329,6.135142,7.304709,4.252102,10.444096,65.975342,49.973484
6.1959071,5.616797,7.886500,3.435679,10.273714,70.463058,54.541378
6.2064037,5.238513,8.614338,2.492364,10.385601,76.114487,58.695560
6.2163019,4.855441,9.273940,1.672350,10.600850,80.923317,62.365356
6.2257090,4.365827,9.762358,1.077391,10.748248,84.247086,65.905319
6.2357969,3.643975,9.967062,0.663194,10.633001,86.424065,69.917503
6.2458148,2.791639,9.934740,0.282516,10.323378,88.431816,74.304756
6.2559099,2.087744,9.847352,-0.308852,10.070969,91.757401,78.029930
6.2661538,1.374272,9.846154,-0.554258,9.957037,93.191017,82.054306
6.2758727,1.316811,9.813833,-0.702698,9.926686,94.059296,82.357750
6.2858081,1.428141,9.660604,-0.634463,9.786183,93.717239,81.590782
6.2958350,1.693898,9.387665,-0.351948,9.545753,92.112946,79.771683
6.3057709,2.014721,9.042900,0.064643,9.264843,89.600227,77.439873
6.3157296,2.394202,8.725668,0.456095,9.059664,87.114311,74.656456
6.3258185,2.811990,8.475474,0.769736,8.962893,85.073357,71.645210
6.3374019,3.228581,8.407239,0.967257,9.057648,83.869751,68.992012
6.3461757,3.655946,8.513782,1.085770,9.328950,83.316353,66.760582
6.3560200,4.003105,8.718486,1.188721,9.666948,82.936600,65.337715
6.3658309,4.294001,8.945934,1.213860,9.997082,83.025856,64.359245
6.3756275,4.587290,9.030929,1.273715,10.208980,82.832863,63.071556
6.3865261,4.811148,8.905233,1.417367,10.220531,82.028618,61.619389
6.3960629,5.061342,8.635885,1.551443,10.129298,81.189674,59.626175
6.4076591,5.157111,8.317456,1.642422,9.923377,80.473114,58.199654
6.4162707,5.080496,8.084022,1.635240,9.686942,80.281441,57.852222
6.4255862,4.926070,8.027759,1.441309,9.528297,81.299690,58.465488
6.4356036,4.660314,8.158242,1.103727,9.460109,83.299942,60.263268
6.4467931,4.521450,8.395268,0.682347,9.559793,85.906929,61.694370
6.4557667,4.432865,8.562862,0.508768,9.655659,86.979622,62.630081
6.4656324,4.339490,8.635885,0.505177,9.678062,87.007912,63.320694
6.4771357,4.200627,8.561666,0.737414,9.565101,85.578438,63.865955
6.4856930,4.165911,8.479065,0.895431,9.489529,84.585518,63.834316
6.4956021,4.033033,8.365341,1.006762,9.341192,83.812836,64.260719
6.5055590,3.937265,8.333019,1.205481,9.294862,82.548134,64.709755
6.5159988,4.286818,8.573636,1.825579,9.757909,79.217163,63.434948
6.5255318,5.288792,9.543288,2.649184,11.227816,76.352470,61.005234
6.5355926,6.081272,10.850522,0.509965,12.448926,87.652245,60.731159
6.5455956,5.781997,12.431892,-5.541380,14.788182,112.006805,65.057152
6.5554800,2.768894,13.593081,-7.035362,15.554257,116.892052,78.486443
6.5656424,-2.578555,12.237962,1.531092,12.600036,83.020462,101.898262
6.5757260,-4.513070,8.391677,5.237316,10.872788,61.204147,118.271500
6.5857301,-0.815226,6.299145,2.576161,6.854227,67.923141,97.374146
6.5956359,2.782062,6.350620,3.084929,7.588612,66.013535,66.342865
6.6056299,5.187038,7.108385,3.733757,9.559051,67.008209,53.881508
6.6155634,6.941988,8.540117,3.541024,11.561299,72.164658,50.893444
6.6256690,8.807071,9.935937,1.865083,13.407679,82.003906,48.446686
6.6363277,9.749189,10.115502,0.369904,14.053716,88.491760,46.056438
6.6458497,9.379285,8.833407,-0.407014,12.890529,91.809395,43.283226
6.6556768,8.656237,7.266402,-1.104924,11.355699,95.583786,40.011482
6.6656656,7.837419,5.969942,-0.689530,9.876274,94.003464,37.297359
6.6760316,7.764396,5.586870,1.070208,9.625192,83.616180,35.736897
6.6856675,7.884106,5.882554,2.844312,10.239808,73.872841,36.727654
6.6956220,7.382521,6.816292,3.908534,10.781470,68.744759,42.716335
6.7059231,6.051345,8.838196,3.205836,11.180781,73.337868,55.601295
6.7157378,3.177106,10.718841,3.130419,11.609783,74.357376,73.489975
6.7268677,-0.907402,11.513716,0.780510,11.575760,86.133827,94.506195
6.7365336,-5.243302,11.930307,-1.572991,13.126262,96.882599,113.725212
6.7461557,-9.339781,12.109872,-4.842273,16.041451,107.569359,127.641335
6.7563648,-13.557167,13.006501,-7.152678,20.102901,110.842682,136.187576
6.7658129,-12.825739,12.903550,-6.517017,19.325441,109.707878,134.826721
6.7760510,-9.838972,12.231977,-5.448006,16.616480,109.139404,128.811981
6.7856078,-5.568913,11.839328,-5.386954,14.149266,112.378487,115.191078
6.7958336,-1.375469,12.193669,-5.816713,13.579825,115.361931,96.435867
6.8056331,2.296039,12.496535,-5.975927,14.040900,115.189194,79.588928
6.8160272,5.300763,12.138602,-5.005079,14.159610,110.700058,66.409760
6.8258801,7.404069,11.131841,-3.050213,13.712837,102.852081,56.371117
6.8362122,8.368932,9.629479,-0.676362,12.775889,93.034683,49.006260
6.8463464,8.560468,8.271967,1.787272,12.037499,81.461418,44.018070
6.8562107,8.492233,7.527370,3.806781,11.969583,71.455696,41.553230
6.8657789,8.370130,7.334637,4.843470,12.137345,66.480873,41.227665
6.8758492,8.069656,7.588422,4.898537,12.111943,66.144051,43.239628
6.8856368,7.528567,8.134300,4.150349,11.835182,69.471153,47.214706
6.8957710,6.602011,8.684967,3.222595,11.375426,73.543076,52.759159
6.9060950,5.395334,9.150639,2.348712,10.879350,77.532417,59.475853
6.9157987,4.252102,9.598354,1.699883,10.634772,80.802277,66.106499
6.9256830,3.227384,9.894038,1.132457,10.468546,83.789757,71.933945
6.9357829,2.426523,10.070012,0.768539,10.386713,85.756668,76.451981
6.9464889,1.806425,10.159795,0.535104,10.333003,87.031555,79.918091
6.9564400,1.392228,10.257957,0.417788,10.360432,87.688904,82.270943
6.9657879,1.150414,10.347740,0.355539,10.417562,88.044182,83.656174
6.9762430,0.980426,10.372879,0.541090,10.433150,87.027161,84.600548
6.9860959,1.004368,10.512939,0.751779,10.587531,85.928223,84.542732
6.9956570,1.183933,10.764331,1.022324,10.877392,84.607033,83.723457
7.0056987,1.381454,10.886436,1.277307,11.047824,83.360840,82.767998
7.0157971,1.696292,10.984597,1.397017,11.202251,82.836075,81.221466
7.0256481,2.067393,10.994174,1.472434,11.283353,82.501740,79.350212
7.0364928,2.339135,10.785878,1.657985,11.160450,81.456573,77.763741
7.0464816,2.472013,10.550050,1.729811,10.972997,80.929916,76.812759
7.0557566,2.497152,10.308235,1.726219,10.745944,80.756004,76.382530
7.0656648,2.450465,9.975441,1.691504,10.410350,80.648956,76.198578
7.0756688,2.339135,9.703699,1.619677,10.112205,80.783203,76.447067
7.0856371,2.375048,9.516952,1.703475,9.955654,80.147858,75.987495
7.0957909,2.252944,9.478644,2.155979,9.978412,77.522026,76.629677
7.1058211,2.299631,9.727641,2.659958,10.343630,75.098442,76.699364
7.1165805,2.270900,10.026917,2.974796,10.702591,73.862053,77.238907
7.1256647,1.156399,9.884461,2.566584,10.277509,75.538567,83.327209
7.1362309,-0.014365,9.343372,1.455675,9.456099,81.144661,90.088089
7.1458035,0.307655,9.135077,-0.845153,9.179246,95.282829,88.071098
7.1560225,0.835576,9.216479,-1.740585,9.416545,100.651993,84.819664
7.1658597,1.786075,9.987412,-1.759738,10.297337,99.839722,79.860832
7.1757040,2.747346,10.674548,-3.270479,11.497388,106.526222,75.566826
7.1867599,2.458845,10.465055,-3.649961,11.352777,108.753891,76.777748
7.1956549,2.116474,9.137471,-1.383849,9.480922,98.392952,76.958794
7.2056465,3.053804,7.153875,2.345121,8.124237,73.222412,66.883614
7.2156239,4.605247,4.611232,4.505888,7.923054,55.339970,45.037209
7.2257838,6.597223,2.918532,4.302381,8.399503,59.188286,23.864021
7.2365608,8.950723,3.567361,4.249708,10.530979,66.200111,21.730032
7.2457356,8.950723,5.547365,2.984372,10.945099,74.176941,31.789282
7.2568202,6.781576,6.582858,0.950498,9.498802,84.257080,44.148121
7.2656817,5.142745,5.910087,-0.817620,7.876894,95.958023,48.971382
7.2758579,4.708198,5.479131,-1.128866,7.311794,98.881409,49.327652
7.2858028,4.473566,4.757279,-1.394622,6.677535,102.055138,46.760448
7.2960639,4.384980,3.440468,-2.111686,5.960209,110.750381,38.117832
7.3058128,5.896919,3.107674,-1.683124,6.874896,104.171295,27.789213
7.3157496,7.571663,4.128801,-1.477222,8.749815,99.719742,28.603477
7.3277240,7.129933,5.425261,0.266953,8.963295,88.293312,37.267990
7.3408041,7.524976,9.813833,1.171962,12.422160,84.586411,52.520008
7.3566008,7.716512,12.140997,-0.573411,14.397123,92.282593,57.560986
7.3663650,6.684611,14.016854,-0.460884,15.536043,91.699951,64.503616
7.3760819,5.110424,15.093047,0.939724,15.962443,86.624992,71.294182
7.3856416,3.284845,15.996859,2.644396,16.543352,80.802017,78.396011
7.3955731,1.382651,17.519571,2.385822,17.735254,82.268890,85.487549
7.4056549,-1.341950,17.630901,3.414132,18.008493,79.071465,94.352592
7.4157071,-4.568137,16.187199,4.139575,17.321354,76.173256,105.759422
7.4261265,-7.654263,14.337677,3.241749,16.573040,78.720001,118.095825
7.4357476,-9.888053,12.830527,1.972822,16.318335,83.056183,127.620224
7.4456015,-10.323798,12.458228,0.787692,16.199034,87.212845,129.647629
7.4563146,-9.106346,12.770672,-0.622492,15.697232,92.272728,125.491417
7.4658012,-6.860585,12.838906,-2.078167,14.704554,98.124710,118.118217
7.4759111,-4.425682,12.357672,-3.163938,13.502192,103.551994,109.704086
7.4856267,-2.428918,11.519701,-3.626019,12.318732,107.118561,101.906364
7.4961877,-1.095347,10.557233,-3.436877,11.156481,107.942413,95.923431
7.5062389,-0.240617,9.683349,-2.863465,10.100721,106.468681,91.423424
7.5158272,0.417788,9.053674,-2.047042,9.291606,102.727295,87.357918
7.5258427,1.035492,8.690952,-1.152808,8.828015,97.503410,83.205467
7.5357637,1.653196,8.439561,-0.341174,8.606721,92.271820,78.916870
7.5458727,2.371457,8.249222,0.314838,8.589097,87.899323,73.961304
7.5558491,3.254917,8.204929,0.922965,8.875090,84.030731,68.361641
7.5665526,4.200627,8.273164,1.610101,9.417161,80.155479,63.081215
7.5758424,4.940435,8.370130,2.388216,10.008523,76.195000,59.448940
7.5869155,5.282806,8.529344,3.041833,10.483821,73.133339,58.227234
7.5957379,5.301960,8.847773,3.398569,10.860209,71.763634,59.068176
7.6061640,4.978743,9.264363,3.623624,11.124162,70.989372,61.746059
7.6157546,4.468778,9.668983,3.669114,11.265949,70.993118,65.194725
7.6260958,3.794810,9.925163,3.554192,11.204540,71.505714,69.076035
7.6361575,3.210624,10.054450,3.363853,11.077706,72.322449,72.290482
7.6456218,2.687491,10.126276,3.169923,10.945889,73.166023,75.136475
7.6566515,2.231396,10.273520,3.076549,10.953971,73.688370,77.745758
7.6665745,1.697489,10.518925,2.843115,11.027807,75.059654,80.832939
7.6758447,1.116895,10.711658,2.470816,11.049525,77.078674,84.047333
7.6861329,0.612916,10.710462,2.007538,10.914205,79.400772,86.724770
7.6959057,0.195127,10.275913,1.575385,10.397802,81.285484,88.912155
7.7057247,-0.046687,9.758766,1.217452,9.834525,82.888908,90.274109
7.7156019,-0.107739,9.447520,1.047463,9.506021,83.673759,90.653374
7.7256527,0.147243,10.098742,1.219846,10.173215,83.113228,89.164665
7.7364521,-0.223858,9.136273,0.476446,9.151426,87.015686,91.403587
7.7458839,-0.265756,8.640674,0.136469,8.645837,89.095581,91.761658
7.7557015,-0.317232,8.929175,-0.058658,8.935001,90.376144,92.034721
7.7664986,-1.443704,8.933964,0.390255,9.058272,87.530777,99.179482
7.7757058,-1.897405,8.907627,-0.059855,9.107664,90.376549,102.024803
7.7857628,-0.490811,8.750807,-1.175553,8.843045,97.639244,93.210220
7.7955918,2.323573,8.462306,-1.701080,8.938864,100.970390,74.646172
7.8055615,5.054160,8.275558,-0.914585,9.739911,95.388054,58.586193
7.8156462,6.660669,8.406042,1.011550,10.772617,84.611984,51.607861
7.8261318,6.763620,8.374918,3.408146,11.291646,72.432510,51.075508
7.8358879,6.607996,7.917625,4.741716,11.350695,65.307587,50.151852
7.8458257,7.098808,7.577648,5.073313,11.556484,63.959812,46.868694
7.8556190,7.703344,7.439982,5.244499,11.924747,63.908905,44.003654
7.8660560,7.900866,7.692570,5.280412,12.226285,64.412430,44.234695
7.8759198,7.518991,8.055291,4.205415,11.794425,69.110939,46.972202
7.8857355,6.823475,8.456321,2.463634,11.141753,77.225342,51.099655
7.8964877,5.859808,8.918402,1.300052,10.750134,83.054016,56.693207
7.9066877,4.510676,8.797494,1.764527,10.042691,79.880455,62.854752
7.9157438,3.726575,7.789535,2.704251,9.048601,72.610947,64.433182
7.9258118,2.838326,5.822699,0.319626,6.485528,87.175148,64.012672
7.9358158,1.325191,5.240908,-0.657208,5.445656,96.931633,75.809891
7.9463978,-0.076614,6.347029,3.068170,7.050128,64.202400,90.691582
7.9566998,-0.457293,6.766014,1.318008,6.908343,79.001404,93.866554
7.9661069,0.281319,7.485472,-1.429338,7.625906,100.802956,87.847725
7.9757557,0.386664,7.252037,-3.441665,8.036579,115.356552,86.947998
7.9856787,0.642843,6.588843,-3.451242,7.465733,117.534180,84.427551
7.9957223,1.930924,6.695385,-0.082600,6.968750,90.679138,73.912636
8.0058508,4.508282,7.456741,2.297236,9.011375,75.230782,58.843201
8.0157671,6.977901,7.820660,2.242170,10.718263,77.925018,48.259399
8.0256472,8.512584,8.012196,1.789666,11.826338,81.296059,43.265553
8.0362282,9.794679,8.698134,2.104503,13.267336,80.873024,41.606579
8.0457382,10.230424,9.437943,3.092112,14.258244,77.475044,42.692680
8.0558548,9.738416,10.085575,4.434062,14.704301,72.449364,46.003265
8.0657825,8.820239,10.915166,5.841852,15.200812,67.398972,51.059296
8.0757542,7.593211,12.024879,7.184999,15.933574,63.196339,57.729294
8.0857658,5.580884,12.972981,7.332242,15.912457,62.562141,66.722969
8.0956316,2.415750,13.769054,6.022614,15.221517,66.692574,80.048866
8.1057634,-1.355118,14.398729,3.447650,14.867618,76.591637,95.376480
8.1156912,-5.352238,14.539987,0.703895,15.509775,87.398796,110.208900
8.1257315,-8.898050,14.390349,-1.388637,16.976034,94.692032,121.729935
8.1364479,-10.897209,14.131776,-2.774880,18.059795,98.838486,127.636314
8.1456490,-11.016919,13.538013,-3.736152,17.849625,102.082069,129.137894
8.1559143,-9.673772,12.488156,-4.590882,16.450293,106.205063,127.762642
8.1667681,-7.818265,11.270704,-5.111620,14.638398,110.437943,124.748283
8.1758232,-5.906496,10.310630,-4.924873,12.862742,112.512123,119.806450
8.1866188,-3.854665,9.746795,-4.210204,11.295321,111.884621,111.577820
8.1957388,-1.910573,9.349358,-3.157952,10.051539,108.311073,101.549568
8.2058821,-0.144849,9.094376,-2.030283,9.319372,102.583145,90.912491
8.2160263,1.423353,8.842984,0.493206,8.970371,86.848198,80.856186
8.2257814,2.871845,8.647857,2.084153,9.347546,77.116905,71.629318
8.2362242,5.510255,8.245630,3.720589,10.592267,69.435890,56.246632
8.2458620,6.467936,8.137892,5.068525,11.565008,64.006844,51.522583
8.2557287,6.813898,8.242040,5.880159,12.203962,61.195415,50.418617
8.2667704,6.384139,8.543709,6.022614,12.248431,60.547295,53.231712
8.2766314,5.467160,9.026140,5.640739,11.965742,61.874306,58.796585
8.2867746,4.296395,9.634268,4.960786,11.657080,64.813889,65.965553
8.3010836,2.925714,10.168175,4.229357,11.394694,68.212273,73.947754
8.3157015,-0.122104,10.833763,2.440889,11.106002,77.303825,90.645737
8.3257952,-1.116895,11.020511,1.691504,11.205369,81.317741,95.786995
8.3357229,-1.707066,10.866084,1.456872,11.095419,82.455055,98.928215
8.3456268,-1.782483,10.645818,1.507150,10.898724,82.051277,99.505150
8.3558664,-1.680730,10.351331,1.646014,10.615284,81.079681,99.222542
8.3664665,-1.294066,10.357317,1.713051,10.577484,80.679749,97.121758
8.3759117,-0.803255,10.237606,1.669956,10.403968,80.763420,94.486305
8.3861990,-0.442927,9.958682,1.549049,10.088165,81.167229,92.546638
8.3957424,-0.088585,9.679757,1.332373,9.771426,82.163078,90.524338
8.4060726,0.104148,9.502586,1.054646,9.561500,83.667313,89.372070
8.4157372,-0.153229,9.283517,1.095347,9.349168,83.271782,90.945610
8.4261923,0.075417,9.837775,1.838747,10.008422,79.413490,89.560776
8.4360352,0.007183,9.038112,2.199074,9.301798,76.325020,89.954468
8.4461060,0.247800,7.870938,1.534683,8.022987,78.972168,88.196762
8.4560308,0.271742,7.212533,1.359907,7.344646,79.329765,87.842323
8.4664421,0.603339,7.107188,1.237802,7.239357,80.155060,85.147720
8.4763308,1.024718,7.784747,1.871069,8.071755,76.596672,82.501183
8.4861670,0.960075,8.798691,3.495534,9.516169,68.449211,83.772766
8.4958181,0.500388,9.203311,4.376601,10.203233,64.599525,86.887863
8.5061216,0.550666,8.819042,3.942053,9.675666,65.957176,86.427055
8.5159998,1.442507,7.916428,2.964022,8.575318,69.778786,79.673042
8.5258665,2.954445,7.168240,2.493561,8.144340,72.171371,67.600616
8.5359669,4.189853,6.493075,2.873042,8.244348,69.605240,57.166645
8.5457401,5.210980,6.088455,3.827132,8.880908,64.472816,49.440479
8.5568218,5.837064,5.871779,4.389769,9.371188,62.067410,45.169876
8.5656672,5.717354,5.711368,4.765658,9.381864,59.471622,44.969990
8.5768538,4.893748,5.791574,4.782418,8.964520,57.758915,49.802952
8.5865965,4.062960,6.052542,4.510676,8.572462,58.252148,56.127262
8.5962334,3.697845,6.376956,4.255693,8.511789,60.001564,59.891579
8.6057186,3.592500,6.762423,4.181473,8.724743,61.362522,62.020771
8.6159477,3.569755,7.204153,4.010288,8.984731,63.490589,63.640965
8.6264400,3.724181,7.903260,3.557784,9.433391,67.842873,64.769211
8.6358376,4.299986,9.240421,3.705027,10.844468,70.022484,65.045311
8.6456842,4.916493,10.541670,4.701015,12.545846,67.993805,64.996284
8.6558962,4.920084,11.373655,4.668694,13.242505,69.356415,66.607368
8.6661091,2.996343,11.687296,2.530671,12.327825,78.154037,75.620445
8.6758232,-0.726640,10.856507,1.994370,11.062064,79.613396,93.829170
8.6855354,-2.345121,8.834604,3.307590,9.720595,70.106911,104.866165
8.6957312,0.022745,7.565677,1.174356,7.656312,81.176910,89.827751
8.7054911,2.607286,7.108385,1.238999,7.672170,80.706451,69.857460
8.7157621,5.455189,5.579687,0.381875,7.812670,87.198326,45.646400
8.7260427,6.295553,5.804742,0.568623,8.582095,86.200974,42.677246
8.7355022,6.204574,6.227319,1.877054,8.988857,77.946785,45.104828
8.7455120,6.302736,6.475119,2.207454,9.301854,76.271973,45.772915
8.7560940,6.533776,6.582858,2.127248,9.515746,77.082352,45.214397
8.7655363,6.817489,7.362170,3.706224,10.696532,69.727318,47.199814
8.7756433,6.937200,8.318654,4.529830,11.740702,67.305176,50.174160
8.7854652,6.689400,9.440337,4.517859,12.420913,68.670555,54.678707
8.7955132,5.451597,10.741586,4.686650,12.925412,68.740540,63.091179
8.8055716,3.295619,12.148179,4.842273,13.486547,68.958466,74.821823
8.8155346,0.500388,13.345281,3.945644,13.925337,73.540184,87.852669
8.8268585,-2.375048,14.031219,2.133234,14.389812,81.474701,99.607323
8.8356600,-5.498284,14.144943,0.373495,15.180581,88.590179,111.241615
8.8463917,-8.444349,14.058752,-1.286883,16.450277,94.486755,120.991013
8.8563585,-10.673351,14.121001,-3.398569,18.024244,100.868492,127.083794
8.8657598,-12.135012,13.795390,-3.493140,18.702227,100.764732,131.336227
8.8764524,-12.064383,12.795811,-2.454057,17.756815,97.943916,133.314743
8.8876047,-10.551247,11.659762,-1.769315,15.824327,96.419655,132.142822
8.8958340,-8.542512,10.826580,-1.613692,13.885004,96.673904,128.274551
8.9056501,-6.288371,10.504560,-1.738190,12.365705,98.080566,120.906113
8.9159451,-4.017470,10.545261,-1.890222,11.441833,99.509010,110.855537
8.9255753,-1.946486,10.724827,-1.950077,11.073099,100.143227,100.286835
8.9357424,0.117316,10.809821,-1.776498,10.955453,99.332085,89.378212
8.9458351,2.273294,10.715250,-1.125275,11.011390,95.865402,78.022011
8.9557390,4.393360,10.420763,-0.080206,11.309303,90.406349,67.139870
8.9662333,6.307524,9.941922,1.491588,11.868088,82.779945,57.607441
8.9761648,7.972692,9.344569,3.336320,12.728543,74.804504,49.529526
8.9864807,8.984241,8.718486,5.135562,13.531541,67.695717,44.139935
8.9959412,9.451111,8.232463,6.430826,14.087316,62.838665,41.057743
9.0062971,9.279925,7.934384,7.052121,14.099784,59.989536,40.530613
9.0165329,8.584411,7.789535,7.000646,13.541713,58.870846,42.220749
9.0270081,7.416040,7.908048,6.409278,12.594193,59.408920,46.838955
9.0357723,6.159084,8.224083,5.529409,11.668086,61.712788,53.170155
9.0456285,4.923676,8.626308,4.472369,10.893020,65.759232,60.283382
9.0556326,3.800795,9.033323,3.456030,10.391877,70.575142,67.180946
9.0657349,2.642002,9.387665,2.638410,10.102952,74.861549,74.281631
9.0757332,1.550246,9.751583,1.954866,10.065691,78.801376,80.967064
9.0858307,0.744597,10.120291,1.370680,10.239799,82.307404,85.792068
9.0961742,0.100556,10.274716,0.937330,10.317872,84.787766,89.439278
9.1056623,-0.453701,10.061633,0.731429,10.098380,85.846413,92.581841
9.1168547,-0.887052,9.635465,0.566229,9.692763,86.651009,95.259888
9.1258383,-1.028310,9.348161,0.500388,9.417850,86.954330,96.277367
9.1364069,-0.817620,9.275137,0.477643,9.323348,87.063400,95.037704
9.1458950,-0.551863,9.266758,0.457293,9.294432,87.179871,93.408112
9.1557579,-0.101754,9.627085,0.497994,9.640493,87.038986,90.605568
9.1659050,0.123301,9.988609,0.738611,10.016640,85.771263,89.292763
9.1757936,-0.061052,9.414001,0.497994,9.427361,86.971977,90.371574
9.1856241,0.185551,9.188946,0.451307,9.201893,87.188797,88.843193
9.1956978,-0.561440,9.312247,1.106121,9.394502,83.238235,93.450218
9.2056751,-2.094927,8.366538,-0.195127,8.627036,91.296036,104.057457
9.2157393,0.043096,6.416461,-0.730232,6.458023,96.492523,89.615181
9.2275639,2.726996,6.561310,-0.298078,7.111691,92.402191,67.431374
9.2362480,5.098453,7.407660,0.569820,9.010679,86.374290,55.461620
9.2463121,6.470330,8.388085,1.781286,10.742352,80.455185,52.354431
9.2561970,7.165846,8.705317,3.154361,11.708198,74.370560,50.540245
9.2658682,7.317877,8.339005,4.496311,11.971095,67.938766,48.731495
9.2757893,7.467515,8.068460,5.415684,12.255343,63.774578,47.215145
9.2865686,7.256825,8.359355,6.147113,12.662043,60.956364,49.038479
9.2957506,7.155072,9.350554,6.675035,13.534549,60.449871,52.576679
9.3056707,7.339425,10.324995,6.776788,14.366542,61.854889,54.593243
9.3156176,7.923611,10.942698,6.455965,14.973501,64.458839,54.091694
9.3259153,7.973889,10.905589,5.906496,14.744540,66.385017,53.826679
9.3376198,7.394492,10.348937,5.117606,13.710176,68.082527,54.453548
9.3457241,6.534974,9.709685,4.028244,12.377829,71.007744,56.058002
9.3562174,5.493496,9.267955,2.987964,11.180403,74.499306,59.343044
9.3670712,4.096479,9.091981,2.160767,10.203635,77.774223,65.745598
9.3759794,2.653973,9.154230,1.151611,9.600506,83.110603,73.832191
9.3856297,1.436521,9.312247,0.205901,9.424645,88.748154,81.230591
9.3969688,0.626084,9.473856,-0.237026,9.497479,91.430061,86.219086
9.4055891,0.192733,9.482236,-0.308852,9.489222,91.865173,88.835579
9.4155521,-0.034716,9.095572,-0.260968,9.099382,91.643456,90.218681
9.4255714,-0.300472,8.453926,0.106542,8.459935,89.278412,92.035568
9.4354973,-0.524330,7.922413,0.670376,7.967996,85.173790,93.786491
9.4455185,-0.371101,7.724892,1.276109,7.838375,80.630379,92.750359
9.4556007,-0.142455,7.965509,2.076970,8.233069,75.388023,91.024567
9.4655342,0.040701,8.239645,2.826355,8.711009,71.067268,89.716980
9.4755630,0.238223,8.160637,3.173514,8.759220,68.758141,88.327911
9.4855185,0.812831,7.931990,2.886210,8.479821,70.101059,84.149033
9.4957008,1.413776,7.927202,2.528277,8.439874,72.568619,79.887909
9.5055447,1.990779,8.353370,2.493561,8.942026,73.807907,76.595291
9.5157576,2.535460,8.966286,2.540248,9.657934,74.750557,74.210320
9.5255833,3.014300,9.528923,2.554613,10.315640,75.661819,72.446190
9.5356922,3.305195,9.771935,2.539051,10.623644,76.172470,71.312744
9.5455322,3.391387,9.660604,2.687491,10.585432,75.292427,70.656212
9.5559788,3.374627,9.445126,3.034651,10.478912,73.166229,70.338814
9.5656786,3.343503,9.430760,3.325546,10.544074,71.615349,70.478973
9.5763922,3.374627,9.695320,3.300407,10.783321,72.177696,70.808647
9.5854940,3.579332,10.165780,2.983175,11.182756,74.528107,70.603035
9.5955601,3.878607,10.613496,2.622848,11.600397,76.932442,69.925621
9.6056356,4.070143,10.747571,2.432509,11.747061,78.049072,69.258148
9.6157503,3.866636,10.339360,2.354697,11.287066,77.958557,69.495590
9.6255379,3.228581,9.564836,2.388216,10.373688,76.690056,71.348045
9.6356993,2.403779,8.787917,2.485181,9.443609,74.742348,74.701965
9.6455393,1.641225,8.255207,2.369063,8.743828,74.279724,78.755592
9.6555119,1.103727,8.039729,2.009932,8.360340,76.089096,82.183067
9.6655760,0.894234,8.113950,1.631648,8.324549,78.696594,83.710838
9.6755552,1.037886,8.419210,1.417367,8.600537,80.514389,82.972267
9.6855536,1.424550,8.774749,1.362301,8.993410,81.287430,80.778679
9.6954813,1.905785,8.995016,1.516727,9.318948,80.633026,78.037575
9.7056179,2.955642,8.768764,2.566584,9.602832,74.497902,71.372849
9.7156343,3.490746,8.628703,3.178303,9.835723,71.147156,67.974182
9.7258024,3.830723,8.548497,3.701436,10.072332,68.439377,65.862061
9.7359838,4.059369,8.565256,4.071340,10.315905,66.754837,64.642120
9.7460957,4.225766,8.767567,4.152743,10.581711,66.893257,64.266998
9.7565775,4.204218,9.149442,3.995923,10.833057,68.354439,65.320961
9.7659140,3.843891,9.627085,3.769670,11.030262,70.016037,68.234222
9.7755995,3.093309,10.176555,3.511097,11.200831,71.731674,73.092606
9.7858515,2.258929,10.635044,3.163938,11.323313,73.774529,78.008347
9.7958069,1.482011,10.795456,2.850297,11.263322,75.341331,82.183243
9.8056822,1.140837,10.717644,2.656367,11.100706,76.154938,83.924042
9.8158665,1.005565,10.406398,2.516306,10.753422,76.467285,84.480675
9.8255749,1.156399,10.085575,2.443283,10.441538,76.467529,83.459099
9.8359261,1.368286,9.837775,2.239776,10.181877,77.292336,82.081818
9.8456964,1.539472,9.751583,2.049437,10.082833,78.272339,81.028816
9.8559837,1.656788,9.677363,1.917756,10.003704,78.947723,80.285011
9.8658676,1.793257,9.488221,1.912967,9.843860,78.794357,79.297440
9.8761263,1.946486,9.200917,1.926135,9.599775,78.425392,78.055000
9.8858299,2.076970,8.900445,2.094927,9.376590,77.089958,76.864761
9.8956890,2.148796,8.629900,2.225410,9.167603,75.951256,76.017998
9.9057589,2.185906,8.485051,2.408567,9.087105,74.629883,75.553665
9.9157219,2.303222,8.576031,2.428918,9.206127,74.702141,74.967087
9.9262800,2.448071,8.846576,2.328361,9.469752,75.766541,74.531891
9.9365807,2.531868,9.115923,2.149993,9.702209,77.197075,74.477829
9.9456282,2.493561,9.214086,1.952471,9.743171,78.440010,74.857056
9.9557352,2.315193,9.125500,1.903390,9.605090,78.570343,75.764091
9.9660988,2.141613,8.930372,1.974019,9.393338,77.868797,76.514435
9.9757309,2.149993,8.746018,2.122460,9.253116,76.739555,76.189095
9.9857931,2.266112,8.668207,2.310405,9.252624,75.540085,75.349174
9.9957142,2.280477,8.683769,2.482787,9.315184,74.542046,75.285599
10.0055847,2.117671,8.822633,2.571373,9.430553,74.177147,76.502792
10.0158100,1.885434,9.062054,2.574964,9.607608,74.453934,78.246826
10.0258188,1.678335,9.281123,2.485181,9.753572,75.238441,79.749794
10.0356979,1.477222,9.367314,2.363077,9.773069,76.007507,81.038277
10.0466089,1.398214,9.447520,2.272097,9.816978,76.617798,81.581451
10.0556917,1.364695,9.526528,2.218228,9.876116,77.020332,81.847725
10.0667400,1.411382,9.628283,2.194286,9.975506,77.292885,81.660568
10.0765276,1.519121,9.771935,2.212242,10.133729,77.390511,81.163666
10.0869684,1.601721,9.890448,2.249352,10.268693,77.346786,80.801025
10.0958500,1.671153,9.923966,2.300828,10.323356,77.121994,80.441322
10.1063614,1.689109,9.891644,2.361880,10.309034,76.755447,80.309570
10.1155720,1.754950,9.774328,2.402581,10.217130,76.399399,79.821175
10.1261072,1.878251,9.659407,2.476802,10.147242,75.872162,78.996269
10.1357603,2.059013,9.580399,2.582147,10.133659,75.237740,77.870537
10.1456470,2.254141,9.527725,2.671929,10.148788,74.735481,76.689278
10.1557150,2.361880,9.513360,2.703054,10.168037,74.583229,76.057098
10.1657829,2.346318,9.477448,2.695871,10.128917,74.564354,76.094948
10.1759806,2.248155,9.354146,2.667141,9.983380,74.504776,76.485962
10.1858110,2.237381,9.330204,2.591723,9.938592,74.884026,76.515114
10.1958132,2.035071,9.202114,2.656367,9.791665,74.259041,77.529610
10.2055712,2.067393,9.202114,2.409764,9.734474,75.667450,77.337883
10.2156143,2.014721,9.380483,2.324770,9.872037,76.379471,77.878281
10.2255764,1.932121,9.522937,2.319981,9.990082,76.571693,78.530869
10.2360935,1.983596,9.544485,2.279280,10.011342,76.840080,78.259552
10.2457666,2.035071,9.434352,2.284068,9.917937,76.685455,77.827316
10.2558393,2.090138,9.340978,2.294842,9.843213,76.518021,77.387253
10.2662058,2.128445,9.284714,2.335544,9.807699,76.223587,77.088493
10.2757015,2.157176,9.267955,2.316390,9.793572,76.318672,76.897331
10.2857113,2.190695,9.327810,2.212242,9.833677,76.999123,76.783257
10.2957802,2.187103,9.419987,2.114080,9.898935,77.668564,76.928833
10.3057585,2.172738,9.437943,2.051831,9.899776,78.038155,77.035645
10.3161869,2.193089,9.372103,2.038663,9.838805,78.041313,76.829659
10.3256502,2.249352,9.301474,2.070984,9.791117,77.788750,76.405304
10.3365917,2.335544,9.269152,2.151190,9.797936,77.317078,75.857597
10.3456154,2.388216,9.327810,2.223016,9.881974,76.999672,75.638954
10.3559828,2.378639,9.344569,2.268506,9.905807,76.761345,75.718781
10.3656473,2.355895,9.327810,2.275689,9.886205,76.691841,75.825432
10.3757029,2.316390,9.289502,2.274492,9.840418,76.635941,75.998505
10.3856287,2.299631,9.266758,2.276886,9.815565,76.587105,76.063065
10.3957071,2.318784,9.273940,2.274492,9.826293,76.616371,75.962013
10.4056673,2.312799,9.265560,2.304419,9.823950,76.433632,75.984657
10.4171715,2.268506,9.276335,2.402581,9.847279,75.878181,76.258148
10.4255953,2.178724,9.405622,2.298434,9.924482,76.609169,76.957993
10.4360294,2.172738,9.481039,2.280477,9.990569,76.805176,77.092590
10.4457207,2.275689,9.835381,2.741361,10.460809,74.807663,76.972282
