Keuwl Accelerometer Data File
2019-06-26 17-16-07

Time (s), X (m/s2), Y (m/s2), Z (m/s2), R (m/s2), Theta (deg), Phi (deg)
0.0000000,3.180697,8.923190,1.921347,9.666009,78.534752,70.381241
0.0090440,3.139996,8.956709,2.029086,9.705637,77.932571,70.680626
0.0191670,2.740164,9.234436,1.744176,9.789048,79.736450,73.472626
0.0290430,2.359486,8.881291,1.612495,9.329772,80.047409,75.121948
0.0391870,2.522291,8.801085,1.659182,9.304512,79.728073,74.008301
0.0491450,2.820370,8.942344,1.833959,9.554235,78.933250,72.494987
0.0591470,2.816778,8.900445,1.987187,9.544688,77.983215,72.438667
0.0692220,2.659958,8.710106,2.141613,9.355631,76.766991,73.017982
0.0796160,2.852691,8.864532,2.227805,9.575013,76.545769,72.161324
0.0891370,3.305195,9.270349,2.302025,10.107572,76.835213,70.377113
0.0992120,3.646369,9.500193,2.456451,10.468229,76.428551,69.002174
0.1091360,3.779247,9.490616,2.649184,10.553326,75.461624,68.287117
0.1192440,3.770868,9.600749,2.735375,10.671275,75.147552,68.556686
0.1291240,3.414132,10.472239,2.540248,11.303846,77.013336,71.943130
0.1391680,2.792836,10.008960,2.163161,10.614070,78.240662,74.409111
0.1490980,2.464831,9.392453,2.078167,9.930375,77.920204,75.295624
0.1604440,2.240973,8.670602,2.342726,9.256871,75.340172,75.508652
0.1691740,2.240973,8.670602,2.261323,9.236606,75.828690,75.508652
0.1791910,2.598906,9.127894,2.115277,9.723536,77.435295,74.107216
0.1891310,2.810793,9.239224,2.057816,9.874129,77.971115,73.078987
0.1994510,3.217807,9.427169,2.097321,10.179615,78.110115,71.153519
0.2091230,3.632004,9.572019,2.251747,10.482622,77.595764,69.221268
0.2195740,3.769670,9.478644,2.308010,10.458587,77.250969,68.312210
0.2291280,3.556587,9.159019,2.334347,10.098817,76.635185,68.778046
0.2394940,3.197456,8.894460,2.373851,9.745271,75.901474,70.227074
0.2490330,2.905364,8.823831,2.376245,9.588934,75.651970,71.775185
0.2594880,2.698265,8.860941,2.212242,9.523178,76.567429,73.063866
0.2691420,2.566584,8.959103,2.008735,9.533514,77.836479,74.014168
0.2790940,2.498349,9.091981,1.842338,9.607293,78.944221,74.635147
0.2892240,2.495955,9.156625,1.762132,9.652910,79.481712,74.752487
0.2997430,2.560599,9.186552,1.744176,9.694924,79.635712,74.425072
0.3099270,2.634819,9.187749,1.818396,9.729520,79.228378,73.998421
0.3193310,2.687491,9.131485,1.930924,9.712626,78.532883,73.600296
0.3292140,2.736573,9.106346,2.043451,9.725742,77.871353,73.273811
0.3398820,2.801216,9.076419,2.151190,9.739394,77.239563,72.848434
0.3497980,2.896984,9.056067,2.237381,9.767842,76.758507,72.260826
0.3594760,2.971204,9.053674,2.305616,9.803720,76.397903,71.831375
0.3690580,2.995146,9.051279,2.340332,9.817011,76.208130,71.690178
0.3791310,2.995146,9.048885,2.309207,9.807429,76.381561,71.685654
0.3890450,2.974796,9.033323,2.240973,9.770992,76.741219,71.772591
0.3993540,2.906561,9.010578,2.167950,9.712807,77.102638,72.121750
0.4092760,2.829947,8.978256,2.102109,9.645545,77.412178,72.505150
0.4196570,2.758120,9.009381,2.074576,9.647800,77.582657,72.978622
0.4291940,2.723404,9.109938,2.035071,9.723653,77.919205,73.356033
0.4393500,2.773683,9.244013,2.021903,9.860689,78.167755,73.298035
0.4490960,2.841918,9.303867,2.047042,9.941269,78.117012,73.014420
0.4595890,2.899378,9.270349,2.132037,9.944412,77.619942,72.632492
0.4691630,2.940080,9.169792,2.225410,9.883401,76.987335,72.222763
0.4793980,2.986767,9.100361,2.274492,9.844321,76.641335,71.830002
0.4892070,2.987964,9.101558,2.272097,9.845238,76.656921,71.825432
0.4997660,2.949656,9.149442,2.220622,9.866302,76.992928,72.131378
0.5092190,2.904167,9.198523,2.149993,9.882786,77.434868,72.477997
0.5191020,2.868254,9.255983,2.085350,9.912052,77.855072,72.782784
0.5291030,2.832341,9.291897,2.026692,9.923154,78.215065,73.047813
0.5391280,2.753332,9.289502,2.007538,9.894741,78.294029,73.490608
0.5491030,2.676718,9.255983,2.013524,9.843390,78.196495,73.870773
0.5605560,2.628834,9.240421,2.038663,9.821012,78.019325,74.119331
0.5697290,2.616863,9.247604,2.074576,9.832091,77.819016,74.199692
0.5806960,2.615665,9.257181,2.072181,9.840277,77.843559,74.222084
0.5890380,2.646790,9.252393,2.078167,9.845357,77.814293,74.036003
0.5992150,2.657564,9.224859,2.086547,9.824172,77.737602,73.928986
0.6091000,2.639607,9.221268,2.085350,9.815701,77.734009,74.026115
0.6191710,2.597709,9.255983,2.062605,9.832378,77.890732,74.323128
0.6290260,2.565387,9.309854,1.989582,9.859666,78.358353,74.594131
0.6391749,2.564190,9.349358,1.941698,9.887151,78.674301,74.662971
0.6490800,2.561796,9.320627,1.974019,9.865782,78.457924,74.631615
0.6592950,2.650381,9.221268,2.094927,9.820642,77.683090,73.964264
0.6692260,2.663549,9.244013,2.102109,9.847088,77.673912,73.926308
0.6795210,2.692280,9.303867,2.086547,9.907774,77.842659,73.861031
0.6891320,2.736573,9.342175,2.078167,9.954087,77.949409,73.673286
0.6990590,2.767697,9.352949,2.068590,9.970801,78.026176,73.515617
0.7090320,2.754529,9.348161,2.073379,9.963655,77.989311,73.581863
0.7193400,2.687491,9.314642,2.059013,9.910837,78.009254,73.905914
0.7291430,2.601300,9.313444,2.005144,9.875607,78.285210,74.394638
0.7393260,2.558204,9.361329,1.932121,9.895049,78.740005,74.715752
0.7490610,2.592921,9.421184,1.873463,9.949462,79.146530,74.611900
0.7590570,2.598906,9.417592,1.866280,9.946273,79.185135,74.572472
0.7690439,2.571373,9.363723,1.891419,9.892862,78.977745,74.644524
0.7791850,2.573767,9.320627,1.933318,9.860836,78.693336,74.563217
0.7891180,2.596512,9.305065,1.980005,9.861365,78.417191,74.408623
0.7991820,2.627636,9.291897,1.993173,9.859846,78.337257,74.209740
0.8092629,2.631228,9.294291,1.850718,9.835260,79.153893,74.193100
0.8192650,2.513912,9.307459,1.832761,9.813642,79.236443,74.885277
0.8290970,2.371457,9.199720,1.855506,9.679957,78.948845,75.545265
0.8393220,2.390610,9.132683,1.832761,9.616649,79.013245,75.331139
0.8491700,2.472013,9.161413,1.819593,9.661949,79.144913,74.899567
0.8592700,2.572570,9.257181,1.844732,9.783484,79.131485,74.469391
0.8690900,2.601300,9.351752,1.885434,9.888220,79.007835,74.455467
0.8791550,2.579752,9.394848,1.886631,9.923592,79.040459,74.645470
0.8890800,2.513912,9.411607,1.886631,9.922574,79.039322,75.044998
0.8994560,2.449268,9.369708,1.890222,9.867284,78.955894,75.350525
0.9090800,2.421735,9.325416,1.878251,9.816110,78.968788,75.442322
0.9194830,2.444480,9.315839,1.862689,9.809686,79.054070,75.297035
0.9290450,2.470816,9.337387,1.842338,9.832901,79.200974,75.178368
0.9391160,2.476802,9.374496,1.847127,9.870543,79.214348,75.200272
0.9491130,2.469619,9.393650,1.818396,9.881611,79.396103,75.270096
0.9590579,2.451663,9.404425,1.800440,9.884101,79.504684,75.388626
0.9690380,2.446874,9.418790,1.778892,9.892687,79.640793,75.437241
0.9792579,2.455254,9.433155,1.794454,9.911243,79.568939,75.410805
0.9890690,2.498349,9.442732,1.795651,9.931330,79.583244,75.180313
0.9991070,2.534262,9.446322,1.796848,9.944051,79.589706,74.982300
1.0090289,2.567781,9.451111,1.806425,9.958923,79.549408,74.800163
1.0192010,2.586935,9.465476,1.818396,9.979681,79.501495,74.714226
1.0292259,2.594118,9.478644,1.817199,9.993816,79.523491,74.694077
1.0390600,2.561796,9.453506,1.830367,9.964025,79.414795,74.837624
1.0490450,2.533065,9.423578,1.826776,9.927606,79.396599,74.954483
1.0590550,2.500744,9.408015,1.845930,9.908175,79.262848,75.114426
1.0690250,2.491167,9.408015,1.820790,9.901108,79.403130,75.168907
1.0791199,2.474407,9.400833,1.805228,9.887224,79.479813,75.253563
1.0891011,2.489970,9.376891,1.790863,9.865761,79.541512,75.128693
1.0993450,2.467225,9.366117,1.759738,9.844188,79.702507,75.242378
1.1091490,2.413355,9.388862,1.780089,9.856152,79.594887,75.584511
1.1193860,2.393005,9.406818,1.756147,9.864014,79.744629,75.727249
1.1291609,2.412158,9.453506,1.716643,9.906267,80.020920,75.685829
1.1391640,2.398990,9.477448,1.690306,9.921406,80.190689,75.795303
1.1491150,2.365471,9.501390,1.674744,9.933611,80.293938,76.019821
1.1592309,2.337938,9.508572,1.671153,9.933360,80.314705,76.186310
1.1690660,2.355895,9.496601,1.665167,9.925142,80.341660,76.067467
1.1790960,2.359486,9.504981,1.669956,9.934817,80.323143,76.058876
1.1890780,2.327164,9.497798,1.695095,9.924576,80.165794,76.232544
1.1990969,2.327164,9.476251,1.717840,9.907875,80.015533,76.202431
1.2091179,2.348712,9.448717,1.760935,9.894220,79.748100,76.040642
1.2191939,2.389413,9.458294,1.762132,9.913311,79.761024,75.822220
1.2293309,2.421735,9.485827,1.726219,9.941104,80.000206,75.678291
1.2391920,2.428918,9.496601,1.739388,9.955428,79.937782,75.653191
1.2491310,2.394202,9.481039,1.752556,9.934473,79.839188,75.827660
1.2591200,2.339135,9.471462,1.745373,9.910927,79.856979,76.127449
1.2690879,2.300828,9.451111,1.723825,9.878708,79.950493,76.317764
1.2790560,2.280477,9.427169,1.701080,9.847119,80.052307,76.401123
1.2890539,2.272097,9.410410,1.713051,9.831215,79.965210,76.426003
1.2991459,2.258929,9.391256,1.717840,9.810679,79.915581,76.475266
1.3091069,2.258929,9.396045,1.717840,9.815264,79.920341,76.481903
1.3190479,2.269703,9.421184,1.690306,9.837041,80.105721,76.454712
1.3290290,2.310405,9.439140,1.656788,9.858006,80.324654,76.246208
1.3391650,2.361880,9.442732,1.661576,9.874436,80.312721,75.956924
1.3494370,2.377442,9.427169,1.680730,9.866539,80.192039,75.845695
1.3591340,2.381034,9.411607,1.686715,9.853561,80.143669,75.802681
1.3691519,2.378639,9.402030,1.689109,9.844247,80.120110,75.802521
1.3793949,2.387019,9.398438,1.680730,9.841411,80.166748,75.749313
1.3891399,2.390610,9.386468,1.678335,9.830443,80.169830,75.711296
1.4000220,2.371457,9.370906,1.669956,9.809507,80.198311,75.798546
1.4090439,2.353500,9.400833,1.681927,9.835828,80.154030,75.944878
1.4193350,2.343924,9.404425,1.673547,9.835545,80.203285,76.004951
1.4291780,2.348712,9.408015,1.653196,9.836679,80.324699,75.982628
1.4394410,2.354697,9.415198,1.659182,9.845986,80.298599,75.958618
1.4490499,2.329558,9.433155,1.684321,9.861450,80.165749,76.128113
1.4595250,2.315193,9.421184,1.690306,9.847637,80.116470,76.193527
1.4690499,2.310405,9.410410,1.685518,9.835382,80.132347,76.205818
1.4795220,2.306813,9.385271,1.690306,9.811312,80.079514,76.190964
1.4890890,2.316390,9.375694,1.687912,9.803996,80.086235,76.122231
1.5005620,2.315193,9.364920,1.689109,9.793616,80.068512,76.113777
1.5093600,2.312799,9.374496,1.667562,9.798519,80.201424,76.141212
1.5192620,2.284068,9.372103,1.663970,9.788875,80.213005,76.303482
1.5295640,2.267309,9.378088,1.669956,9.791730,80.180344,76.408592
1.5391879,2.274492,9.399636,1.641225,9.809184,80.368248,76.397232
1.5490240,2.286463,9.425972,1.634043,9.836003,80.437187,76.365089
1.5591600,2.308010,9.447520,1.623269,9.859896,80.524055,76.271652
1.5690570,2.330755,9.455899,1.623269,9.873270,80.537010,76.153358
1.5792069,2.349909,9.457097,1.666364,9.886128,80.296135,76.045700
1.5890749,2.394202,9.471462,1.689109,9.914328,80.190636,75.813911
1.5993069,2.410961,9.481039,1.681927,9.926314,80.244667,75.732491
1.6091919,2.428918,9.461885,1.693898,9.914444,80.162666,75.602737
1.6192660,2.410961,9.445126,1.703475,9.895704,80.087570,75.680473
1.6290359,2.395399,9.433155,1.713051,9.882151,80.017464,75.751808
1.6393739,2.376245,9.437943,1.708263,9.881269,80.044754,75.868042
1.6491220,2.354697,9.425972,1.701080,9.863429,80.068924,75.974030
1.6596239,2.353500,9.411607,1.708263,9.850657,80.013496,75.960327
1.6690409,2.371457,9.419987,1.681927,9.858440,80.176842,75.869568
1.6794779,2.347515,9.406818,1.692701,9.841966,80.096573,75.987778
1.6891440,2.329558,9.393650,1.684321,9.823668,80.127548,76.072044
1.6992600,2.312799,9.362526,1.673547,9.788089,80.155319,76.124176
1.7090250,2.325967,9.338584,1.655591,9.765258,80.238991,76.013885
1.7193429,2.346318,9.348161,1.641225,9.776856,80.336098,75.910248
1.7295589,2.360683,9.412804,1.654393,9.844324,80.325218,75.920898
1.7391039,2.366668,9.467871,1.680730,9.902856,80.228363,75.965462
1.7490759,2.390610,9.489418,1.711854,9.934511,80.077621,75.860062
1.7590580,2.407370,9.452309,1.733402,9.906879,79.923119,75.711349
1.7699139,2.445677,9.440337,1.763330,9.910128,79.750671,75.475883
1.7790719,2.491167,9.445126,1.732205,9.920527,79.944145,75.224632
1.7890310,2.512715,9.449914,1.715446,9.927607,80.049606,75.109703
1.7991480,2.493561,9.434352,1.701080,9.905479,80.111504,75.194901
1.8091129,2.443283,9.427169,1.697489,9.885475,80.112427,75.470093
1.8191289,2.425326,9.408015,1.703475,9.863811,80.055191,75.544258
1.8291270,2.431312,9.419987,1.683124,9.873213,80.184631,75.527725
1.8391590,2.433706,9.425972,1.683124,9.879513,80.190956,75.522881
1.8490329,2.434903,9.424775,1.697489,9.881124,80.108025,75.514297
1.8591950,2.450465,9.405622,1.695095,9.866299,80.107124,75.397232
1.8690470,2.474407,9.381680,1.680730,9.847002,80.172386,75.224777
1.8795719,2.487576,9.387665,1.660379,9.852571,80.298080,75.158661
1.8890359,2.507926,9.403227,1.655591,9.871745,80.345299,75.066315
1.8991640,2.525883,9.424775,1.663970,9.898246,80.322189,74.997040
1.9090599,2.529474,9.437943,1.681927,9.914731,80.233162,74.996689
1.9190929,2.533065,9.453506,1.677138,9.929651,80.276016,74.999962
1.9290339,2.530671,9.473856,1.671153,9.947412,80.328514,75.044250
1.9390649,2.493561,9.477448,1.674744,9.942064,80.302269,75.259285
1.9491829,2.454057,9.429564,1.668759,9.885535,80.281471,75.412292
1.9591619,2.427721,9.394848,1.662773,9.844888,80.276299,75.511162
1.9690819,2.408567,9.370906,1.643619,9.814099,80.358940,75.585503
1.9791709,2.372654,9.367314,1.619677,9.797929,80.484863,75.786438
1.9890079,2.369063,9.379285,1.612495,9.807323,80.536606,75.824471
1.9991388,2.393005,9.398438,1.626860,9.833809,80.477470,75.715042
2.0093040,2.404976,9.402030,1.636437,9.841748,80.428688,75.651779
2.0202019,2.410961,9.411607,1.632846,9.851765,80.459694,75.631584
2.0293970,2.439692,9.419987,1.648408,9.869422,80.385300,75.479950
2.0394590,2.457648,9.430760,1.671153,9.887974,80.269814,75.393631
2.0490539,2.456451,9.425972,1.711854,9.890073,80.032585,75.393349
2.0592148,2.458845,9.402030,1.709460,9.867438,80.023598,75.344093
2.0691750,2.458845,9.391256,1.702277,9.855930,80.054230,75.328003
2.0797329,2.434903,9.391256,1.690306,9.847922,80.116760,75.464783
2.0890329,2.414552,9.403227,1.659182,9.849042,80.301636,75.598778
2.0993071,2.381034,9.405622,1.632846,9.838761,80.446968,75.794014
2.1090670,2.363077,9.405622,1.623269,9.832846,80.497749,75.896858
2.1193628,2.359486,9.391256,1.626860,9.818836,80.462814,75.896759
2.1290858,2.355895,9.405622,1.629254,9.832112,80.461670,75.938019
2.1392219,2.342726,9.404425,1.646014,9.830612,80.361137,76.011818
2.1498880,2.373851,9.414001,1.647211,9.847431,80.370689,75.847244
2.1591649,2.396596,9.435549,1.649605,9.873928,80.382683,75.748451
2.1692328,2.383428,9.421184,1.671153,9.860638,80.242577,75.802849
2.1793549,2.384625,9.399636,1.705869,9.846298,80.023178,75.764763
2.1891630,2.385822,9.358934,1.696292,9.806080,80.038658,75.698509
2.1995587,2.381034,9.330204,1.693898,9.777081,80.023056,75.683891
2.2094069,2.391808,9.324219,1.689109,9.773171,80.047523,75.612946
2.2199731,2.383428,9.360131,1.646014,9.798068,80.328812,75.714020
2.2296569,2.355895,9.393650,1.600524,9.815935,80.615814,75.920815
2.2400241,2.329558,9.396045,1.578976,9.808449,80.736145,76.075455
2.2512481,2.325967,9.390059,1.587356,9.803216,80.681534,76.087570
2.2601960,2.363077,9.400833,1.606509,9.825511,80.589668,75.889961
2.2692709,2.398990,9.411607,1.626860,9.847851,80.491173,75.699989
2.2796390,2.404976,9.451111,1.662773,9.893039,80.324081,75.723244
2.2893660,2.420538,9.467871,1.669956,9.914047,80.302673,75.659050
2.2998121,2.443283,9.463082,1.691504,9.918707,80.180977,75.522911
2.3093078,2.428918,9.467871,1.707066,9.922414,80.093468,75.611458
2.3198040,2.414552,9.479841,1.677138,9.925233,80.271645,75.710381
2.3294039,2.403779,9.508572,1.624466,9.941326,80.595390,75.812798
2.3406310,2.371457,9.497798,1.610101,9.920907,80.659943,75.980751
2.3491910,2.328361,9.442732,1.659182,9.866070,80.318535,76.148491
2.3600268,2.276886,9.374496,1.708263,9.797120,79.958366,76.348297
2.3698471,2.270900,9.362526,1.701080,9.783024,79.986465,76.366089
2.3797739,2.285265,9.373300,1.681927,9.793368,80.110916,76.298264
2.3892229,2.318784,9.435549,1.671153,9.858960,80.240906,76.193176
2.3992288,2.357092,9.478644,1.651999,9.906042,80.400108,76.035286
2.4091399,2.387019,9.496601,1.636437,9.927800,80.512421,75.890709
2.4194899,2.397793,9.512163,1.650802,9.947654,80.447639,75.851837
2.4292369,2.382231,9.515755,1.657985,9.948545,80.406548,75.945099
2.4392200,2.340332,9.495404,1.660379,9.919512,80.364182,76.154274
2.4491971,2.297236,9.455899,1.661576,9.871786,80.310097,76.344978
2.4603109,2.293645,9.427169,1.648408,9.841218,80.357483,76.325539
2.4703639,2.317587,9.427169,1.643619,9.846025,80.390495,76.188232
2.4791448,2.340332,9.472659,1.629254,9.892568,80.520500,76.122307
2.4896388,2.357092,9.504981,1.628057,9.927292,80.560959,76.072472
2.4996421,2.358289,9.536105,1.628057,9.957379,80.589745,76.109390
2.5093198,2.347515,9.545682,1.647211,9.967155,80.487434,76.183754
2.5192339,2.319981,9.530120,1.667562,9.949184,80.351234,76.318230
2.5291688,2.279280,9.496601,1.672350,9.908446,80.283096,76.503723
2.5393448,2.243367,9.472659,1.660379,9.875263,80.320587,76.676369
2.5492411,2.218228,9.430760,1.648408,9.827361,80.343758,76.763939
2.5593650,2.225410,9.421184,1.640028,9.818393,80.384453,76.709579
2.5693371,2.243367,9.435549,1.617283,9.832491,80.532761,76.625847
2.5792460,2.264915,9.446322,1.595735,9.844248,80.671295,76.516899
2.5890989,2.262521,9.467871,1.602918,9.865542,80.649338,76.560173
2.5991738,2.254141,9.469068,1.607706,9.865552,80.621155,76.609787
2.6097291,2.258929,9.424775,1.622072,9.826509,80.498642,76.521606
2.6193469,2.270900,9.392453,1.631648,9.799870,80.415794,76.407913
2.6291530,2.282871,9.387665,1.632846,9.798262,80.407104,76.332237
2.6392598,2.282871,9.388862,1.642422,9.801009,80.353035,76.333916
2.6492748,2.292448,9.418790,1.630451,9.829918,80.452438,76.320702
2.6594689,2.281674,9.436746,1.620875,9.843040,80.521812,76.407539
2.6692960,2.272097,9.428367,1.618480,9.832396,80.525597,76.450905
2.6793149,2.261323,9.419987,1.642422,9.825848,80.377655,76.501236
2.6896360,2.252944,9.417592,1.656788,9.824039,80.290878,76.546143
2.6991839,2.254141,9.423578,1.663970,9.831265,80.255615,76.547493
2.7096019,2.264915,9.453506,1.653196,9.860612,80.348404,76.526772
2.7206378,2.267309,9.464279,1.661576,9.872897,80.311195,76.527840
2.7299809,2.287660,9.484630,1.685518,9.901139,80.198532,76.439461
2.7392178,2.278083,9.485827,1.702277,9.902946,80.101921,76.495789
2.7494509,2.252944,9.494206,1.710657,9.906667,80.056473,76.650810
2.7594938,2.236184,9.512163,1.735796,9.924452,79.927109,76.770737
2.7692070,2.224213,9.510966,1.725022,9.918736,79.984444,76.837486
2.7798989,2.225410,9.503783,1.707066,9.909007,80.079933,76.821037
2.7892499,2.245761,9.491813,1.686715,9.898634,80.188995,76.688614
2.7994299,2.258929,9.478644,1.680730,9.887988,80.213524,76.595436
2.8091798,2.267309,9.459491,1.690306,9.873185,80.142303,76.521271
2.8198149,2.290054,9.484630,1.677138,9.900270,80.246872,76.425797
2.8299019,2.296039,9.527725,1.699883,9.946806,80.160004,76.450912
2.8392150,2.294842,9.555259,1.708263,9.974339,80.138580,76.495308
2.8493650,2.304419,9.530120,1.710657,9.952883,80.103119,76.406586
2.8594501,2.288857,9.465476,1.734599,9.891559,79.900299,76.406197
2.8692458,2.281674,9.437943,1.742979,9.865028,79.823410,76.409203
2.8792360,2.284068,9.434352,1.720234,9.858152,79.950516,76.390488
2.8896499,2.254141,9.443929,1.707066,9.858145,80.028229,76.575432
2.8993909,2.214637,9.437943,1.699883,9.842205,80.054367,76.794319
2.9092159,2.202666,9.440337,1.678335,9.838116,80.177574,76.866440
2.9200990,2.200271,9.439140,1.648408,9.831368,80.347733,76.878609
2.9293928,2.193089,9.421184,1.624466,9.808528,80.466881,76.895897
2.9396579,2.175132,9.400833,1.626860,9.785374,80.429893,76.972351
2.9493649,2.172738,9.379285,1.614889,9.762154,80.478165,76.957329
2.9594779,2.165555,9.376891,1.624466,9.759847,80.418884,76.995766
2.9715388,2.144008,9.381680,1.628057,9.760289,80.397942,77.127182
2.9891729,2.181118,9.390059,1.643619,9.779160,80.324165,76.923256
2.9992449,2.209848,9.379285,1.680730,9.781578,80.105995,76.742363
3.0092018,2.221819,9.399636,1.698686,9.806894,80.025291,76.700928
3.0195019,2.224213,9.409213,1.671153,9.811890,80.193626,76.700172
3.0296829,2.224213,9.442732,1.643619,9.839400,80.383965,76.745712
3.0393419,2.218228,9.464279,1.626860,9.855952,80.499062,76.809174
3.0492091,2.207454,9.459491,1.626860,9.848934,80.492233,76.864601
3.0591400,2.193089,9.435549,1.647211,9.826115,80.349602,76.915161
3.0691440,2.184709,9.421184,1.644817,9.810050,80.347832,76.944252
3.0798028,2.172738,9.425972,1.674744,9.817052,80.177559,77.019730
3.0893738,2.159570,9.422380,1.674744,9.810697,80.171135,77.091003
3.0992498,2.173935,9.424775,1.686715,9.818217,80.107834,77.011230
3.1093140,2.256535,9.435549,1.704672,9.850250,80.034294,76.550186
3.1194460,2.273294,9.457097,1.695095,9.873090,80.113998,76.483696
3.1291020,2.257732,9.455899,1.691504,9.867754,80.129768,76.571228
3.1392879,2.240973,9.466674,1.680730,9.872422,80.197945,76.681969
3.1491661,2.224213,9.447520,1.683124,9.850669,80.161949,76.752197
3.1590860,2.231396,9.458294,1.695095,9.864674,80.105484,76.725533
3.1691158,2.252944,9.454702,1.695095,9.866129,80.106956,76.597038
3.1791627,2.275689,9.465476,1.713051,9.884763,80.020126,76.481522
3.1890371,2.282871,9.478644,1.726219,9.901315,79.959602,76.458572
3.1992419,2.293645,9.481039,1.729811,9.906723,79.944046,76.400337
3.2090528,2.294842,9.493010,1.748964,9.921815,79.847160,76.410027
3.2195787,2.287660,9.494206,1.748964,9.921301,79.846626,76.452637
3.2290878,2.256535,9.491813,1.738190,9.909983,79.898186,76.627045
3.2396278,2.237381,9.488221,1.738190,9.902198,79.890160,76.731682
3.2494578,2.229002,9.500193,1.744176,9.912833,79.865974,76.795700
3.2597060,2.237381,9.521740,1.738190,9.934319,79.923187,76.776749
3.2697639,2.218228,9.518148,1.736993,9.926370,79.922050,76.881241
3.2799959,2.214637,9.513360,1.714248,9.917020,80.045898,76.895378
3.2893240,2.207454,9.484630,1.697489,9.884965,80.111908,76.898216
3.2991450,2.190695,9.482236,1.708263,9.880795,80.044273,76.991119
3.3093009,2.189497,9.483433,1.695095,9.879410,80.120384,76.999573
3.3196669,2.207454,9.493010,1.693898,9.892389,80.140518,76.909378
3.3308439,2.236184,9.494206,1.699883,9.901013,80.114037,76.746597
3.3400908,2.246958,9.478644,1.716643,9.891430,80.005798,76.663933
3.3499429,2.260126,9.443929,1.708263,9.859722,80.022774,76.541084
3.3597429,2.266112,9.431957,1.707066,9.849423,80.019310,76.490242
3.3701429,2.267309,9.442732,1.698686,9.858571,80.078110,76.498222
3.3797717,2.274492,9.495404,1.703475,9.911500,80.103523,76.529404
3.3891709,2.282871,9.506178,1.704672,9.923952,80.109055,76.496353
3.3997498,2.291251,9.467871,1.728614,9.893357,79.937363,76.395813
3.4093559,2.303222,9.449914,1.772906,9.886805,79.669823,76.302399
3.4207621,2.335544,9.430760,1.751359,9.872247,79.781517,76.090462
3.4297998,2.334347,9.437943,1.723825,9.873982,79.945633,76.107483
3.4393268,2.296039,9.396045,1.747767,9.829147,79.757500,76.268173
3.4491949,2.251747,9.348161,1.766921,9.776527,79.587662,76.456825
3.4596689,2.218228,9.337387,1.760935,9.757470,79.602837,76.636307
3.4693449,2.205060,9.354146,1.733402,9.765604,79.775780,76.735779
3.4795678,2.208651,9.396045,1.716643,9.803605,79.915337,76.772095
3.4892108,2.207454,9.454702,1.703475,9.857285,80.048546,76.858177
3.5004957,2.221819,9.484630,1.663970,9.882483,80.306610,76.815926
3.5093517,2.231396,9.481039,1.647211,9.878386,80.401146,76.756256
3.5198560,2.239776,9.449914,1.650802,9.851021,80.353043,76.666061
3.5301759,2.272097,9.397242,1.662773,9.809964,80.241348,76.407684
3.5397298,2.319981,9.368511,1.687912,9.797977,80.080086,76.091301
3.5494459,2.357092,9.340978,1.713051,9.784901,79.917213,75.837700
3.5600569,2.369063,9.350554,1.726219,9.799243,79.853920,75.782677
3.5696230,2.349909,9.381680,1.732205,9.825401,79.845757,75.937958
3.5800178,2.312799,9.414001,1.704672,9.842681,80.026550,76.197144
3.5892401,2.312799,9.427169,1.704672,9.855275,80.039429,76.215683
3.5992630,2.281674,9.448717,1.691504,9.866381,80.128380,76.424126
3.6092129,2.272097,9.454702,1.668759,9.866032,80.262070,76.487259
3.6206079,2.278083,9.460688,1.679533,9.874973,80.207550,76.461227
3.6293340,2.274492,9.465476,1.691504,9.880775,80.142906,76.488373
3.6400838,2.313996,9.458294,1.715446,9.887197,80.008522,76.252480
3.6524620,2.346318,9.441534,1.739388,9.882977,79.863235,76.044121
3.6696517,2.415750,9.406818,1.768118,9.871693,79.682083,75.597206
3.6791389,2.409764,9.399636,1.747767,9.859757,79.789642,75.620888
3.6893959,2.376245,9.390059,1.727417,9.838889,79.888153,75.798882
3.6999869,2.343924,9.394848,1.698686,9.830701,80.049690,75.991241
3.7092211,2.316390,9.415198,1.661576,9.837299,80.275803,76.178215
3.7195859,2.287660,9.445126,1.637634,9.855233,80.434853,76.384850
3.7296569,2.279280,9.481039,1.620875,9.884961,80.562378,76.482384
3.7403038,2.290054,9.498995,1.628057,9.905848,80.540344,76.445564
3.7493119,2.331953,9.493010,1.649605,9.913447,80.421387,76.198601
3.7596099,2.365471,9.483433,1.717840,9.923805,80.031723,75.994392
3.7693460,2.401384,9.431957,1.754950,9.889809,79.778717,75.715927
3.7795687,2.442086,9.408015,1.770512,9.879739,79.676460,75.448593
3.7892311,2.464831,9.397242,1.776498,9.876208,79.637436,75.302795
3.7994390,2.489970,9.408015,1.806425,9.898175,79.484543,75.175728
3.8093770,2.504335,9.397242,1.814805,9.893097,79.429718,75.077667
3.8202789,2.495955,9.372103,1.812411,9.866658,79.415207,75.087257
3.8294630,2.480393,9.355343,1.774103,9.839829,79.612869,75.150749
3.8396149,2.462436,9.360131,1.753753,9.836224,79.729515,75.260765
3.8495770,2.445677,9.348161,1.745373,9.819153,79.761162,75.338814
3.8591280,2.449268,9.376891,1.723825,9.843606,79.914284,75.361259
3.8691599,2.437297,9.387665,1.707066,9.847981,80.017830,75.445770
3.8798048,2.424129,9.399636,1.715446,9.857602,79.978218,75.538757
3.8896587,2.412158,9.397242,1.721431,9.853425,79.938576,75.603676
3.9003990,2.409764,9.381680,1.685518,9.831778,80.128693,75.594513
3.9099798,2.377442,9.372103,1.661576,9.810677,80.249153,75.765900
3.9211278,2.334347,9.390059,1.643619,9.814473,80.359306,76.039406
3.9295869,2.351106,9.437943,1.642422,9.864078,80.415298,76.011642
3.9391689,2.388216,9.471462,1.631648,9.903255,80.516777,75.847946
3.9494109,2.407370,9.431957,1.656788,9.874320,80.340797,75.681786
3.9593320,2.401384,9.387665,1.715446,9.840612,79.960732,75.651306
3.9692490,2.400187,9.388862,1.719037,9.842089,79.941025,75.659920
3.9795251,2.456451,9.416395,1.657985,9.871756,80.331215,75.379128
3.9892378,2.489970,9.418790,1.624466,9.876864,80.533447,75.191933
4.0002217,2.474407,9.375694,1.663970,9.838452,80.262802,75.215752
4.0093031,2.483984,9.337387,1.692701,9.809292,80.063248,75.102882
4.0192242,2.519897,9.255983,1.659182,9.735296,80.187210,74.770592
4.0294342,2.607286,9.273940,1.641225,9.772284,80.331528,74.297142
4.0394168,2.590526,9.520543,1.833959,10.035685,79.470383,74.778412
4.0510359,2.464831,9.627085,1.723825,10.086016,80.159126,75.639008
4.0599756,2.509123,9.524135,1.729811,9.999854,80.038666,75.240845
4.0693407,2.600103,9.460688,1.729811,9.962800,80.001236,74.632683
4.0797286,2.619257,9.551667,2.003947,10.104981,78.561691,74.665314
4.0892997,2.596512,9.411607,1.891419,9.944732,79.035950,74.576668
4.0993776,2.600103,9.397242,1.709460,9.899037,80.055771,74.533875
4.1092730,2.567781,9.528923,1.598130,9.997395,80.801544,74.918610
4.1200528,2.567781,9.726444,1.498770,10.170719,81.525963,75.211327
4.1292639,2.509123,9.822212,1.541866,10.254214,81.351974,75.670029
4.1411891,2.463634,9.774328,1.659182,10.215668,80.652878,75.853188
4.1499009,2.339135,9.633071,1.835156,10.081439,79.511795,76.351402
4.1595960,2.111686,9.485827,2.073379,9.936751,77.956306,77.449760
4.1710420,1.865083,9.434352,2.073379,9.837908,77.833458,78.817352
4.1792197,1.656788,9.576807,1.980005,9.918699,78.485062,80.184982
4.1891160,1.561020,9.819818,1.923741,10.127507,79.050011,80.967484
4.1993709,1.647211,10.030508,1.875857,10.336500,79.544083,80.674126
4.2094369,1.818396,10.223241,1.860295,10.549025,79.842911,79.914345
4.2205520,2.050634,10.405201,1.880645,10.770800,79.944275,78.851151
4.2293229,2.175132,10.260351,1.861492,10.652284,79.935860,78.030846
4.2392378,2.313996,9.882068,1.684321,10.288186,80.577461,76.821007
4.2506080,2.527080,9.487024,1.599327,9.947241,80.747772,75.084335
4.2601700,2.759317,9.216479,1.715446,9.772414,79.889938,73.332848
4.2697830,2.920926,8.996213,1.946486,9.656732,78.371346,72.012215
4.2799139,3.071761,8.786720,2.096124,9.541274,77.309166,70.730820
4.2892866,3.308787,8.583213,2.206257,9.459766,76.512970,68.918594
4.2996588,3.525462,8.385692,2.304419,9.383979,75.784508,67.197433
4.3094063,3.794810,8.244433,2.308010,9.364730,75.732002,65.283974
4.3199811,4.213795,8.329428,2.165555,9.582540,76.938919,63.165493
4.3297720,4.662708,8.799889,2.121263,10.182271,77.975555,62.082680
4.3402619,4.872200,9.605537,2.056619,10.965143,79.189590,63.104588
4.3492150,4.405331,10.072407,1.280898,11.068018,83.354286,66.377052
4.3599048,3.160346,9.798270,-0.333991,10.300749,91.858086,72.123352
4.3699942,1.917756,8.995016,-0.417788,9.206663,92.600914,77.964622
4.3792620,1.837550,8.116343,1.438915,8.445241,80.189980,77.243225
4.3891606,3.180697,7.249643,3.428497,8.627210,66.583946,66.311089
4.3994040,4.984728,6.685808,3.195062,8.930619,69.037003,53.292950
4.4094729,5.850232,6.412869,2.365471,8.996975,74.756691,47.626923
4.4220939,5.760449,6.568492,1.831564,8.926505,78.159805,48.749821
4.4303999,5.190629,6.867768,1.523909,8.742492,79.961456,52.918167
4.4393482,4.335899,7.164649,1.392228,8.489435,80.561119,58.818527
4.4502568,3.448848,7.442376,1.096544,8.275621,82.385750,65.136673
4.4593229,2.729390,7.727286,0.423774,8.206101,87.039856,70.546036
4.4696517,2.387019,7.994239,-0.393846,8.352295,92.702744,73.374771
4.4792371,2.325967,8.143877,-0.385466,8.478292,92.605858,74.060165
4.4892139,2.292448,7.958326,0.110133,8.282657,89.238121,73.930611
4.4993396,2.324770,7.619547,0.233435,7.969727,88.321556,73.032738
4.5101838,2.991555,7.716512,0.035913,8.276186,89.751373,68.809570
4.5205288,3.921702,7.930793,-0.641646,8.870679,94.148018,63.688038
4.5293355,4.505888,8.055291,-0.433351,9.240050,92.688110,60.778664
4.5398088,5.403713,8.366538,0.665588,9.982088,86.176781,57.142712
4.5493569,6.376956,8.735245,1.808819,10.965487,80.505341,53.869579
4.5592518,6.880936,9.437943,2.843115,12.021038,76.319260,53.905273
4.5699959,6.132748,12.006922,4.426879,14.190632,71.822739,62.943523
4.5802479,5.274426,13.717579,4.299986,15.312786,73.691437,68.968185
4.5892129,3.895366,15.209167,4.168305,16.243996,75.131233,75.634232
4.6004238,1.896208,15.600618,4.873397,16.453720,72.771202,83.069870
4.6094418,-0.153229,14.853627,4.539406,15.532544,73.007210,90.591042
4.6203456,-2.233790,13.549985,2.788048,14.013034,78.523788,99.361328
4.6300840,-4.229357,12.181698,0.628478,12.910315,87.209724,109.146461
4.6396317,-5.845443,11.203667,-1.000776,12.676471,94.528076,117.553024
4.6492181,-6.538565,10.887632,-2.105700,12.873513,99.414085,120.986908
4.6595588,-6.107608,11.063606,-3.112462,13.015133,103.835892,118.900673
4.6698089,-5.094861,11.269507,-3.787627,12.934664,107.027321,114.327377
4.6792812,-3.957615,11.179725,-3.969586,12.506261,108.506241,109.493927
4.6896987,-2.774880,10.771513,-3.837905,11.766689,109.036293,104.446030
4.6993051,-1.689109,10.213664,-3.497929,10.927375,108.669395,99.390434
4.7100902,-0.646434,9.611523,-2.970007,10.080684,107.134964,93.847702
4.7210321,0.378284,9.102755,-2.183512,9.368615,103.477684,87.620323
4.7298789,1.279701,8.676587,-1.219846,8.854876,97.918236,81.609993
4.7397046,2.188300,8.280347,-0.225055,8.567582,91.505234,75.196518
4.7507439,3.119645,7.924808,0.808043,8.554980,84.580170,68.512642
4.7592487,4.085705,7.666234,1.847127,8.881217,77.995926,61.944698
4.7691789,5.105635,7.569269,2.711433,9.524348,73.460014,55.999485
4.7798619,5.938818,7.617153,3.438074,10.252362,70.406509,52.057751
4.7899709,6.490681,7.831434,3.944447,10.909581,68.804085,50.348110
4.7996559,6.695385,8.095993,4.200627,11.314528,68.206680,50.409260
4.8092499,6.378153,8.282741,4.118027,11.235781,68.499458,52.401806
4.8192830,5.623980,8.458714,3.711013,10.814371,69.930748,56.381100
4.8297839,4.662708,8.695741,3.108871,10.345136,72.511452,61.799526
4.8393526,3.691859,9.009381,2.439692,10.037474,75.932884,67.717194
4.8494406,2.845509,9.349358,1.740585,9.926582,79.901215,73.072197
4.8595200,2.146402,9.709685,1.067814,10.001263,83.870964,77.534782
4.8711596,1.575385,9.955091,0.530316,10.092914,86.988098,81.007561
4.8801036,1.041478,10.077195,0.262165,10.134262,88.517639,84.099434
4.8892937,0.642843,10.090364,0.250194,10.113915,88.582497,86.354691
4.8998861,0.390255,10.044873,0.413000,10.060931,87.647354,87.775108
4.9097495,0.387861,9.941922,0.584185,9.966620,86.639732,87.765877
4.9191647,0.530316,9.803059,0.743400,9.845498,85.669670,86.903488
4.9293089,0.781707,9.641450,1.019930,9.726710,83.980980,85.364731
4.9391809,1.274912,9.520543,1.158794,9.675172,83.121185,82.372795
4.9494319,1.900996,9.289502,1.237802,9.562469,82.562546,78.434715
4.9598403,2.529474,9.156625,1.458069,9.610826,81.273903,74.557442
4.9693336,3.008314,9.132683,1.587356,9.745540,80.625885,71.768066
4.9796119,3.303998,9.077616,1.717840,9.811752,79.916695,69.999908
4.9891105,3.615245,9.065644,1.795651,9.923722,79.575172,68.258621
5.0002918,3.701436,9.045294,1.957260,9.967388,78.675446,67.745071
5.0091906,3.764882,9.029732,2.117671,10.009742,77.786148,67.366653
5.0200720,3.927688,9.023746,2.116474,10.066489,77.863022,66.478371
5.0291586,3.930082,9.035717,2.139219,10.082954,77.750923,66.493385
5.0398407,3.834314,9.066842,2.104503,10.066704,77.932968,67.076782
5.0498509,3.494337,9.162610,2.141613,10.037446,77.680527,69.124687
5.0592508,3.494337,9.162610,2.141613,10.037446,77.680527,69.124687
5.0693369,3.637990,9.351752,2.327164,10.300774,76.942940,68.743126
5.0794058,3.702633,9.272743,2.420538,10.273863,76.372917,68.233032
5.0893197,3.833117,9.379285,2.608483,10.462693,75.563148,67.771194
5.1002827,3.770868,9.637859,2.627636,10.677652,75.753891,68.631790
5.1097841,3.597288,10.308235,1.983596,11.096614,79.702637,70.762428
5.1195779,3.165135,11.214440,-0.633266,11.669738,93.110725,74.238945
5.1296377,1.990779,12.012907,-3.398569,12.642128,105.594589,80.590462
5.1393228,-0.019154,12.022484,-2.802413,12.344796,103.121201,90.091278
5.1491556,-1.946486,10.614694,1.602918,10.910082,81.551476,100.391251
5.1596651,-2.128445,9.047688,5.391742,10.745317,59.882427,103.237984
5.1692419,-0.301669,7.693767,4.709395,9.025711,58.548576,92.245392
5.1792221,1.891419,6.884527,3.483563,7.944142,63.991329,74.637878
5.1893516,4.000711,7.165846,2.006341,8.448694,76.262527,60.825260
5.2002859,5.214571,7.684190,1.897405,9.478327,78.452309,55.838776
5.2093196,5.725733,7.498640,1.616086,9.572113,80.280037,52.635746
5.2192912,6.247669,6.410475,0.150835,8.952671,89.034637,45.736885
5.2292552,7.017405,5.392939,-0.344765,8.857010,92.230843,37.542603
5.2395349,7.396886,4.795586,-0.385466,8.823840,92.503746,32.956348
5.2503786,7.204153,4.328717,-0.484826,8.418591,93.301483,31.000145
5.2598410,7.121553,4.862624,0.741005,8.655098,85.088615,34.325409
5.2692037,7.497443,6.057330,2.515109,9.961359,75.375298,38.935421
5.2792969,7.635109,7.216124,3.039439,10.936431,73.863976,43.383991
5.2902040,6.968324,8.854955,2.771288,11.603785,76.182724,51.799355
5.2996268,5.500679,11.222820,1.795651,12.626699,81.824211,63.888985
5.3092122,3.342306,13.771448,-0.175974,14.172323,90.711441,76.358177
5.3191891,0.603339,15.488091,0.312443,15.502987,88.845200,87.769173
5.3294330,-2.331953,15.328876,2.224213,15.663959,81.836662,98.649979
5.3395672,-4.344279,14.213179,2.536657,15.077196,80.314232,106.995850
5.3492384,-5.601235,12.717999,1.400608,13.967213,84.244804,113.769554
5.3596430,-6.370971,11.592725,-0.049081,13.228112,90.212585,118.791710
5.3693218,-6.642713,11.275493,-0.860716,13.114999,93.762932,120.503548
5.3792176,-6.084864,11.699266,-1.248576,13.246032,95.408752,117.479233
5.3891702,-4.825513,12.285846,-1.616086,13.298095,96.980278,111.443420
5.3991199,-3.417723,12.327744,-1.923741,12.936572,98.551926,105.495415
5.4090228,-2.331953,11.739968,-2.000355,12.135332,99.487785,101.234634
5.4190698,-1.556231,10.936713,-1.626860,11.166030,98.377655,98.098495
5.4290619,-0.695516,10.351331,-1.049857,10.427655,95.778336,93.843979
5.4392519,0.396240,10.067618,-0.143652,10.076437,90.816849,87.746124
5.4491568,1.575385,9.994595,0.718261,10.143454,85.939476,81.042526
5.4590731,2.632425,9.920375,1.468843,10.368269,81.855675,75.138748
5.4690661,3.445256,9.797073,2.000355,10.576098,79.097443,70.625175
5.4792447,3.995923,9.659407,2.412158,10.728003,77.006126,67.526001
5.4891768,4.426879,9.621099,2.772485,10.947579,75.330025,65.291801
5.4990759,4.660314,9.627085,2.896984,11.081146,74.844856,64.169136
5.5090871,4.398149,9.496601,2.952051,10.873994,74.247765,65.149788
5.5191078,3.661932,9.374496,2.801216,10.446901,74.446480,68.663040
5.5294490,2.615665,9.303867,2.536657,9.991911,75.293304,74.297340
5.5390415,1.491588,9.404425,2.163161,9.764594,77.201019,80.987679
5.5491996,-0.381875,9.593566,1.376666,9.699358,81.840240,92.279472
5.5590096,-0.981623,9.991004,0.944513,10.083445,84.625244,95.611336
5.5691485,-1.210269,10.236409,0.507571,10.320196,87.180923,96.742882
5.5795388,-1.211466,10.423157,0.056264,10.493475,89.692787,96.629646
5.5893192,-1.040281,10.407595,-0.387861,10.466644,92.123688,95.707985
5.5995359,-0.784101,10.178948,-0.596156,10.226496,93.341965,94.404892
5.6095715,-0.468066,9.867702,-0.530316,9.893022,93.072815,92.715744
5.6191096,0.143652,9.636662,-0.316035,9.642912,91.878136,89.145966
5.6293621,0.831985,9.296685,0.046687,9.333956,89.713417,84.886070
5.6393924,1.562217,9.080010,0.411803,9.222618,87.440811,80.237831
5.6496534,2.201468,8.997410,0.689530,9.288450,85.742722,76.251106
5.6598506,2.613271,8.919599,0.991199,9.347240,83.912796,73.670425
5.6692815,2.874239,8.828619,1.322796,9.378463,81.891609,71.966858
5.6802001,3.101688,8.835801,1.851915,9.545755,78.813454,70.657066
5.6894455,3.293224,9.029732,2.466028,9.922836,75.610023,69.962631
5.6995039,3.230975,8.874108,2.923320,9.886091,72.800461,69.993935
5.7099981,3.192668,8.804677,3.110068,9.868535,71.630135,70.068825
5.7193217,3.193865,9.443929,3.751714,10.651944,69.377495,71.314850
5.7293544,2.297236,10.727221,4.857835,11.997880,66.115692,77.912666
5.7398648,-0.195127,10.436325,3.496732,11.008273,71.479385,91.071129
5.7501330,-1.575385,9.483433,0.337582,9.619319,87.988838,99.431824
5.7596149,-1.148020,8.009802,-0.705092,8.122316,94.980072,98.156471
5.7692704,0.683545,7.034164,-0.568623,7.090137,94.600014,84.449715
5.7801809,3.324349,7.146692,0.429759,7.893744,86.879105,65.054077
5.7892699,5.210980,7.863756,1.923741,9.627759,78.474037,56.469238
5.7995038,5.334281,8.230068,3.065775,10.275581,72.641144,57.050892
5.8101420,4.657919,8.173804,3.282450,9.964024,70.765800,60.322941
5.8191862,4.339490,8.087613,3.088520,9.683988,71.401733,61.783768
5.8294482,4.859032,8.450335,3.051410,10.214179,72.617905,60.100639
5.8394446,5.808333,9.253590,2.693477,11.252577,76.150917,57.884151
5.8492618,6.952762,10.022128,1.100136,12.247214,84.846321,55.249367
5.8601928,7.514202,9.670180,0.053870,12.246572,89.747971,52.151051
5.8692164,6.332664,7.994239,1.376666,10.291050,82.312317,51.615376
5.8794427,4.252102,6.204574,3.594894,8.336688,64.455391,55.576481
5.8894396,3.454833,5.082890,3.410540,7.028758,60.972679,55.796108
5.9003930,4.268862,5.650316,1.686715,7.279716,76.602783,52.928642
5.9094620,4.024653,6.460753,0.525527,7.629899,86.050491,58.079628
5.9198570,3.387795,6.363788,-0.954089,7.272224,97.538734,61.971165
5.9301000,3.353080,5.913678,-2.715025,7.320252,111.770653,60.446587
5.9398198,3.727772,5.309142,-3.343503,7.298101,117.266716,54.925694
5.9500976,4.135983,4.995502,-2.676718,7.016140,112.427155,50.377232
5.9595709,3.889381,5.026627,-1.197101,6.467403,100.666824,52.268887
5.9691620,3.399766,5.647922,0.074220,6.592643,89.354950,58.954163
5.9801064,3.484761,7.062895,0.681150,7.905189,85.056984,63.738735
5.9892435,4.763264,10.059238,1.098939,11.184124,84.361084,64.661446
5.9993019,5.989096,13.614628,1.262941,14.927236,85.146599,66.255234
6.0099478,6.868965,16.590620,3.988740,18.394058,77.475952,67.509125
6.0193720,6.224925,18.693928,3.988740,20.102802,78.555588,71.582664
6.0293989,3.464410,19.019539,9.044097,21.343399,64.928932,79.676750
6.0405979,-3.756502,15.339650,6.891710,17.231131,66.424515,103.760269
6.0492749,-7.025785,13.120225,3.588908,15.309546,76.442390,118.168724
6.0599198,-9.522937,11.908759,0.624887,15.260909,87.653259,128.647858
6.0692759,-10.405201,11.464635,-0.690727,15.497844,92.554474,132.226608
6.0802441,-9.133880,11.317391,-1.069011,14.582658,94.203957,128.905807
6.0892148,-6.628347,11.282676,-1.529895,13.174762,96.668411,120.433388
6.0996447,-4.358644,11.258734,-2.100912,12.254416,99.871628,111.163139
6.1092520,-2.539051,11.312603,-2.825158,11.933285,103.694572,102.650085
6.1193557,-1.059434,11.360487,-3.314772,11.881532,106.199654,95.327766
6.1293468,0.175974,11.042058,-2.919729,11.422908,104.809319,89.086975
6.1393838,1.353921,10.257957,-1.953669,10.529749,100.692505,82.481140
6.1494160,2.636016,9.318233,-0.845153,9.720717,94.987793,74.204430
6.1597900,3.831920,8.561666,0.401029,9.388639,87.551910,65.888283
6.1692548,4.850653,8.106767,1.590947,9.580168,80.440788,59.105968
6.1804328,5.790377,7.914034,2.576161,10.138885,75.280495,53.808582
6.1907578,6.713342,7.850587,3.302801,10.844776,72.268768,49.464962
6.2001228,7.559692,7.947553,3.973178,11.666133,70.088173,46.432758
6.2096481,8.080431,8.196549,4.644751,12.411709,68.023682,45.408737
6.2193999,7.965509,8.420407,4.871003,12.572958,67.206001,46.590210
6.2294827,7.015011,8.740033,4.635174,12.127794,67.530327,51.248436
6.2399859,5.549759,9.180567,3.919308,11.421191,69.930420,58.846550
6.2498298,4.128801,9.633071,2.890999,10.872025,74.578865,66.799690
6.2601275,3.107674,10.121488,1.778892,10.736229,80.462646,72.931564
6.2697039,2.355895,10.760739,0.834379,11.047169,85.668396,77.650841
6.2793975,1.719037,11.353305,0.101754,11.483161,89.492287,81.390076
6.2902508,1.224634,11.724405,-0.420182,11.795676,92.041405,84.036980
6.3000388,0.816423,11.876437,-0.620098,11.920606,92.981819,86.067497
6.3094196,0.276530,11.411963,-0.611719,11.431691,93.067406,88.611900
6.3193450,-0.149638,10.808623,-0.572214,10.824794,93.030151,90.793167
6.3292809,-0.403423,10.080787,-0.373495,10.095767,92.120155,92.291695
6.3396988,-0.458490,9.431957,0.101754,9.443643,89.382637,92.782974
6.3502989,-0.207098,8.819042,0.666785,8.846638,85.677429,91.345238
6.3603921,0.238223,8.419210,1.094150,8.493351,82.598343,88.379234
6.3692160,0.626084,8.243237,1.468843,8.396454,79.925064,85.656654
6.3794632,1.052252,8.588001,1.965640,8.872696,77.200615,83.014603
6.3894324,1.367089,9.289502,2.416947,9.695639,75.564980,81.628159
6.3995657,1.486799,9.278728,2.553416,9.737829,74.798401,80.896461
6.4093838,1.654393,9.214086,2.831144,9.780172,73.173302,79.820976
6.4195237,1.392228,8.667010,3.252523,9.361318,69.669014,80.874229
6.4292469,0.961272,7.978677,3.547010,8.784339,66.184807,83.130112
6.4393682,0.878672,7.706935,3.296816,8.428399,66.973572,83.495758
6.4499731,1.697489,7.997831,2.219425,8.471872,74.812675,78.017151
6.4593558,2.607286,8.116343,0.811634,8.563395,84.561371,72.190956
6.4693027,3.155558,8.034941,-0.371101,8.640344,92.461601,68.558601
6.4791570,3.596091,8.286332,-0.456095,9.044512,92.890533,66.540184
6.4894066,4.162320,8.957906,0.383072,9.885126,87.779099,65.077911
6.4994488,4.599261,9.657013,1.595735,10.814688,81.514877,64.533348
6.5093179,4.090494,9.779117,2.468422,10.883766,76.891342,67.300995
6.5195856,2.340332,9.227253,1.411382,9.623479,81.566566,75.768036
6.5299187,0.928950,7.914034,0.718261,8.000673,84.849335,83.305252
6.5402250,-0.652420,6.537368,2.675520,7.093747,67.841751,95.699165
6.5492649,-1.274912,5.370194,3.107674,6.334195,60.618752,103.355080
6.5595131,-1.015141,5.438429,1.200692,5.661156,77.754959,100.573196
6.5702472,-1.151611,6.361394,1.501164,6.636794,76.927238,100.261192
6.5792856,-1.296460,7.113173,1.595735,7.404351,77.554359,100.329453
6.5892320,-0.876278,7.659051,-0.837971,7.754426,96.203697,96.526871
6.5991697,0.773327,8.206126,-1.933318,8.466184,103.200401,84.616470
6.6093712,2.614468,7.530962,-1.023521,8.037314,97.316261,70.854912
6.6200967,4.292804,6.078878,0.114922,7.442723,89.115273,54.770889
6.6302090,5.594052,5.074511,1.049857,7.625371,82.086411,42.211990
6.6402011,5.697003,4.781221,1.595735,7.606726,77.890564,40.005123
6.6494689,5.108029,5.012261,1.922544,7.410189,74.962807,44.457829
6.6592007,5.256470,6.050148,2.548628,8.410129,72.359558,49.015339
6.6694317,5.768829,8.336611,2.264915,10.387892,77.406410,55.317257
6.6792760,5.452795,11.836933,2.007538,13.186212,81.242935,65.266396
6.6903787,4.262876,15.867572,2.475605,16.615673,81.431473,74.962364
6.6994667,2.932897,20.247765,2.589329,20.622282,82.786919,81.758003
6.7092476,0.106542,23.780409,3.245340,24.001072,82.228859,89.743301
6.7198811,-3.951630,23.220165,4.704607,24.019258,78.704559,99.658119
6.7292747,-7.733272,19.541473,4.726154,21.540873,77.325966,111.590508
6.7393036,-10.668563,15.509639,2.964022,19.056562,81.051994,124.522789
6.7491608,-12.461820,12.849681,0.943315,17.924873,86.983353,134.122101
6.7593727,-12.887988,11.725603,-0.064643,17.423954,90.212570,137.703796
6.7690907,-11.528081,11.889606,-1.124078,16.598883,93.883049,134.115524
6.7790875,-8.995016,12.355278,-2.215834,15.442575,98.249771,126.055756
6.7890587,-6.168661,12.538434,-3.052607,14.303255,102.322876,116.196274
6.7992678,-3.737349,12.242750,-3.348291,13.231167,104.658714,106.975876
6.8090940,-1.934515,11.565191,-3.112462,12.131918,104.865540,99.495979
6.8204837,-0.571017,10.773908,-2.579752,11.093163,103.447449,93.033836
6.8290348,0.531513,10.074800,-2.141613,10.313613,101.984627,86.980064
6.8390689,1.389834,9.503783,-1.735796,9.760457,100.243950,81.680038
6.8491821,1.930924,9.040505,-1.142034,9.314690,97.042511,77.943588
6.8589973,2.044648,8.755595,-0.283713,8.995639,91.807350,76.855576
6.8689919,2.149993,8.566454,0.542287,8.848767,86.486488,75.911018
6.8791308,2.360683,8.447941,1.213860,8.855167,82.121124,74.387573
6.8890529,2.628834,8.341399,1.731008,8.915498,78.804504,72.507492
6.8995357,2.772485,8.300697,2.050634,8.988512,76.812447,71.530357
6.9093189,2.645593,8.300697,2.090138,8.959320,76.509033,72.321915
6.9194417,2.219425,8.197746,1.995567,8.724172,76.777100,74.851128
6.9293461,1.662773,7.997831,1.793257,8.363365,77.618607,78.255341
6.9391460,1.016339,7.866150,1.619677,8.095222,78.458466,82.637939
6.9496946,0.381875,8.020576,1.571793,8.182053,78.924484,87.274094
6.9591637,-0.116119,8.456321,1.687912,8.623914,78.712944,90.786713
6.9691801,-0.288501,9.091981,1.759738,9.265205,79.051315,91.817467
6.9791708,-0.211887,9.666590,1.768118,9.829247,79.637032,91.255692
6.9896488,0.076614,9.926360,1.821988,10.092479,79.599411,89.557785
7.0000939,1.076194,9.895236,2.100912,10.172892,78.081467,83.792976
7.0094500,1.624466,9.652225,2.377442,10.072564,76.347565,80.446671
7.0202761,2.079364,9.160215,2.723404,9.780093,73.831444,77.210625
7.0291891,2.693477,9.091981,3.181894,10.002169,71.450706,73.498207
7.0395489,3.313575,9.188946,3.681085,10.438721,69.351273,70.170464
7.0491791,3.705027,9.218874,4.274847,10.816154,66.719803,68.105011
7.0593486,3.818752,9.283517,4.906917,11.173378,63.949612,67.640305
7.0693898,3.794810,9.372103,5.463568,11.492931,61.615574,67.956741
7.0800776,3.367445,9.502586,5.747281,11.604744,60.313583,70.487129
7.0900426,2.594118,9.472659,5.542577,11.277450,60.562469,74.684853
7.0999227,2.074576,9.493010,4.976348,10.917194,62.881863,77.672546
7.1093831,1.659182,9.513360,4.249708,10.550684,66.247299,80.106812
7.1200037,1.325191,9.466674,3.639187,10.228280,69.157730,82.031242
7.1293321,1.055843,9.396045,3.248932,9.997801,71.036568,83.588509
7.1392837,0.739808,9.440337,3.131616,9.973680,71.700272,85.519073
7.1495771,0.466869,9.429564,3.047819,9.920878,72.108673,87.165527
7.1591897,0.008380,9.093178,2.705448,9.487118,73.430946,89.947197
7.1694579,-0.168791,8.708909,1.559822,8.849103,79.847488,91.110336
7.1791549,0.371101,9.276335,0.213084,9.286200,88.685158,87.709091
7.1892948,-0.117316,9.732430,1.114501,9.796737,83.467751,90.690620
7.1994605,-0.792481,9.751583,1.944092,9.975014,78.761345,94.646042
7.2091389,-1.138443,8.852561,2.147599,9.180200,76.470963,97.328041
7.2195020,-0.572214,7.839813,2.144008,8.147814,74.743599,94.174515
7.2296777,1.163582,7.620744,2.128445,7.997496,74.565361,81.318779
7.2427411,3.603274,8.081628,2.148796,9.105691,76.350372,65.969826
7.2592807,5.954380,7.864953,2.181118,10.102940,77.532288,52.871452
7.2702107,5.600038,6.821081,2.215834,9.099312,75.905815,50.614353
7.2796259,5.492299,5.717354,2.128445,8.208761,74.972092,46.150169
7.2893119,5.513846,5.476737,2.461239,8.151984,72.427101,44.806541
7.2993727,5.177461,5.966351,2.646790,8.331203,71.476357,49.049313
7.3096247,4.684256,6.740875,2.116474,8.477093,75.542023,55.204441
7.3192854,4.261679,7.436390,1.711854,8.740267,78.705132,60.183651
7.3292418,4.083311,7.928399,1.810017,9.099951,78.527122,62.750473
7.3391871,4.035427,8.067263,2.147599,9.272409,76.608017,63.424747
7.3490715,4.157531,8.031349,2.487576,9.379535,74.620384,62.631077
7.3592000,4.531027,7.875727,2.619257,9.456098,73.919281,60.087521
7.3691287,4.027047,7.632715,2.858677,9.091066,71.672447,62.183716
7.3790579,3.560178,7.486669,3.034651,8.828033,69.894394,64.567245
7.3891521,3.259706,7.641095,3.045424,8.847973,69.867363,66.896812
7.3991876,3.435679,7.935582,2.657564,9.046546,72.916466,66.589989
7.4096437,4.364630,8.328231,2.567781,9.746944,74.725441,62.342026
7.4191685,5.196615,8.469488,2.779668,10.318120,74.371628,58.468018
7.4292541,5.923255,8.528147,3.149572,10.850533,73.125946,55.217949
7.4403787,6.324284,8.445546,3.439271,11.097404,71.945793,53.173008
7.4498777,6.294356,8.354567,3.556587,11.048394,71.221535,53.005516
7.4591537,6.476315,8.488642,3.819949,11.339828,70.314240,52.658577
7.4693894,6.733692,8.617929,4.098873,11.679558,69.454926,51.997410
7.4796376,7.181408,8.819042,4.304775,12.160560,69.268150,50.843834
7.4892287,8.197746,9.386468,4.699818,13.319051,69.337387,48.867405
7.5002069,9.515755,10.421960,2.726996,14.373703,79.063484,47.602406
7.5095959,8.112753,9.715671,1.316811,12.725761,84.060631,50.137535
7.5191908,6.206968,8.540117,2.313996,10.808082,77.637344,53.990299
7.5293522,4.741716,6.927623,3.248932,9.001743,68.843140,55.609718
7.5403829,4.236540,5.465962,2.185906,7.252806,72.459030,52.221573
7.5496798,3.750517,4.635174,0.058658,5.962772,89.436348,51.022202
7.5592818,3.100491,4.400543,-0.890643,5.456287,99.394569,54.832615
7.5692201,2.561796,4.842273,-1.352724,5.642718,103.870552,62.119003
7.5802531,2.339135,5.790377,-1.691504,6.470023,105.155342,68.002800
7.5894117,2.428918,6.930017,-2.881422,7.888432,111.424309,70.684830
7.6002221,1.968034,8.066066,-4.138378,9.276893,116.493431,76.288338
7.6096387,0.356736,8.531737,-4.487931,9.646727,117.725006,87.605698
7.6200967,0.156820,8.763975,-3.003526,9.265691,108.914429,88.974876
7.6291909,1.775301,9.046491,-2.794033,9.633137,106.860588,78.897255
7.6392598,3.620033,8.716091,-2.021903,9.652097,102.091774,67.445541
7.6496787,5.609614,8.604761,-0.560243,10.287058,93.121925,56.898872
7.6592607,7.096414,8.857349,1.291672,11.422791,83.507195,51.298668
7.6693139,7.194576,9.560047,2.981978,12.330800,76.005325,53.036087
7.6792388,6.313510,11.190498,3.915717,13.432070,73.051025,60.568966
7.6894341,5.017050,13.478158,2.693477,14.631690,79.392197,69.582939
7.7000928,3.479972,16.510414,-0.102951,16.873487,90.349579,78.097733
7.7093601,1.313220,18.112135,0.580594,18.168959,88.168785,85.853027
7.7197547,-0.677559,17.488447,2.820370,17.727362,80.845512,92.218712
7.7292190,-2.588132,16.141708,3.775656,16.778223,76.995171,99.109169
7.7406669,-5.167884,14.306552,3.478775,15.604049,77.118195,109.860985
7.7492580,-7.692570,12.601881,2.438494,14.964267,80.621574,121.401154
7.7592969,-9.081207,11.714828,1.429338,14.891224,84.491966,127.782455
7.7699785,-8.942344,11.556811,0.405817,14.618142,88.409195,127.731720
7.7796655,-7.754819,11.783064,-0.454898,14.113283,91.847076,123.350220
7.7891870,-5.907693,12.065579,-1.215057,13.489084,95.168045,116.087845
7.7991838,-3.763685,12.136209,-1.835156,12.838250,98.218262,107.229729
7.8091960,-1.740585,11.856087,-2.063802,12.159593,99.771904,98.351898
7.8195996,-0.183156,11.250354,-1.887828,11.409115,99.524345,90.932693
7.8294754,0.882263,10.523713,-1.505953,10.667465,98.115700,85.207771
7.8391247,1.604115,9.849746,-1.028310,10.032352,95.883110,80.750099
7.8493061,2.069787,9.415198,-0.512359,9.653625,93.042358,77.601616
7.8593435,2.349909,9.179369,0.075417,9.475684,89.543976,75.640717
7.8692060,2.445677,9.047688,0.721852,9.400164,85.595840,74.873894
7.8800206,2.457648,8.992621,1.304840,9.413282,82.032181,74.714554
7.8893681,2.513912,9.016563,1.776498,9.527545,79.253784,74.420975
7.8993049,2.694674,9.093178,1.995567,9.691720,78.117561,73.493324
7.9093208,3.071761,9.186552,2.117671,9.915291,77.667984,71.511314
7.9197531,3.336320,9.314642,2.299631,10.157848,76.915398,70.293480
7.9296784,3.418920,9.319430,2.546233,10.248127,75.613693,69.853966
7.9401469,3.296816,9.156625,2.686294,10.095987,74.569138,70.198738
7.9492717,3.040636,9.017760,2.528277,9.846707,75.121880,71.366768
7.9601369,2.203863,8.992621,2.112883,9.496764,77.144997,76.229668
7.9692788,2.203863,8.992621,2.112883,9.496764,77.144997,76.229668
7.9792609,1.746570,9.161413,1.951274,9.528351,78.183022,79.206413
7.9892898,1.200692,9.706094,1.437718,9.885188,81.637146,82.948051
7.9993324,1.064223,9.854534,1.182736,9.982148,83.195320,83.836334
8.0093327,1.125275,9.840169,0.987608,9.953419,84.305573,83.476265
8.0197716,1.296460,9.647436,0.848745,9.771090,85.016846,82.346222
8.0291338,1.432930,9.390059,0.834379,9.535339,84.979973,81.323563
8.0413370,1.622072,9.457097,1.191115,9.668844,82.923698,80.267387
8.0498161,1.680730,10.319010,2.240973,10.692463,77.902008,80.749069
8.0592995,0.995988,9.394848,2.695871,9.824606,74.073746,83.948433
8.0692244,0.984017,8.362947,1.224634,8.509224,81.725349,83.289207
8.0793571,1.271321,7.691373,0.715866,7.828534,84.753357,80.614342
8.0897455,1.983596,7.412448,0.617704,7.698091,85.397568,75.018486
8.0996666,2.759317,7.581240,0.526724,8.084953,86.264610,70.000191
8.1092358,3.266888,7.705738,0.697910,8.398692,85.233368,67.025230
8.1195526,3.715801,7.783550,0.988805,8.681507,83.459938,64.480583
8.1293392,4.346673,7.948750,1.335965,9.157564,81.611382,61.328514
8.1392012,4.782418,8.219295,1.861492,9.689864,78.924225,59.806904
8.1497402,4.857835,8.377312,2.413355,9.980090,76.006195,59.891415
8.1594343,4.950012,8.481460,2.820370,10.217253,73.976006,59.730991
8.1696911,5.143942,8.432379,2.902970,10.295260,73.622101,58.615860
8.1793566,5.159505,8.200141,2.700660,10.057652,74.423912,57.822018
8.1892719,5.102044,7.991845,2.379837,9.775687,75.910080,57.445587
8.1992779,4.945224,7.934384,2.098518,9.581935,77.349243,58.066158
8.2093124,4.831499,8.032547,1.758541,9.537172,79.374542,58.973499
8.2198572,4.848258,8.166622,1.624466,9.635259,80.293808,59.303772
8.2301388,5.103241,8.327033,1.503559,9.881459,81.247902,58.497856
8.2393064,5.289989,8.444349,1.667562,10.103058,80.499565,57.934788
8.2503738,5.511452,8.495825,1.897405,10.303169,79.387993,57.027523
8.2596712,5.700594,8.595184,2.483984,10.608684,76.458694,56.446419
8.2692804,6.317101,9.156625,3.545813,11.675715,72.320557,55.398438
8.2794676,7.167043,10.401609,4.053383,13.266118,72.209099,55.431911
8.2892866,7.759608,12.176909,-0.069432,14.439303,90.275513,57.493103
8.2994757,6.710948,13.536817,-5.218163,15.984725,109.053253,63.629845
8.3092709,2.200271,13.395558,-2.185906,13.749922,99.147461,80.672241
8.3193293,-2.551022,11.027693,5.528212,12.596779,63.968887,103.025047
8.3293190,-2.234987,8.423999,3.066972,9.239331,70.612976,104.858925
8.3408117,-0.169988,7.441179,-0.026336,7.443167,90.202728,91.308655
8.3493710,0.833182,7.100005,1.893813,7.395322,75.162254,83.306976
8.3592596,1.798046,6.818686,2.959233,7.647517,67.234932,75.227722
8.3701525,2.940080,6.305130,2.395399,7.357762,71.000450,65.000381
8.3800087,4.848258,6.521805,0.724246,8.158682,84.907150,53.373180
8.3893900,6.069301,6.915652,-0.232238,9.204162,91.445831,48.729225
8.4001408,6.022614,7.092823,0.156820,9.306160,89.034447,49.664951
8.4093103,5.507861,7.091625,0.363919,8.986664,87.679146,52.164543
8.4198380,5.061342,6.873753,0.140061,8.537288,89.059975,53.634716
8.4298697,5.131971,6.882133,0.878672,8.629771,84.156090,53.288296
8.4392996,5.291186,6.988675,1.230620,8.851703,82.008492,52.870323
8.4494247,5.104438,7.441179,1.163582,9.098371,82.652374,55.550983
8.4605980,3.837905,12.073959,1.162385,12.722466,84.757874,72.366287
8.4699020,1.826776,12.073959,3.043030,12.584818,76.007095,81.396469
8.4796209,-0.401029,15.143326,3.714604,15.597417,76.222321,91.516968
8.4893484,-2.778471,14.836868,2.591723,15.315664,80.257507,100.606812
8.5001240,-5.495890,13.742718,0.908600,14.828777,86.487129,111.797104
8.5098419,-8.140285,12.656947,-1.362301,15.110209,95.172676,122.747002
8.5196714,-10.144233,12.096704,-3.582923,16.188671,102.786743,129.983017
8.5298233,-10.757148,11.730392,-3.087323,16.212646,100.977699,132.521835
8.5393429,-9.384073,11.319786,-1.958457,14.833542,97.586853,129.658646
8.5499172,-6.804321,10.856507,-1.543063,12.905176,96.867249,122.077454
8.5593491,-4.143166,10.570400,-1.517924,11.454400,97.615173,111.403152
8.5693207,-1.527501,10.674548,-1.782483,10.929615,99.386147,98.143593
8.5791473,0.994791,10.972627,-1.547851,11.125825,97.997063,84.819664
8.5891619,3.383007,11.061212,-1.053449,11.614857,95.203789,72.994057
8.5992508,5.280412,10.691308,-0.248997,11.926810,91.196259,63.715343
8.6096420,6.440403,9.730036,0.845153,11.699002,85.857262,56.499050
8.6199198,7.003040,8.609550,1.987187,11.274566,79.848358,50.874962
8.6291952,7.237672,7.735666,2.792836,10.955563,75.230919,46.904881
8.6393929,7.319075,7.460332,3.256114,10.946584,72.695198,45.547604
8.6493597,7.128736,7.716512,3.477578,11.066029,71.684029,47.267361
8.6596184,6.651093,8.323442,3.341109,11.166008,72.589157,51.372364
8.6694632,5.759252,8.983045,2.926912,11.064849,74.661362,57.335064
8.6793537,4.587290,9.455899,2.404976,10.781520,77.110901,64.120834
8.6898499,3.326743,9.673772,1.871069,10.399519,79.634972,71.022263
8.7000418,2.249352,9.740809,1.256956,10.075857,82.833725,76.997154
8.7094803,1.398214,9.570822,0.610521,9.691665,86.388290,81.688385
8.7201481,0.905008,9.419987,0.050278,9.463494,89.695595,84.512253
8.7292833,0.806846,9.453506,-0.348356,9.494267,92.102722,85.121689
8.7392216,1.006762,9.579201,-0.347159,9.638214,92.064186,84.000313
8.7492781,1.355118,9.654618,-0.092177,9.749692,90.541702,82.010185
8.7593508,1.839944,9.612720,0.312443,9.792211,88.171532,79.164230
8.7697229,2.276886,9.508572,0.792481,9.809443,85.366165,76.533737
8.7791729,2.768894,9.391256,1.327585,9.880534,82.278175,73.572510
8.7897320,3.154361,9.234436,1.790863,9.921289,79.600700,71.140518
8.7999945,3.702633,9.059659,2.109292,10.011794,77.837753,67.770432
8.8093243,4.214992,8.779537,2.377442,10.024902,76.281395,64.354675
8.8197107,4.632780,8.391677,2.572570,9.924767,74.976982,61.098297
8.8296528,5.116409,8.076839,2.551022,9.895489,75.060646,57.647102
8.8392677,5.643134,7.803900,2.489970,9.947149,75.503555,54.128666
8.8491755,5.956774,7.698555,2.319981,10.006660,76.594353,52.269012
8.8593559,6.177041,7.866150,2.064999,10.212560,78.334251,51.858566
8.8693790,6.458359,8.468291,1.752556,10.793230,80.655197,52.668976
8.8792276,6.399701,9.088389,1.714248,11.246939,81.232857,54.848236
8.8893175,5.811924,9.165004,1.606509,10.970716,81.579552,57.619453
8.9002771,5.082890,8.965088,0.893037,10.344375,85.047447,60.448284
8.9107122,4.107253,8.118738,-0.839168,9.137157,95.269539,63.165245
8.9192743,3.477578,7.431602,-0.839168,8.247815,95.839622,64.923012
8.9293184,3.104083,7.280767,-1.938106,8.148691,103.759247,66.909508
8.9398661,2.746149,7.593211,-2.561796,8.471185,107.602585,70.117043
8.9490805,2.712631,8.333019,-2.561796,9.130190,106.295128,71.968483
8.9597788,3.491943,9.612720,0.107739,10.227885,89.396446,70.035797
8.9692183,3.912126,9.759963,1.606509,10.636846,81.313232,68.157402
8.9791651,4.584896,9.465476,2.795230,10.882546,75.116501,64.155334
8.9890823,5.486313,8.874108,3.605668,11.038581,70.934898,58.274055
8.9992819,6.607996,8.356961,4.349067,11.507338,67.793945,51.665955
9.0091743,7.237672,7.904457,4.797980,11.742442,65.882980,47.521397
9.0192471,7.800309,7.920019,5.504270,12.404375,63.657494,45.436295
9.0293665,8.125920,7.991845,6.083666,12.919411,61.907692,44.523399
9.0396729,8.039729,8.270770,5.791574,12.906789,63.338211,45.811550
9.0492802,7.955932,8.894460,4.905719,12.902493,67.653008,48.187950
9.0595274,8.009802,9.933543,3.459621,13.221240,74.830734,51.119415
9.0693140,7.964312,11.423933,1.922544,14.058189,82.139816,55.117325
9.0791893,8.178593,12.961011,-0.921768,15.353398,93.441917,57.747459
9.0896826,6.779182,13.357251,-2.142811,15.131593,98.141121,63.090919
9.1001320,2.582147,13.340492,-0.572214,13.600134,92.411385,79.045456
9.1093664,-2.166753,10.703279,-0.852336,10.953606,94.462883,101.444199
9.1203671,-4.548983,7.254431,-2.206257,8.842375,104.448494,122.090286
9.1293411,-4.914099,4.407725,-2.056619,6.914196,107.304436,138.109329
9.1400175,-3.716998,2.750938,-1.070208,4.746481,103.030754,143.494980
9.1494722,-1.557428,2.051831,-1.601721,3.033332,121.873131,127.200073
9.1592855,0.618901,2.151190,-2.385822,3.271514,136.825363,73.949379
9.1691599,1.862689,2.808398,-2.098518,3.969948,121.910965,56.445408
9.1796246,2.980781,4.235343,-1.043872,5.283262,101.395538,54.862598
9.1891289,4.412514,6.315904,-0.304064,7.710602,92.260017,55.060490
9.1992216,6.336255,8.476671,-0.021548,10.583125,90.116661,53.222134
9.2093134,8.324639,9.880871,0.240617,12.922427,88.933083,49.885841
9.2196169,10.011354,10.091560,2.433706,14.421849,80.284775,45.228596
9.2292175,11.373655,9.946711,4.633977,15.804140,72.949593,41.170979
9.2400589,10.924743,10.019734,5.420473,15.783746,69.914551,42.525795
9.2494001,9.097966,11.646594,3.790021,15.257142,75.616577,52.004124
9.2600298,5.843049,14.255077,2.752135,15.650006,79.871574,67.711647
9.2691870,1.727417,15.228320,4.261679,15.907470,74.460403,83.528343
9.2792597,-1.528698,15.140931,4.167108,15.778134,74.686134,95.765305
9.2892790,-3.869030,14.198813,3.227384,15.066244,77.630646,105.242447
9.3003216,-5.537788,13.158532,1.885434,14.400310,82.476662,112.823868
9.3092308,-6.744466,12.459426,0.556652,14.178680,87.750000,118.427322
9.3197412,-7.009026,12.155362,0.162806,14.032311,89.335228,119.968613
9.3299913,-6.186617,11.985373,-0.063446,13.488049,90.269516,117.301903
9.3396559,-4.813542,11.504139,-0.432153,12.478067,91.984726,112.705330
9.3492422,-3.271677,10.954670,-0.855927,11.464784,94.281517,106.628563
9.3593597,-1.678335,10.494983,-1.298854,10.707403,96.967384,99.085693
9.3691626,-0.215478,10.078392,-1.151611,10.146261,96.517174,91.224808
9.3794374,1.069011,9.708488,-0.671574,9.790226,93.933372,83.716415
9.3891335,2.076970,9.446322,-0.192733,9.673881,91.141579,77.599648
9.3993587,3.080141,9.344569,0.219069,9.841557,88.724510,71.756836
9.4091177,4.165911,9.376891,0.478840,10.271815,87.328079,66.045654
9.4191790,5.038598,9.259575,0.726640,10.566703,86.056831,61.447178
9.4291096,5.876568,9.097966,1.042675,10.880910,84.501129,57.140732
9.4411736,6.409278,8.911219,1.470040,11.074732,82.372147,54.274918
9.4591579,5.026627,8.906430,2.334347,10.490026,77.142319,60.560410
9.4692011,4.072537,8.973468,2.099715,10.075588,77.971611,65.589455
9.4794731,3.318364,9.029732,1.625663,9.756556,80.408493,69.821968
9.4890766,2.663549,8.997410,0.901417,9.426581,84.512703,73.509392
9.4991245,2.038663,8.919599,0.046687,9.149731,89.707642,77.125626
9.5090857,1.552640,8.708909,-0.514753,8.861194,93.330231,79.891411
9.5192719,1.430536,8.408437,-0.776918,8.564569,95.204628,80.344658
9.5292034,1.838747,8.152257,-0.833182,8.398480,95.693466,77.289589
9.5393047,2.313996,7.954735,-0.146046,8.285754,91.009956,73.780533
9.5493412,2.749741,7.911640,0.586579,8.396380,85.993996,70.834778
9.5596113,3.171120,7.824251,1.007959,8.502405,83.191582,67.937592
9.5694342,3.580529,7.686584,1.086968,8.548991,82.695313,65.023178
9.5806580,4.252102,7.619547,0.995988,8.782361,83.488205,60.836216
9.5893288,4.935647,7.688979,0.849942,9.176242,84.685410,57.303112
9.5993824,5.714960,8.215703,0.897826,10.048116,84.873634,55.176975
9.6092539,5.917270,8.377312,1.482011,10.362905,81.777878,54.764732
9.6192884,5.967548,8.374918,1.328782,10.369019,82.637344,54.528229
9.6291103,5.808333,8.303091,1.280898,10.213655,82.795547,55.025723
9.6394434,5.278018,8.040926,1.750161,9.776350,79.687325,56.719337
9.6492634,4.897339,8.063671,0.712275,9.461187,85.682465,58.728279
9.6590614,4.616021,8.500613,-0.768539,9.703542,94.542694,61.497063
9.6693840,4.435259,8.611943,-1.052252,9.743937,96.199486,62.750965
9.6793327,5.100847,8.571242,-0.544681,9.989070,93.125755,59.242626
9.6890879,6.393716,8.300697,0.763750,10.505450,85.830894,52.394287
9.6994066,7.461530,7.899669,2.497152,11.149662,77.057877,46.633774
9.7091608,7.747637,7.724892,3.558981,11.505051,71.980492,44.915771
9.7191696,7.425617,7.805098,3.688268,11.386951,71.100876,46.427258
9.7302265,7.184999,8.170214,3.027468,11.293458,74.450386,48.671154
9.7407408,7.449559,8.821436,2.221819,11.757982,79.107750,49.819454
9.7492599,8.192958,9.510966,1.734599,12.672485,82.132706,49.257660
9.7603626,8.525752,9.782708,1.877054,13.111566,81.769249,48.927444
9.7692099,7.906851,9.617508,2.596512,12.718358,78.219986,50.575317
9.7797575,6.821081,9.215282,3.256114,11.918509,74.145340,53.491440
9.7905855,5.617994,8.821436,3.287239,10.962916,72.551361,57.508686
9.7997904,4.606444,8.570045,2.744952,10.109389,74.244965,61.741737
9.8092213,3.998317,8.504205,2.029086,9.613804,77.815544,64.819077
9.8202772,3.950433,8.670602,1.337162,9.621500,82.011383,65.505409
9.8293562,4.163517,8.923190,0.933739,9.890907,84.583000,64.986473
9.8393564,4.204218,9.027337,0.688333,9.982087,86.045929,65.027626
9.8496523,3.894169,8.895657,0.529119,9.725082,86.881134,66.358086
9.8603592,3.345897,8.747216,0.367510,9.372506,87.752769,69.067650
9.8692722,2.853889,8.623915,0.205901,9.086198,88.701515,71.689209
9.8795500,2.637213,8.554482,-0.003591,8.951764,90.022987,72.866287
9.8892460,2.917335,8.489840,-0.251391,8.980613,91.604073,71.035912
9.9002419,3.421314,8.416816,-0.233435,9.088601,91.471764,67.878967
9.9096298,3.961207,8.356961,-0.089783,9.248676,90.556213,64.639008
9.9201288,5.215768,8.202535,0.136469,9.721339,89.195648,57.548832
9.9299507,5.679047,7.922413,0.365116,9.754461,87.854881,54.365799
9.9394550,5.962759,7.366959,0.711078,9.504326,85.709335,51.013557
9.9499531,6.232107,7.182605,0.957681,9.557517,84.249207,49.052914
9.9593487,6.436811,7.034164,1.107318,9.598863,83.375648,47.539043
9.9692335,6.470330,6.920440,1.230620,9.553643,82.599075,46.925182
9.9803944,6.325481,6.898892,1.224634,9.439606,82.545799,47.482800
9.9893017,6.099229,6.953959,1.073799,9.311884,83.378212,48.746414
9.9992037,5.944803,7.110779,0.836774,9.306129,84.841202,50.103470
10.0093603,5.813122,7.323863,0.538695,9.365978,86.702744,51.560146
10.0199566,5.632360,7.596802,0.405817,9.465704,87.542839,53.446323
10.0302658,5.421670,7.937976,0.622492,9.632936,86.294891,55.666763
10.0392485,5.118803,8.352173,1.010353,9.847931,84.111351,58.497082
10.0499229,4.847061,8.819042,1.441309,10.165967,81.849258,61.206226
10.0598497,4.544195,9.233239,1.695095,10.429562,80.646347,63.795616
10.0698671,4.285621,9.443929,1.833959,10.531749,79.971603,65.591621
10.0797729,4.141969,9.331401,1.800440,10.366896,79.998611,66.064796
10.0897865,4.238934,8.961497,1.594538,10.040894,80.862495,64.685089
10.0992613,4.504691,8.741230,1.444901,9.939269,81.641121,62.736214
10.1097088,4.811148,8.962694,1.438915,10.273632,81.948738,61.773228
10.1196642,4.996699,9.384073,1.461660,10.731462,82.171799,61.966221
10.1298637,5.120000,9.792285,1.318008,11.128360,83.198105,62.396702
10.1396265,5.179855,10.186131,1.113304,11.481621,84.435631,63.045734
10.1501513,5.087678,10.378864,1.388637,11.641891,83.149490,63.886086
10.1601791,4.824317,10.245986,1.934515,11.488977,80.306351,64.786629
10.1703358,4.510676,9.847352,2.184709,11.049412,78.596237,65.389389
10.1793337,4.265270,9.381680,1.990779,10.496268,79.066742,65.551643
10.1891317,4.197036,9.046491,1.551443,10.092625,81.157410,65.111488
10.1997004,4.361038,8.895657,1.183933,9.977628,83.185295,63.883896
10.2093363,4.756082,8.848969,0.905008,10.086804,84.852386,61.743172
10.2198839,5.176264,8.882488,0.653617,10.301433,86.362190,59.768536
10.2293615,5.370194,8.997410,0.548272,10.492520,87.004723,59.168709
10.2393236,5.127183,9.002198,0.470461,10.370579,87.399887,60.336414
10.2493486,4.537012,8.639477,0.490811,9.770667,87.120644,62.293839
10.2592773,4.370615,8.676587,1.211466,9.790459,82.892036,63.264458
10.2693758,4.282030,8.264784,1.711854,9.464294,79.579269,62.611080
10.2800207,3.987543,7.638700,1.608904,8.765775,79.423759,62.434608
10.2891836,3.683479,7.484274,1.725022,8.518104,78.316078,63.795319
10.2999773,3.614048,7.733272,1.606509,8.685948,79.341492,64.951553
10.3103514,3.505111,8.143877,1.364695,8.970559,81.249596,66.713036
10.3197899,3.446453,8.680179,1.170765,9.412451,82.854774,68.344513
10.3296423,3.438074,9.153033,1.133654,9.842943,83.386322,69.412758
10.3391352,3.428497,9.331401,1.163582,10.009173,83.324181,69.825912
10.3498850,3.468001,9.372103,1.313220,10.079082,82.513557,69.693787
10.3601303,3.447650,9.323022,1.514333,10.054762,81.337807,69.705620
10.3694487,3.301604,9.193734,1.731008,9.920773,79.951416,70.246048
10.3792105,3.219004,9.165004,1.917756,9.901367,78.832031,70.647308
10.3894320,3.129222,9.264363,2.100912,10.001715,77.874413,71.336586
10.3992672,3.100491,9.387665,2.261323,10.141740,77.116348,71.723007
10.4093399,3.125630,9.488221,2.261323,10.242534,77.245285,71.766975
10.4203129,3.089717,9.440337,2.178724,10.169226,77.628662,71.877304
10.4292288,3.074155,9.162610,1.947683,9.858871,78.605896,71.452835
10.4397764,3.083732,9.054871,1.878251,9.748226,78.890991,71.193184
10.4494610,3.019088,8.930372,1.789666,9.595277,79.250511,71.321159
10.4604092,2.931700,8.877700,1.720234,9.506188,79.574356,71.725128
10.4701777,2.886210,8.933964,1.741782,9.548807,79.489929,72.096405
10.4793921,2.874239,8.961497,1.772906,9.576684,79.331444,72.217293
10.4897413,2.888604,8.986636,1.763330,9.602759,79.418884,72.180862
10.5002413,2.953248,8.954314,1.656788,9.573211,80.033928,71.746780
10.5094366,2.914941,8.905233,1.511938,9.491365,80.833954,71.875229
10.5194912,2.748544,8.917204,1.432930,9.440567,81.269661,72.869171
10.5296144,2.517503,8.956709,1.403002,9.408978,81.424469,74.300674
10.5398035,2.196680,8.944737,1.364695,9.311075,81.571976,76.202164
10.5497627,2.026692,8.916007,1.468843,9.260678,80.873734,77.193741
10.5602503,1.963245,8.906430,1.534683,9.248464,80.448196,77.569077
10.5694609,1.985990,8.939949,1.583764,9.293824,80.188316,77.475250
10.5796232,2.098518,9.084799,1.648408,9.468611,79.974190,76.993256
10.5891218,2.197877,9.209297,1.686715,9.617007,79.898720,76.576965
10.6002960,2.261323,9.232041,1.719037,9.659154,79.748474,76.236786
10.6094770,2.327164,9.226056,1.777695,9.679669,79.417427,75.843124
10.6194239,2.305616,9.220071,1.847127,9.681809,79.001503,75.960258
10.6296415,2.212242,9.279925,1.936909,9.734611,78.523186,76.591515
10.6392269,2.148796,9.421184,1.980005,9.863895,78.420204,77.151688
10.6496935,2.128445,9.515755,1.966837,9.947277,78.595978,77.391846
10.6604481,2.135628,9.591172,1.963245,10.020270,78.701096,77.446960
10.6693745,2.185906,9.685743,1.959654,10.120872,78.835587,77.282379
10.6801081,2.219425,9.734824,1.933318,10.170073,79.041451,77.156761
10.6896667,2.231396,9.727641,1.845930,10.149561,79.521133,77.080589
10.7000952,2.240973,9.732430,1.778892,10.144289,79.900452,77.033180
10.7097082,2.275689,9.800665,1.736993,10.210237,80.205048,76.927719
10.7194233,2.340332,9.876082,1.778892,10.304301,80.058891,76.668549
10.7292299,2.352303,9.855731,1.868674,10.303432,79.550766,76.576141
10.7392035,2.384625,9.731233,1.962048,10.209455,78.919991,76.231071
10.7491875,2.439692,9.624691,2.051831,10.138874,78.324265,75.776108
10.7592640,2.522291,9.588778,2.126051,10.140350,77.897423,75.262421
10.7691517,2.636016,9.625888,2.133234,10.205732,77.934891,74.685211
10.7792521,2.687491,9.630676,2.096124,10.215981,78.159912,74.407959
10.7891779,2.631228,9.512163,2.072181,10.084570,78.142380,74.537643
10.7996922,2.574964,9.368511,2.081758,9.936457,77.906532,74.631577
10.8092012,2.475605,9.269152,2.075773,9.816039,77.791641,75.046478
10.8192968,2.370260,9.264363,2.021903,9.774183,78.061501,75.648888
10.8290462,2.286463,9.330204,1.921347,9.796539,78.689545,76.230438
10.8391628,2.237381,9.367314,1.845930,9.806116,79.149757,76.566589
10.8490639,2.257732,9.364920,1.790863,9.798279,79.468666,76.445557
10.8591776,2.328361,9.327810,1.769315,9.775469,79.572258,75.984520
10.8696976,2.388216,9.247604,1.776498,9.714819,79.463333,75.519615
10.8792763,2.387019,9.149442,1.830367,9.631219,79.044579,75.377907
10.8892488,2.420538,9.117120,1.845930,9.611885,78.927757,75.131348
10.8999739,2.469619,9.176975,1.811214,9.674522,79.209717,74.937943
10.9102659,2.682703,9.491813,1.823185,10.030723,79.527702,74.217941
10.9195490,2.765303,9.527725,1.857901,10.093376,79.393013,73.815292
10.9292049,2.795230,9.443929,1.892616,10.029113,79.122360,73.512207
10.9398098,2.780865,9.300277,1.930924,9.897314,78.749687,73.352867
10.9492006,2.742558,9.179369,1.960851,9.778925,78.432747,73.365211
10.9598026,2.704251,9.170990,1.974019,9.763031,78.334755,73.570786
10.9691896,2.704251,9.264363,2.018312,9.859766,78.187958,73.727570
10.9793043,2.779668,9.467871,1.981202,10.064407,78.647049,73.638313
10.9898462,2.784456,9.508572,1.898602,10.088153,79.152176,73.678047
11.0000677,2.699462,9.403227,1.823185,9.951471,79.443352,73.982376
11.0097713,2.512715,9.425972,2.360683,10.036708,76.396301,75.073563
11.0191660,2.710236,9.757569,1.557428,10.246030,81.256973,74.476974
11.0290470,2.841918,9.357738,1.532289,9.899074,81.095314,73.106621
11.0391026,2.953248,8.913613,1.595735,9.524734,80.355415,71.668999
11.0491600,2.942474,8.819042,1.879448,9.485040,78.571281,71.548721
11.0591059,2.849100,9.088389,2.047042,9.742001,77.870293,72.594421
11.0690908,2.602497,9.375694,2.081758,9.950395,77.923729,74.486458
11.0791245,2.346318,9.463082,1.975216,9.947694,78.547218,76.074661
11.0890923,2.172738,9.333796,1.764527,9.744439,79.567307,76.895950
11.0991478,2.094927,9.127894,1.643619,9.508347,80.045815,77.073997
11.1090879,2.112883,9.046491,1.618480,9.429886,80.117218,76.853752
11.1191568,2.067393,8.929175,1.577779,9.300198,80.232529,76.963875
11.1291771,2.061408,8.973468,1.614889,9.347748,80.051842,77.062340
11.1390963,2.024297,9.198523,1.646014,9.561378,80.087013,77.588882
11.1490650,2.043451,9.417592,1.608904,9.770123,80.521591,77.757607
11.1590805,2.152387,9.543288,1.612495,9.915002,80.640312,77.290207
11.1690922,2.293645,9.697714,1.741782,10.116337,80.085693,76.693268
11.1791534,2.346318,9.751583,1.778892,10.186415,79.942657,76.471283
11.1890297,2.343924,9.667787,1.788469,10.107359,79.808006,76.371788
11.1992083,2.311602,9.561244,1.871069,10.013082,79.230263,76.408531
11.2092457,2.203863,9.392453,1.836353,9.820763,79.223015,76.794899
11.2191610,2.051831,9.277532,1.941698,9.698082,78.450493,77.529129
11.2290840,1.883040,9.181764,1.999158,9.583697,77.959686,78.410217
11.2391462,2.020706,9.306262,1.821988,9.695845,79.168915,77.749306
11.2501125,2.431312,9.603143,1.769315,10.062907,79.873306,75.792465
11.2591877,2.887407,9.755175,1.777695,10.327669,80.088356,73.511917
11.2692404,3.191471,9.696517,1.801637,10.365993,79.991013,71.781776
11.2816477,3.343503,9.615114,1.968034,10.368345,79.058205,70.825699
11.2991381,3.174711,9.393650,2.201468,10.157063,77.482216,71.326622
11.3090515,2.792836,9.151836,2.153584,9.807853,77.315781,73.029556
11.3219051,2.450465,9.105149,2.128445,9.666375,77.279770,74.936913
11.3390942,2.098518,9.181764,1.731008,9.576270,79.585960,77.126015
11.3492508,2.144008,9.249998,1.582567,9.626202,80.537498,76.950157
11.3591814,2.267309,9.282320,1.533486,9.677485,80.882530,76.273651
11.3691530,2.415750,9.287108,1.607706,9.729899,80.489197,75.419418
11.3791542,2.534262,9.307459,1.692701,9.793697,80.047264,74.768578
11.3889713,2.574964,9.313444,1.772906,9.824147,79.603203,74.545036
11.3991222,2.555810,9.327810,1.860295,9.848904,79.112373,74.677086
11.4090595,2.494758,9.411607,1.881842,9.916828,79.061073,75.153893
11.4192362,2.497152,9.428367,1.914164,9.939511,78.896538,75.165520
11.4293480,2.503138,9.439140,1.914164,9.951236,78.909782,75.147758
11.4390450,2.541445,9.443929,1.906982,9.964102,78.966362,74.938026
11.4490137,2.596512,9.473856,1.885434,10.002534,79.134995,74.673233
11.4592228,2.570175,9.445126,1.857901,9.963333,79.252930,74.777451
11.4690475,2.497152,9.408015,1.867477,9.911306,79.139473,75.134850
11.4793329,2.443283,9.378088,1.867477,9.869430,79.092827,75.397285
11.4894018,2.437297,9.393650,1.897405,9.888438,78.937416,75.454651
11.4992247,2.440889,9.436746,1.890222,9.928900,79.025284,75.497833
11.5090418,2.470816,9.463082,1.867477,9.957025,79.189941,75.366737
11.5194044,2.493561,9.453506,1.827973,9.946260,79.409698,75.223587
11.5290890,2.505532,9.425972,1.824382,9.922449,79.405090,75.114334
11.5392656,2.516306,9.394848,1.830367,9.896727,79.341972,75.005898
11.5495882,2.517503,9.379285,1.848324,9.885601,79.223915,74.975319
11.5595589,2.497152,9.357738,1.899799,9.869765,78.902054,75.058548
11.5692101,2.516306,9.338584,1.909376,9.858330,78.832291,74.919662
11.5791931,2.535460,9.325416,1.902193,9.849380,78.864601,74.789703
11.5890617,2.534262,9.331401,1.877054,9.849916,79.014214,74.805847
11.5996885,2.548628,9.372103,1.855506,9.888110,79.184311,74.787003
11.6091938,2.548628,9.422380,1.818396,9.928913,79.447205,74.864441
11.6193447,2.546233,9.424775,1.794454,9.926215,79.584846,74.881676
11.6294088,2.546233,9.368511,1.817199,9.876969,79.398125,74.795074
11.6391821,2.547431,9.295488,1.835156,9.811386,79.219704,74.674355
11.6490088,2.510320,9.252393,1.843535,9.762536,79.115036,74.820183
11.6592779,2.498349,9.283517,1.862689,9.792602,79.034737,74.937607
11.6692867,2.515109,9.366117,1.879448,9.878373,79.032104,74.968811
11.6791954,2.564190,9.441534,1.887828,9.964012,79.078461,74.805756
11.6901016,2.584541,9.454702,1.863886,9.977240,79.233101,74.711128
11.6994095,2.586935,9.418790,1.833959,9.938272,79.365982,74.642029
11.7092409,2.577358,9.386468,1.837550,9.905814,79.309593,74.645996
11.7197466,2.564190,9.336189,1.853112,9.857663,79.164673,74.642365
11.7291241,2.603694,9.337387,1.871069,9.872534,79.075073,74.419075
11.7396688,2.613271,9.333796,1.883040,9.873943,79.005898,74.358841
11.7497931,2.598906,9.338584,1.877054,9.873540,79.040825,74.448242
11.7591486,2.561796,9.319430,1.853112,9.841168,79.146294,74.629738
11.7696314,2.500744,9.312247,1.830367,9.814372,79.251480,74.968231
11.7797165,2.438494,9.325416,1.800440,9.805673,79.419777,75.345894
11.7893667,2.390610,9.330204,1.778892,9.794497,79.535774,75.628685
11.7995062,2.410961,9.348161,1.789666,9.818541,79.497749,75.538139
11.8093224,2.473210,9.390059,1.798046,9.875371,79.509430,75.244217
11.8193617,2.539051,9.369708,1.833959,9.879353,79.301811,74.837830
11.8290596,2.607286,9.336189,1.847127,9.867839,79.211357,74.396729
11.8391047,2.613271,9.307459,1.875857,9.847681,79.018784,74.316757
11.8491392,2.600103,9.303867,1.889025,9.843318,78.935768,74.386192
11.8591032,2.597709,9.363723,1.863886,9.894517,79.141998,74.494781
11.8691273,2.596512,9.428367,1.837550,9.950505,79.358162,74.602783
11.8791742,2.589329,9.455899,1.807622,9.969261,79.553368,74.685974
11.8893366,2.566584,9.333796,1.844732,9.854447,79.210693,74.624947
11.8991995,2.500744,9.283517,1.860295,9.792757,79.049179,74.923828
11.9092016,2.525883,9.329007,1.867477,9.843675,79.063942,74.850075
11.9190931,2.627636,9.369708,1.860295,9.907401,79.177437,74.334404
11.9292698,2.692280,9.357738,1.878251,9.916826,79.082207,73.949142
11.9393797,2.667141,9.257181,1.940500,9.827237,78.611450,73.927467
11.9493256,2.620454,9.196129,1.966837,9.762377,78.376999,74.095001
11.9603424,2.495955,9.411607,2.402581,10.028984,76.139206,75.147079
11.9700184,2.692280,10.067618,1.841141,10.582774,79.980972,75.028305
11.9792089,3.282450,9.703699,1.114501,10.304289,83.790802,71.310966
