Keuwl Accelerometer Data File
2019-06-26 16-22-51

Time (s), X (m/s2), Y (m/s2), Z (m/s2), R (m/s2), Theta (deg), Phi (deg)
0.0000000,2.971204,9.275137,0.166397,9.740837,89.021202,72.237617
0.0099720,3.313575,9.199720,0.381875,9.785728,87.763542,70.191887
0.0199540,3.330335,9.244013,0.948104,9.871262,84.488426,70.187462
0.0300990,3.378219,9.193734,1.397017,9.893875,81.882698,69.824249
0.0399780,3.707421,9.085996,1.878251,9.991403,79.164688,67.802727
0.0499410,4.282030,9.069236,2.548628,10.348059,75.741898,64.725716
0.0599580,4.766856,8.877700,3.217807,10.577843,72.289803,61.766552
0.0702080,4.955997,8.781932,3.647566,10.723291,70.113770,60.562214
0.0801910,4.576517,8.752005,3.749320,10.564066,69.211914,62.394451
0.0900490,4.102465,8.735245,3.313575,10.203651,71.049927,64.843132
0.1003600,3.489549,8.884883,2.590526,9.890850,74.816490,68.557518
0.1101680,2.929306,9.020155,1.713051,9.637353,79.761200,72.008736
0.1204990,2.571373,9.114726,1.030704,9.526412,83.788765,74.245613
0.1302300,2.874239,9.540894,0.644040,9.985224,86.301895,73.234825
0.1401490,3.190274,9.837775,0.565032,10.357554,86.872810,72.032738
0.1502690,3.167529,9.767146,0.567426,10.283597,86.836945,72.031891
0.1602000,2.962825,9.399636,0.750582,9.884071,85.644852,72.504822
0.1699550,2.840720,9.038112,1.155202,9.544194,83.048035,72.551826
0.1802140,2.890999,8.874108,1.487996,9.451021,80.941498,71.955475
0.1900680,3.112462,9.318233,1.654393,9.962626,80.441185,71.529724
0.1999510,2.846706,9.459491,1.425747,9.980905,81.787346,73.251541
0.2099400,2.509123,8.959103,1.137246,9.373075,83.031067,74.354347
0.2200550,2.693477,8.566454,1.171962,9.056072,82.564400,72.545731
0.2311820,4.037821,8.917204,1.906982,9.972818,78.976128,65.638390
0.2408030,4.037821,8.917204,2.069787,10.005226,78.060974,65.638390
0.2502240,4.247314,9.235633,2.069787,10.374036,78.491333,65.303085
0.2601390,4.089296,9.360131,2.111686,10.430418,78.319466,66.400230
0.2709760,3.699042,9.112331,2.212242,10.080254,77.322510,67.905899
0.2801260,3.653552,8.819042,1.854309,9.724320,79.007072,67.496758
0.2913420,3.489549,8.848969,1.903390,9.700727,78.684517,68.478439
0.2999790,3.416526,9.026140,1.854309,9.827630,79.124046,69.267616
0.3101980,3.460819,9.172187,1.692701,9.948442,80.203613,69.327675
0.3205570,3.521871,9.269152,1.648408,10.051765,80.561325,69.195412
0.3309180,3.556587,9.282320,1.679533,10.081250,80.409828,69.035309
0.3402120,3.550601,9.234436,1.696292,10.037877,80.270950,68.968460
0.3509150,3.497929,9.172187,1.699883,9.962636,80.175789,69.125023
0.3600440,3.450045,9.101558,1.731008,9.886230,79.915939,69.240242
0.3700660,3.417723,9.024943,1.731008,9.804429,79.830917,69.258453
0.3800700,3.435679,9.003395,1.722628,9.789406,79.864967,69.113235
0.3906900,3.463213,9.028535,1.699883,9.818243,80.029846,69.013924
0.4007790,3.466804,9.081207,1.672350,9.863256,80.238136,69.105354
0.4102970,3.421314,9.103952,1.618480,9.859352,80.551743,69.403511
0.4200390,3.374627,9.102755,1.572991,9.834762,80.796478,69.658951
0.4300610,3.319561,9.071630,1.543063,9.782383,80.924316,69.901031
0.4405090,3.282450,9.036914,1.535880,9.736489,80.923981,70.037613
0.4500500,3.266888,9.012972,1.535880,9.709024,80.898087,70.076187
0.4611390,3.313575,9.035717,1.551443,9.748382,80.842506,69.861015
0.4706520,3.361459,9.058462,1.583764,9.790988,80.691086,69.640869
0.4800590,3.391387,9.066842,1.608904,9.813139,80.563522,69.492050
0.4906790,3.417723,9.074024,1.653196,9.836249,80.324272,69.361160
0.5007690,3.420117,9.059659,1.679533,9.828299,80.160583,69.317947
0.5101750,3.424906,9.072827,1.702277,9.846010,80.044106,69.318962
0.5206770,3.440468,9.103952,1.720234,9.883217,79.976265,69.297958
0.5309030,3.426103,9.099164,1.733402,9.876115,79.891396,69.367172
0.5404300,3.421314,9.108741,1.739388,9.884332,79.864647,69.413429
0.5501950,3.414132,9.137471,1.742979,9.908968,79.869011,69.512260
0.5605820,3.436877,9.167398,1.734599,9.942945,79.953041,69.448875
0.5702860,3.450045,9.217676,1.741782,9.995108,79.964203,69.479843
0.5801630,3.468001,9.228451,1.756147,10.013760,79.899612,69.404053
0.5900230,3.465607,9.234436,1.763330,10.019709,79.863953,69.429306
0.6001930,3.446453,9.221268,1.788469,10.005421,79.703041,69.506744
0.6102850,3.424906,9.197326,1.806425,9.979176,79.570854,69.575645
0.6200190,3.373430,9.190144,1.813608,9.956302,79.504593,69.843307
0.6299680,3.335123,9.206903,1.778892,9.952616,79.703850,70.087509
0.6401989,3.330335,9.228451,1.762132,9.967976,79.817780,70.156654
0.6503670,3.319561,9.226056,1.716643,9.954218,80.069481,70.211128
0.6606490,3.288436,9.203311,1.675941,9.915822,80.269341,70.337677
0.6703029,3.276465,9.135077,1.644817,9.843286,80.380730,70.268684
0.6802940,3.250129,9.094376,1.612495,9.791381,80.521057,70.334236
0.6902190,3.232172,9.087193,1.588553,9.774840,80.647125,70.420326
0.7012690,3.242946,9.100361,1.582567,9.789678,80.696930,70.386292
0.7106069,3.223793,9.123106,1.598130,9.807034,80.621399,70.538338
0.7201700,3.215413,9.127894,1.576582,9.805251,80.747276,70.594566
0.7301280,3.207033,9.130288,1.571793,9.803967,80.774399,70.646065
0.7411000,3.207033,9.138668,1.606509,9.817392,80.581810,70.662498
0.7502789,3.238158,9.157822,1.606509,9.845417,80.608864,70.526672
0.7601520,3.271677,9.175778,1.640028,9.878687,80.443695,70.376015
0.7702840,3.342306,9.149442,1.696292,9.887401,80.121414,69.932671
0.7800560,3.336320,9.118318,1.713051,9.859478,79.994270,69.902824
0.7903010,3.307590,9.099164,1.728614,9.834787,79.876808,70.023552
0.7999710,3.284845,9.101558,1.729811,9.829589,79.864311,70.154968
0.8101799,3.271677,9.107543,1.714248,9.828013,79.954819,70.240334
0.8200700,3.250129,9.144653,1.666364,9.847071,80.257271,70.434128
0.8299900,3.241749,9.190144,1.665167,9.886377,80.303421,70.570114
0.8400570,3.271677,9.233239,1.649605,9.933669,80.441063,70.488892
0.8501940,3.298013,9.241618,1.651999,9.950553,80.443459,70.360283
0.8605240,3.309984,9.214086,1.681927,9.933994,80.252281,70.240143
0.8700910,3.324349,9.175778,1.722628,9.910280,79.989868,70.084740
0.8803260,3.327940,9.145850,1.764527,9.891173,79.723770,70.004852
0.8902079,3.323152,9.131485,1.798046,9.882324,79.516891,70.002419
0.9005030,3.306392,9.101558,1.786075,9.846860,79.549545,70.035049
0.9104030,3.288436,9.121908,1.765724,9.856003,79.679626,70.175835
0.9212180,3.262100,9.143456,1.729811,9.860849,79.896774,70.365189
0.9301370,3.252523,9.184157,1.698686,9.890055,80.110008,70.498657
0.9402660,3.283648,9.211691,1.667562,9.920602,80.323166,70.380615
0.9508359,3.286042,9.217676,1.683124,9.929579,80.240898,70.379181
0.9601340,3.300407,9.194932,1.697489,9.915691,80.142860,70.255028
0.9702170,3.295619,9.143456,1.709460,9.868443,80.024628,70.179077
0.9808700,3.298013,9.112331,1.729811,9.843968,79.879272,70.103363
0.9903020,3.306392,9.095572,1.742979,9.833597,79.790535,70.022949
1.0008240,3.326743,9.107543,1.746570,9.852160,79.788757,69.934097
1.0107660,3.323152,9.111135,1.720234,9.849635,79.941734,69.961304
1.0204309,3.326743,9.143456,1.683124,9.874357,80.185783,70.006653
1.0303019,3.319561,9.156625,1.669956,9.881904,80.270821,70.072845
1.0400209,3.298013,9.149442,1.660379,9.866409,80.311821,70.177765
1.0501059,3.288436,9.153033,1.656788,9.865940,80.332512,70.238014
1.0607259,3.284845,9.166202,1.671153,9.879383,80.261276,70.284103
1.0700339,3.292027,9.169792,1.699883,9.890001,80.102913,70.251465
1.0801250,3.289633,9.184157,1.721431,9.906248,79.992783,70.293205
1.0906399,3.278859,9.163807,1.740585,9.887158,79.860527,70.312523
1.1004509,3.269282,9.173384,1.751359,9.894768,79.805023,70.384552
1.1104360,3.238158,9.153033,1.747767,9.865007,79.795128,70.517250
1.1201259,3.227384,9.147048,1.728614,9.852543,79.895241,70.565460
1.1301739,3.224990,9.166202,1.691504,9.863112,80.125076,70.616348
1.1401329,3.236961,9.185355,1.650802,9.877946,80.379593,70.587311
1.1501130,3.262100,9.165004,1.628057,9.863526,80.499374,70.407829
1.1600800,3.287239,9.145850,1.629254,9.854288,80.483330,70.230339
1.1710550,3.329138,9.124303,1.656788,9.852969,80.319664,69.954750
1.1803650,3.392584,9.068039,1.698686,9.829776,80.048744,69.487900
1.1910040,3.422511,9.005790,1.757344,9.793165,79.662506,69.191475
1.2010720,3.445256,8.989030,1.795651,9.792692,79.434090,69.029503
1.2103299,3.475184,9.020155,1.808819,9.834223,79.401184,68.929886
1.2204829,3.481169,9.064447,1.786075,9.872832,79.577347,68.990891
1.2304419,3.459621,9.078813,1.750161,9.872025,79.788345,69.139885
1.2402530,3.432088,9.072827,1.747767,9.856476,79.786201,69.279266
1.2511979,3.388993,9.020155,1.735796,9.790886,79.788231,69.408134
1.2605079,3.399766,9.020155,1.753753,9.797819,79.688820,69.348183
1.2704509,3.420117,9.005790,1.769315,9.794485,79.592728,69.204788
1.2807720,3.438074,9.018958,1.790863,9.816779,79.488739,69.132896
1.2909340,3.442862,9.028535,1.794454,9.827909,79.479485,69.126595
1.3012379,3.428497,9.030929,1.786075,9.823560,79.524483,69.211266
1.3102310,3.411737,9.021352,1.789666,9.809569,79.488037,69.284149
1.3206990,3.386598,9.042900,1.772906,9.817652,79.596252,69.468895
1.3303850,3.356671,9.065644,1.735796,9.821717,79.820625,69.682281
1.3402851,3.326743,9.111135,1.696292,9.846695,80.080162,69.941376
1.3500940,3.306392,9.155427,1.678335,9.877797,80.217422,70.143311
1.3603480,3.320758,9.205706,1.669956,9.927799,80.316238,70.164192
1.3701860,3.335123,9.258378,1.656788,9.979257,80.443321,70.189583
1.3802410,3.347094,9.277532,1.668759,10.003019,80.396706,70.161865
1.3902670,3.357868,9.261970,1.689109,9.995622,80.271194,70.072212
1.4011440,3.361459,9.215282,1.697489,9.955014,80.182182,69.959541
1.4102809,3.350685,9.153033,1.734599,9.900199,79.909210,69.893646
1.4204130,3.341109,9.129091,1.786075,9.883996,79.589249,69.898140
1.4303449,3.350685,9.120711,1.776498,9.877774,79.639099,69.828133
1.4405519,3.355474,9.112331,1.756147,9.868021,79.748840,69.784561
1.4502470,3.353080,9.109938,1.746570,9.863297,79.800407,69.792938
1.4603659,3.351882,9.126697,1.729811,9.875422,79.911842,69.833672
1.4702439,3.365051,9.136273,1.728614,9.888536,79.932404,69.780357
1.4810489,3.386598,9.120711,1.729811,9.881734,79.918358,69.629608
1.4903399,3.388993,9.103952,1.744176,9.869618,79.821136,69.581963
1.5014489,3.375824,9.093178,1.752556,9.856648,79.758102,69.632652
1.5103160,3.368642,9.072827,1.741782,9.833501,79.797523,69.630585
1.5202318,3.372233,9.070433,1.717840,9.828310,79.933861,69.605721
1.5306879,3.365051,9.071630,1.705869,9.824868,80.001198,69.648056
1.5402499,3.355474,9.081207,1.692701,9.828161,80.082520,69.720909
1.5513840,3.355474,9.081207,1.699883,9.829401,80.041275,69.720909
1.5606769,3.360262,9.088389,1.702277,9.838086,80.036003,69.709068
1.5700089,3.343503,9.103952,1.715446,9.849047,79.969421,69.833817
1.5801510,3.329138,9.108741,1.725022,9.850281,79.914116,69.923233
1.5902059,3.330335,9.105149,1.735796,9.849257,79.849388,69.909309
1.6005570,3.344700,9.103952,1.738190,9.853440,79.839600,69.827179
1.6103399,3.345897,9.102755,1.738190,9.852739,79.838875,69.818100
1.6207620,3.365051,9.113529,1.757344,9.872600,79.746590,69.733994
1.6304550,3.380613,9.120711,1.747767,9.882844,79.813744,69.662659
1.6402819,3.391387,9.144653,1.739388,9.907152,79.888237,69.652191
1.6500889,3.398569,9.180567,1.733402,9.941719,79.958794,69.685867
1.6606599,3.423708,9.188946,1.726219,9.956823,80.016151,69.565117
1.6706759,3.414132,9.186552,1.728614,9.951740,79.997009,69.612694
1.6802740,3.410540,9.157822,1.734599,9.925035,79.934723,69.573746
1.6902279,3.381810,9.112331,1.732205,9.872779,79.895004,69.638870
1.7013789,3.344700,9.072827,1.723825,9.822158,79.892029,69.763580
1.7114009,3.312378,9.059659,1.702277,9.795255,79.991989,69.916656
1.7202719,3.292027,9.066842,1.671153,9.789680,80.171158,70.044838
1.7307110,3.287239,9.106346,1.647211,9.820630,80.344162,70.151260
1.7413410,3.351882,9.145850,1.611298,9.873094,80.607262,69.872513
1.7501749,3.351882,9.145850,1.611298,9.873094,80.607262,69.872513
1.7600839,3.361459,9.123106,1.606509,9.854508,80.617607,69.773399
1.7703921,3.367445,9.059659,1.648408,9.804812,80.321335,69.610069
1.7806059,3.372233,9.048885,1.662773,9.798933,80.230247,69.561165
1.7903389,3.393781,9.068039,1.678335,9.826693,80.166039,69.481262
1.8007040,3.417723,9.088389,1.674744,9.853143,80.213890,69.391037
1.8103600,3.428497,9.106346,1.695095,9.876916,80.117867,69.368881
1.8201070,3.415329,9.102755,1.703475,9.870483,80.061981,69.434044
1.8301970,3.393781,9.074024,1.715446,9.838618,79.958679,69.493675
1.8404559,3.362656,9.044097,1.722628,9.801560,79.877670,69.604523
1.8518449,3.333926,9.044097,1.689109,9.785900,80.060600,69.764595
1.8606690,3.326743,9.066842,1.673547,9.801817,80.169243,69.851250
1.8717419,3.351882,9.081207,1.651999,9.820007,80.315201,69.740845
1.8802290,3.373430,9.103952,1.641225,9.846603,80.405197,69.668030
1.8904060,3.410540,9.087193,1.656788,9.846512,80.313255,69.428238
1.9008809,3.438074,9.066842,1.702277,9.845086,80.043159,69.233673
1.9101379,3.438074,9.039309,1.717840,9.822445,79.927788,69.175842
1.9200599,3.440468,9.057265,1.717840,9.839809,79.945747,69.200356
1.9302219,3.438074,9.106346,1.701080,9.881273,80.087036,69.316124
1.9400889,3.439271,9.161413,1.655591,9.924769,80.397369,69.423447
1.9514879,3.453636,9.209297,1.641225,9.971579,80.526566,69.443138
1.9602740,3.469198,9.210494,1.653196,9.980060,80.465004,69.360756
1.9702588,3.473987,9.190144,1.673547,9.966348,80.333107,69.292793
1.9816240,3.472790,9.137471,1.715446,9.924535,80.046494,69.190193
1.9902279,3.484761,9.082404,1.746570,9.883528,79.821510,69.009064
2.0008950,3.471592,9.041702,1.747767,9.841699,79.770706,68.995537
2.0100729,3.433285,9.006987,1.756147,9.797822,79.674591,69.134140
2.0201120,3.429694,8.963891,1.726219,9.751615,79.803833,69.062538
2.0308449,3.422511,8.950723,1.734599,9.738473,79.739830,69.074516
2.0402329,3.418920,8.962694,1.722628,9.746094,79.819450,69.120087
2.0506649,3.418920,9.014170,1.710657,9.791354,79.938164,69.229126
2.0601890,3.439271,9.075222,1.692701,9.851572,80.106323,69.244606
2.0700738,3.450045,9.132683,1.663970,9.903408,80.327286,69.304985
2.0803099,3.451242,9.166202,1.644817,9.931553,80.467026,69.367729
2.0902419,3.465607,9.161413,1.643619,9.931938,80.474396,69.279221
2.1002450,3.462016,9.144653,1.629254,9.912856,80.540077,69.264160
2.1102810,3.444059,9.119514,1.632846,9.883990,80.491089,69.310547
2.1200838,3.411737,9.076419,1.622072,9.831198,80.503212,69.399246
2.1301351,3.404555,9.051279,1.629254,9.806687,80.436707,69.386673
2.1406820,3.404555,9.042900,1.629254,9.798954,80.429085,69.369179
2.1507998,3.421314,9.052477,1.620875,9.812235,80.491776,69.296295
2.1600690,3.428497,9.064447,1.619677,9.825586,80.511894,69.281593
2.1701601,3.439271,9.084799,1.612495,9.846944,80.575035,69.264626
2.1803479,3.428497,9.083601,1.606509,9.841102,80.604706,69.321587
2.1900852,3.414132,9.070433,1.623269,9.826701,80.491753,69.373550
2.2000699,3.412935,9.075222,1.618480,9.829917,80.523186,69.390137
2.2100930,3.388993,9.076419,1.628057,9.824317,80.461105,69.525154
2.2200520,3.409343,9.100361,1.629254,9.853662,80.482719,69.462128
2.2312350,3.433285,9.118318,1.622072,9.877362,80.548012,69.367332
2.2401159,3.436877,9.120711,1.620875,9.880624,80.558197,69.352531
2.2506418,3.445256,9.111135,1.612495,9.873333,80.600449,69.286545
2.2601850,3.444059,9.096769,1.610101,9.859268,80.601021,69.263214
2.2718101,3.421314,9.091981,1.594538,9.844392,80.678490,69.378670
2.2803628,3.400964,9.077616,1.608904,9.826405,80.576378,69.461342
2.2901361,3.402161,9.074024,1.605312,9.822914,80.594231,69.447266
2.3004410,3.390190,9.072827,1.616086,9.819435,80.527145,69.511093
2.3101790,3.366248,9.090784,1.619677,9.828394,80.514633,69.680794
2.3205400,3.356671,9.112331,1.610101,9.843488,80.585815,69.777931
2.3302369,3.357868,9.130288,1.588553,9.857024,80.725800,69.807869
2.3402948,3.372233,9.150639,1.567005,9.877330,80.871651,69.769928
2.3507819,3.371036,9.169792,1.575385,9.896000,80.839882,69.815361
2.3609200,3.367445,9.181764,1.569399,9.904922,80.883270,69.859306
2.3711491,3.393781,9.176975,1.576582,9.910612,80.846489,69.704865
2.3801138,3.400964,9.153033,1.592144,9.893406,80.739128,69.616600
2.3901050,3.388993,9.132683,1.604115,9.872403,80.648849,69.640915
2.4007130,3.388993,9.133880,1.611298,9.874681,80.608788,69.643364
2.4101338,3.380613,9.133880,1.619677,9.873178,80.558052,69.689583
2.4207380,3.402161,9.143456,1.606509,9.887283,80.648987,69.590424
2.4302130,3.405752,9.150639,1.613692,9.896329,80.615463,69.585373
2.4408231,3.393781,9.160215,1.610101,9.900491,80.640511,69.670769
2.4516339,3.361459,9.173384,1.594538,9.899137,80.730499,69.875343
2.4611959,3.341109,9.199720,1.574188,9.913422,80.863121,70.040245
2.4702878,3.318364,9.214086,1.568202,9.918174,80.902557,70.194008
2.4801867,3.289633,9.223662,1.553837,9.915243,80.983902,70.371147
2.4903901,3.281253,9.230844,1.534683,9.916167,81.096786,70.431419
2.5002768,3.293224,9.235633,1.528698,9.923667,81.138550,70.374878
2.5102539,3.312378,9.216479,1.533486,9.912967,81.100891,70.231697
2.5203619,3.345897,9.203311,1.538275,9.912732,81.072662,70.021080
2.5304110,3.367445,9.172187,1.568202,9.895856,80.881866,69.839973
2.5404699,3.363853,9.153033,1.582567,9.879172,80.781944,69.820992
2.5501900,3.362656,9.163807,1.604115,9.892220,80.667747,69.849403
2.5607758,3.365051,9.179369,1.568202,9.901699,80.887291,69.867645
2.5700910,3.353080,9.199720,1.551443,9.913877,80.996658,69.974403
2.5804448,3.342306,9.208099,1.557428,9.918956,80.966301,70.050392
2.5899839,3.317167,9.202114,1.525106,9.899921,81.138161,70.176842
2.6002228,3.298013,9.191340,1.504756,9.880380,81.239914,70.261131
2.6099660,3.288436,9.166202,1.526304,9.857113,81.092316,70.264214
2.6201301,3.287239,9.149442,1.522712,9.840572,81.098389,70.237495
2.6300631,3.296816,9.162610,1.528698,9.856943,81.078072,70.210670
2.6402581,3.330335,9.198523,1.508347,9.898438,81.234985,70.097160
2.6500747,3.319561,9.229648,1.489193,9.920866,81.366859,70.218231
2.6603730,3.307590,9.226056,1.470040,9.910665,81.469894,70.276978
2.6707571,3.288436,9.212888,1.476025,9.892915,81.419418,70.356552
2.6804450,3.318364,9.210494,1.511938,9.906094,81.220802,70.186882
2.6903720,3.350685,9.199720,1.525106,9.908981,81.146324,69.987564
2.7003698,3.360262,9.209297,1.538275,9.923145,81.082108,69.954132
2.7101848,3.372233,9.193734,1.559822,9.916136,80.949707,69.857117
2.7204258,3.371036,9.181764,1.588553,9.909196,80.775055,69.839554
2.7305269,3.325546,9.155427,1.594538,9.870342,80.703217,70.037346
2.7406180,3.303998,9.160215,1.580173,9.865237,80.782898,70.166130
2.7504408,3.286042,9.176975,1.575385,9.874045,80.819336,70.298843
2.7602980,3.287239,9.191340,1.552640,9.884198,80.962372,70.320656
2.7716439,3.293224,9.227253,1.531092,9.916238,81.117859,70.358421
2.7802989,3.305195,9.229648,1.546654,9.924860,81.034691,70.297234
2.7909639,3.312378,9.216479,1.552640,9.915948,80.991554,70.231697
2.8003509,3.300407,9.197326,1.546654,9.893211,81.005775,70.259773
2.8105137,3.284845,9.173384,1.547851,9.865952,80.973679,70.298355
2.8203199,3.276465,9.149442,1.520318,9.836609,81.108887,70.297279
2.8301828,3.274071,9.181764,1.537078,9.868482,81.039345,70.374573
2.8402088,3.289633,9.182961,1.547851,9.876451,80.983353,70.290833
2.8503499,3.305195,9.203311,1.537078,9.898882,81.067085,70.245209
2.8607030,3.312378,9.197326,1.528698,9.894421,81.112144,70.193726
2.8701260,3.324349,9.214086,1.538275,9.915491,81.075172,70.161064
2.8800378,3.347094,9.227253,1.575385,9.941180,80.881866,70.062263
2.8900399,3.344700,9.212888,1.602918,9.931448,80.711937,70.046783
2.9000220,3.345897,9.185355,1.606509,9.906899,80.667671,69.985123
2.9099660,3.333926,9.155427,1.594538,9.873168,80.705902,69.991028
2.9202108,3.319561,9.137471,1.589750,9.850897,80.712921,70.034370
2.9306507,3.311181,9.121908,1.578976,9.831902,80.758438,70.049500
2.9399700,3.314772,9.112331,1.539472,9.817957,80.978699,70.010246
2.9499710,3.314772,9.107543,1.538275,9.813325,80.981483,70.000565
2.9602549,3.312378,9.118318,1.529895,9.821209,81.038277,70.035622
2.9703138,3.338714,9.138668,1.535880,9.849934,81.029381,69.930763
2.9803870,3.355474,9.155427,1.544260,9.872477,81.000793,69.872063
2.9905288,3.349488,9.168595,1.563414,9.885670,80.900497,69.931648
3.0002837,3.374627,9.174581,1.581370,9.902615,80.810966,69.805290
3.0100539,3.365051,9.168595,1.616086,9.899416,80.604370,69.845894
3.0201910,3.343503,9.148245,1.610101,9.872275,80.613518,69.923637
3.0301130,3.301604,9.118318,1.587356,9.826698,80.703995,70.095451
3.0401731,3.269282,9.090784,1.570596,9.787612,80.765953,70.220093
3.0501130,3.253720,9.087193,1.557428,9.776980,80.834000,70.299812
3.0603068,3.257311,9.097966,1.532289,9.784221,80.989922,70.301300
3.0700631,3.290830,9.138668,1.534683,9.833619,81.021431,70.196075
3.0820768,3.320758,9.178172,1.541866,9.881479,81.023117,70.109352
3.0902159,3.323152,9.187749,1.559822,9.893993,80.929276,70.115257
3.1001348,3.349488,9.179369,1.584962,9.899091,80.786613,69.953323
3.1100259,3.350685,9.165004,1.611298,9.890433,80.623878,69.917809
3.1199470,3.347094,9.157822,1.630451,9.885702,80.506821,69.923141
3.1299860,3.354277,9.153033,1.628057,9.883307,80.518570,69.873825
3.1402910,3.354277,9.148245,1.626860,9.878675,80.521118,69.864136
3.1499918,3.350685,9.145850,1.628057,9.875437,80.510941,69.879120
3.1599758,3.344700,9.149442,1.614889,9.874572,80.587563,69.919441
3.1700559,3.337517,9.149442,1.610101,9.871359,80.612640,69.959129
3.1802909,3.324349,9.141062,1.598130,9.857197,80.669556,70.015083
3.1902378,3.317167,9.148245,1.577779,9.858162,80.790321,70.069283
3.2002308,3.321955,9.157822,1.575385,9.868279,80.813927,70.062012
3.2101560,3.338714,9.154230,1.570596,9.869839,80.843544,69.962166
3.2218778,3.331532,9.151836,1.581370,9.866912,80.777428,69.997040
3.2311411,3.308787,9.132683,1.575385,9.840518,80.787781,70.084457
3.2408860,3.292027,9.133880,1.567005,9.834668,80.831711,70.179855
3.2502778,3.283648,9.130288,1.567005,9.828530,80.825935,70.219215
3.2609708,3.281253,9.126697,1.564611,9.824013,80.835823,70.225342
3.2704749,3.270479,9.131485,1.564611,9.824869,80.836632,70.294800
3.2803340,3.275268,9.149442,1.561020,9.842583,80.874435,70.303925
3.2902429,3.274071,9.129091,1.568202,9.824413,80.814987,70.270065
3.3008599,3.276465,9.125500,1.570596,9.822257,80.798805,70.249580
3.3103280,3.266888,9.120711,1.588553,9.817507,80.688133,70.293312
3.3202870,3.259706,9.109938,1.605312,9.807837,80.579643,70.311844
3.3306618,3.286042,9.117120,1.602918,9.822896,80.608368,70.179550
3.3408320,3.307590,9.155427,1.601721,9.865471,80.656311,70.136688
3.3501198,3.313575,9.216479,1.601721,9.924151,80.712051,70.225105
3.3601248,3.318364,9.247604,1.578976,9.951024,80.870018,70.260239
3.3702619,3.312378,9.242816,1.583764,9.945341,80.836815,70.283676
3.3810618,3.281253,9.203311,1.583764,9.898276,80.792870,70.377342
3.3902719,3.298013,9.193734,1.608904,9.899000,80.646111,70.265869
3.4002008,3.324349,9.187749,1.635240,9.906566,80.498917,70.108650
3.4103239,3.347094,9.163807,1.671153,9.898038,80.279808,69.935204
3.4205580,3.356671,9.136273,1.684321,9.878039,80.182434,69.826645
3.4302588,3.336320,9.118318,1.690306,9.855551,80.124489,69.902824
3.4412858,3.311181,9.117120,1.675941,9.843504,80.197144,70.039848
3.4502430,3.280056,9.101558,1.644817,9.813386,80.351143,70.181648
3.4614189,3.236961,9.125500,1.614889,9.816339,80.531212,70.469589
3.4712608,3.240552,9.149442,1.587356,9.835301,80.712196,70.496857
3.4804850,3.240552,9.166202,1.563414,9.847065,80.864517,70.529831
3.4901009,3.217807,9.161413,1.558625,9.834383,80.880890,70.646950
3.5004289,3.208230,9.185355,1.576582,9.856424,80.795731,70.746880
3.5103071,3.248932,9.216479,1.590947,9.901018,80.753334,70.581764
3.5213799,3.269282,9.234436,1.581370,9.922891,80.829910,70.504425
3.5303040,3.262100,9.209297,1.583764,9.897513,80.792152,70.494934
3.5405040,3.265691,9.168595,1.580173,9.860265,80.778206,70.395004
3.5502357,3.256114,9.136273,1.599327,9.830138,80.636566,70.384232
3.5602419,3.252523,9.119514,1.601721,9.813764,80.606636,70.370956
3.5703290,3.264494,9.154230,1.600524,9.849798,80.648369,70.373238
3.5803208,3.259706,9.186552,1.590947,9.876717,80.730377,70.463562
3.5901177,3.259706,9.203311,1.596933,9.893270,80.710899,70.496445
3.6003659,3.274071,9.206903,1.623269,9.905634,80.568214,70.424080
3.6105378,3.276465,9.197326,1.614889,9.896155,80.608276,70.392014
3.6201301,3.262100,9.178172,1.601721,9.871456,80.662025,70.433807
3.6300468,3.260903,9.157822,1.612495,9.853899,80.581741,70.400284
3.6411908,3.262100,9.153033,1.617283,9.850631,80.550362,70.384163
3.6514318,3.276465,9.157822,1.616086,9.859648,80.566132,70.313919
3.6603289,3.295619,9.153033,1.607706,9.860214,80.616035,70.198204
3.6727169,3.323152,9.155427,1.617283,9.873237,80.572189,70.050583
3.6903069,3.326743,9.182961,1.632846,9.902534,80.509056,70.085892
3.7002847,3.315969,9.167398,1.624466,9.883103,80.539482,70.114273
3.7100821,3.284845,9.162610,1.589750,9.862603,80.724045,70.276970
3.7204289,3.260903,9.144653,1.561020,9.833359,80.865807,70.374214
3.7302988,3.251326,9.151836,1.557428,9.836301,80.889748,70.441666
3.7408078,3.256114,9.151836,1.555034,9.837505,80.904991,70.415047
3.7505729,3.277662,9.166202,1.576582,9.861436,80.800446,70.323898
3.7606220,3.286042,9.154230,1.578976,9.853485,80.778854,70.253677
3.7703238,3.292027,9.160215,1.618480,9.867445,80.559563,70.232414
3.7801027,3.295619,9.156625,1.631648,9.867479,80.482079,70.205368
3.7904119,3.280056,9.139865,1.635240,9.847330,80.441231,70.258278
3.8009319,3.274071,9.129091,1.642422,9.836534,80.388206,70.270065
3.8103058,3.263297,9.132683,1.626860,9.833701,80.477364,70.337135
3.8211799,3.264494,9.144653,1.624466,9.844821,80.502350,70.354256
3.8301799,3.266888,9.169792,1.620875,9.868378,80.546371,70.390732
3.8401787,3.264494,9.204509,1.606509,9.897513,80.658737,70.472313
3.8508217,3.263297,9.197326,1.619677,9.892586,80.576744,70.464844
3.8608499,3.263297,9.178172,1.613692,9.873801,80.593864,70.427170
3.8702209,3.256114,9.174581,1.595735,9.865170,80.691254,70.459915
3.8802848,3.260903,9.182961,1.598130,9.874931,80.686462,70.449867
3.8908548,3.275268,9.196129,1.596933,9.891732,80.709442,70.396278
3.9010549,3.306392,9.227253,1.600524,9.931571,80.726051,70.285927
3.9102321,3.317167,9.238028,1.592144,9.943826,80.786499,70.247932
3.9224267,3.324349,9.206903,1.606509,9.919639,80.679764,70.146797
3.9401970,3.325546,9.136273,1.650802,9.861840,80.363731,69.998810
3.9503260,3.342306,9.113529,1.659182,9.847857,80.300461,69.859940
3.9601300,3.343503,9.103952,1.642422,9.836590,80.388268,69.833817
3.9705100,3.332729,9.113529,1.629254,9.839612,80.469002,69.913025
3.9807658,3.332729,9.136273,1.628057,9.860484,80.496422,69.959045
3.9901538,3.318364,9.167398,1.618480,9.882925,80.574486,70.101044
4.0007601,3.303998,9.176975,1.586159,9.881760,80.763283,70.199539
4.0107908,3.281253,9.165004,1.572991,9.860944,80.821121,70.301620
4.0211201,3.288436,9.172187,1.570596,9.869630,80.843353,70.276100
4.0304608,3.313575,9.149442,1.569399,9.856728,80.838310,70.091568
4.0412536,3.325546,9.118318,1.575385,9.832843,80.780533,69.962555
4.0502009,3.313575,9.095572,1.586159,9.809441,80.694580,69.982994
4.0606318,3.309984,9.103952,1.589750,9.816581,80.680168,70.019920
4.0702376,3.293224,9.119514,1.580173,9.823839,80.743713,70.144417
4.0815258,3.275268,9.151836,1.583764,9.848441,80.745872,70.308678
4.0901918,3.266888,9.187749,1.570596,9.876945,80.850189,70.426140
4.1008568,3.301604,9.221268,1.576582,9.920584,80.855766,70.300484
4.1102047,3.332729,9.236830,1.590947,9.947724,80.797127,70.160110
4.1216798,3.371036,9.218874,1.617283,9.948222,80.643898,69.914215
4.1304088,3.380613,9.173384,1.651999,9.915071,80.408936,69.769943
4.1404986,3.369839,9.135077,1.699883,9.884080,80.096924,69.751480
4.1500921,3.341109,9.120711,1.703475,9.861653,80.052994,69.881157
4.1601658,3.312378,9.130288,1.680730,9.856919,80.182373,70.059731
4.1712289,3.301604,9.155427,1.655591,9.872356,80.345901,70.169823
4.1802859,3.288436,9.167398,1.655591,9.879068,80.352524,70.266594
4.1903300,3.298013,9.185355,1.653196,9.898520,80.385719,70.249260
4.2017221,3.278859,9.169792,1.669956,9.880524,80.269455,70.324379
4.2105818,3.253720,9.173384,1.669956,9.875546,80.264496,70.470840
4.2218628,3.226187,9.174581,1.638831,9.862402,80.434814,70.626083
4.2309108,3.219004,9.190144,1.620875,9.871573,80.549461,70.696327
4.2402196,3.216610,9.208099,1.594538,9.883229,80.715446,70.744469
4.2502189,3.219004,9.198523,1.567005,9.870680,80.865448,70.712608
4.2602291,3.239355,9.174581,1.551443,9.852580,80.940178,70.552925
4.2701640,3.260903,9.142260,1.557428,9.830564,80.884384,70.369469
4.2810407,3.342306,9.138668,1.604115,9.862020,80.638916,69.910904
4.2912817,3.354277,9.135077,1.618480,9.865104,80.557297,69.837448
4.3006058,3.369839,9.142260,1.637634,9.880211,80.459259,69.766106
4.3102360,3.341109,9.150639,1.636437,9.878012,80.464157,69.941696
4.3209348,3.339911,9.151836,1.623269,9.876544,80.540176,69.950729
4.3302107,3.338714,9.147048,1.626860,9.872293,80.514938,69.947685
4.3404956,3.336320,9.167398,1.616086,9.888577,80.593979,70.001877
4.3503079,3.366248,9.174581,1.635240,9.908509,80.500801,69.851395
4.3604469,3.399766,9.179369,1.636437,9.924573,80.509308,69.676865
4.3703227,3.408146,9.143456,1.629254,9.893064,80.520973,69.557487
4.3807106,3.392584,9.121908,1.646014,9.870572,80.400528,69.599022
4.3901258,3.373430,9.100361,1.649605,9.844684,80.353844,69.660660
4.4002266,3.349488,9.085996,1.638831,9.821413,80.394516,69.763947
4.4100051,3.336320,9.099164,1.634043,9.828322,80.429649,69.863922
4.4204431,3.307590,9.114726,1.590947,9.825960,80.682068,70.054970
4.4302659,3.289633,9.117120,1.595735,9.822928,80.650864,70.159576
4.4400692,3.293224,9.175778,1.593341,9.878207,80.717720,70.256729
4.4500027,3.309984,9.202114,1.599327,9.909225,80.711967,70.216431
4.4603877,3.325546,9.199720,1.589750,9.910672,80.769424,70.125916
4.4703536,3.320758,9.162610,1.599327,9.876168,80.680595,70.078224
4.4801869,3.341109,9.127894,1.619677,9.854177,80.539680,69.895721
4.4910803,3.366248,9.102755,1.655591,9.845443,80.319260,69.705338
4.4999838,3.384204,9.094376,1.672350,9.846687,80.221550,69.588730
4.5100241,3.392584,9.081207,1.657985,9.834982,80.294708,69.515167
4.5200438,3.381810,9.094376,1.662773,9.844243,80.275658,69.601982
4.5300131,3.375824,9.126697,1.665167,9.872465,80.289627,69.701340
4.5399857,3.385401,9.153033,1.674744,9.901703,80.262352,69.702248
4.5499988,3.377022,9.167398,1.649605,9.907909,80.415977,69.777565
4.5600786,3.375824,9.163807,1.624466,9.900023,80.555794,69.776878
4.5699840,3.386598,9.155427,1.613692,9.894185,80.613411,69.700531
4.5802102,3.406949,9.135077,1.613692,9.882355,80.602074,69.546875
4.5899549,3.438074,9.103952,1.618480,9.865180,80.557373,69.311142
4.6000409,3.452439,9.082404,1.632846,9.852695,80.460602,69.187004
4.6099639,3.450045,9.066842,1.653196,9.840909,80.328896,69.167564
4.6201978,3.422511,9.053674,1.660379,9.820359,80.265945,69.292175
4.6300550,3.392584,9.042900,1.653196,9.798812,80.286949,69.435646
4.6401739,3.374627,9.045294,1.624466,9.790011,80.448685,69.540413
4.6501608,3.385401,9.060856,1.600524,9.804169,80.604454,69.512840
4.6603980,3.379416,9.085996,1.577779,9.821668,80.755798,69.597984
4.6704240,3.400964,9.101558,1.572991,9.842724,80.803986,69.510880
4.6802516,3.436877,9.118318,1.564611,9.869338,80.878273,69.347565
4.6903572,3.426103,9.117120,1.582567,9.867349,80.770798,69.404388
4.7009382,3.429694,9.101558,1.620875,9.860446,80.538696,69.352341
4.7104168,3.441665,9.097966,1.632846,9.863276,80.470932,69.278900
4.7209191,3.451242,9.094376,1.636437,9.863907,80.450394,69.218651
4.7301822,3.460819,9.054871,1.625663,9.829076,80.479919,69.082886
4.7405949,3.505111,9.094376,1.614889,9.879338,80.592140,68.922577
4.7502508,3.535039,9.176975,1.586159,9.961389,80.837753,68.932945
4.7612181,3.513491,9.216479,1.555034,9.985301,81.040726,69.132233
4.7702031,3.514688,9.269152,1.514333,10.028131,81.314629,69.234215
4.7811637,3.380613,9.494206,1.292869,10.160709,82.689751,70.400650
4.7905149,3.240552,9.175778,1.331176,9.821818,82.210587,70.548630
4.8003526,3.171120,8.913613,1.474828,9.575156,81.139656,70.416397
4.8110237,3.131616,8.778340,1.561020,9.450029,80.491920,70.366470
4.8227301,3.201048,8.808268,1.637634,9.513891,80.088264,70.028145
4.8404989,3.566164,8.974665,1.812411,9.825831,79.370720,68.329155
4.8506775,3.667917,8.972271,1.881842,9.874036,79.013077,67.764969
4.8603878,3.721786,9.017760,1.896208,9.938173,79.000504,67.573212
4.8710933,3.687071,9.048885,1.818396,9.938983,79.458015,67.831009
4.8810868,3.568558,9.027337,1.720234,9.858328,79.950699,68.430832
4.8903079,3.501520,9.081207,1.601721,9.863796,80.654709,68.914421
4.9008775,3.470395,9.162610,1.501164,9.912143,81.289207,69.255508
4.9104309,3.348291,9.148245,1.416170,9.844134,81.728767,69.897186
4.9205070,3.211822,9.126697,1.405396,9.776887,81.735283,70.612267
4.9312949,3.236961,9.184157,1.406593,9.838962,81.780746,70.584969
4.9403090,3.330335,9.230844,1.438915,9.918170,81.658165,70.161400
4.9503570,3.402161,9.198523,1.497573,9.921202,81.318207,69.702606
4.9610300,3.478775,9.142260,1.559822,9.905343,80.939758,69.167389
4.9702821,3.513491,9.105149,1.649605,9.897957,80.406250,68.899414
4.9807539,3.529053,9.143456,1.698686,9.946987,80.167183,68.895164
4.9908133,3.533842,9.203311,1.685518,10.001497,80.297836,68.994461
5.0004139,3.488352,9.212888,1.649605,9.988348,80.493881,69.261414
5.0103741,3.439271,9.175778,1.582567,9.926127,80.825928,69.452965
5.0202575,3.367445,9.170990,1.511938,9.885984,81.202797,69.837555
5.0306487,3.317167,9.194932,1.491588,9.888134,81.324028,70.162567
5.0403857,3.293224,9.180567,1.471237,9.863705,81.421944,70.266235
5.0505147,3.319561,9.184157,1.495179,9.879463,81.295288,70.127907
5.0604095,3.377022,9.172187,1.572991,9.899878,80.857529,69.787270
5.0704041,3.463213,9.162610,1.666364,9.935997,80.345306,69.294800
5.0802298,3.494337,9.114726,1.708263,9.909934,80.073845,69.024536
5.0904508,3.485958,9.050082,1.745373,9.854046,79.797806,68.934052
5.1006236,3.490746,9.052477,1.722628,9.853938,79.932037,68.912750
5.1106229,3.491943,9.100361,1.674744,9.890147,80.250870,69.007454
5.1202908,3.476381,9.157822,1.607706,9.926512,80.679268,69.212845
5.1302629,3.420117,9.150639,1.544260,9.890203,81.017059,69.506409
5.1401463,3.372233,9.162610,1.509544,9.879478,81.211006,69.794220
5.1502666,3.333926,9.150639,1.503559,9.854437,81.223717,69.981392
5.1604710,3.320758,9.130288,1.490391,9.829082,81.278564,70.013275
5.1703210,3.368642,9.119514,1.544260,9.843679,80.974251,69.726357
5.1808829,3.394978,9.154230,1.595735,9.893037,80.717705,69.651978
5.1916680,3.429694,9.144653,1.623269,9.900631,80.563400,69.441490
5.2014246,3.433285,9.143456,1.629254,9.901753,80.529373,69.419296
5.2103448,3.421314,9.124303,1.608904,9.876581,80.624687,69.445602
5.2201700,3.396175,9.101558,1.607706,9.846679,80.603020,69.537331
5.2307878,3.406949,9.114726,1.582567,9.858501,80.762444,69.505005
5.2403021,3.457227,9.142260,1.588553,9.902365,80.768631,69.285439
5.2501287,3.442862,9.106346,1.635240,9.871821,80.465164,69.289757
5.2602530,3.450045,9.087193,1.649605,9.859060,80.368042,69.210228
5.2709517,3.512294,9.093178,1.784877,9.909988,79.623894,68.880653
5.2802391,3.555390,8.965088,1.784877,9.808128,79.514923,68.367630
5.2903342,2.833538,8.950723,0.784101,9.421209,85.225906,72.433731
