Keuwl Accelerometer Data File
2019-06-26 16-22-37

Time (s), X (m/s2), Y (m/s2), Z (m/s2), R (m/s2), Theta (deg), Phi (deg)
0.0000000,3.470395,9.206903,0.305261,9.843977,88.222977,69.346863
0.0099600,3.554192,9.339781,0.337582,9.998888,88.065216,69.166008
0.0200330,3.624821,9.115923,0.717063,9.836339,85.819466,68.315437
0.0299440,3.924097,8.817844,1.312023,9.740345,82.258736,66.010094
0.0401560,4.350265,8.644265,1.944092,9.870543,78.640816,63.285973
0.0501140,4.674679,8.584411,2.381034,10.060519,76.309853,61.429302
0.0599900,4.890157,8.560468,2.744952,10.233768,74.441330,60.262886
0.0700090,5.000290,8.524555,3.026271,10.335825,72.974678,59.605183
0.0803130,5.090073,8.536526,3.147178,10.425250,72.429420,59.193653
0.0902030,5.130774,8.667010,3.120842,10.544267,72.783974,59.374939
0.1001290,5.197812,8.756793,2.995146,10.614593,73.610092,59.307697
0.1117950,5.001487,8.802282,2.691083,10.475542,75.114281,60.394611
0.1200590,4.420894,8.790312,2.260126,10.095646,77.063477,63.300900
0.1300170,3.746926,8.674192,1.766921,9.612652,79.408119,66.637466
0.1399980,3.349488,8.540117,1.399411,9.279602,81.326416,68.584572
0.1501480,3.377022,8.699332,1.303643,9.422427,82.047310,68.784126
0.1604520,3.558981,8.838196,1.222240,9.605932,82.689980,68.066246
0.1700720,3.667917,8.829816,1.242591,9.641747,82.595352,67.441940
0.1803200,3.787627,8.844181,1.241394,9.700861,82.647850,66.816391
0.1900550,3.927688,8.836999,1.376666,9.768035,81.898003,66.036789
0.2002410,4.094085,8.755595,1.480814,9.778281,81.289665,64.939377
0.2101890,4.149151,8.698134,1.666364,9.780069,80.189873,64.498100
0.2204060,4.288015,8.858546,1.853112,10.014736,79.336624,64.170509
0.2301180,4.408922,9.232041,1.851915,10.397057,79.739777,64.472382
0.2400060,4.085705,9.062054,1.618480,10.071409,80.752441,65.731354
0.2500190,3.931279,8.681376,1.493982,9.646409,81.090485,65.637054
0.2601690,3.827132,8.469488,1.567005,9.425215,80.429756,65.683083
0.2700410,3.755305,8.395268,1.586159,9.332671,80.214645,65.900452
0.2800580,3.830723,8.503007,1.588553,9.460394,80.333321,65.747772
0.2900330,3.992331,8.593987,1.619677,9.613463,80.300537,65.082809
0.3000620,4.161122,8.699332,1.763330,9.803196,79.637642,64.436966
0.3102960,4.370615,8.851364,1.972822,10.066825,78.698456,63.720821
0.3200460,4.519056,8.920795,2.006341,10.199405,78.655273,63.134346
0.3299760,4.402937,9.088389,1.975216,10.290100,78.933212,64.151794
0.3400860,4.501099,8.953117,2.041057,10.226638,78.487457,63.309448
0.3499970,4.420894,8.736442,2.063802,10.006447,78.097481,63.159264
0.3602920,4.320337,8.638280,2.061408,9.875960,77.952072,63.428596
0.3700660,4.359841,8.695741,2.079364,9.947255,77.933960,63.371883
0.3800970,4.436456,8.809465,2.074576,10.079320,78.122208,63.270130
0.3899820,4.350265,8.882488,1.805228,10.053967,79.656227,63.906357
0.4001480,4.203021,8.930372,1.674744,10.011079,80.369766,64.796288
0.4101780,4.088099,8.935161,1.593341,9.954315,80.789307,65.414513
0.4199720,4.025850,8.911219,1.526304,9.896812,81.128342,65.687820
0.4299700,4.027047,8.863335,1.528698,9.854579,81.075920,65.565376
0.4400030,4.050989,8.820239,1.563414,9.831144,80.849594,65.331467
0.4499910,4.042610,8.772355,1.605312,9.791524,80.563805,65.258087
0.4601340,4.030639,8.752005,1.661576,9.777754,80.215996,65.272087
0.4699820,4.012682,8.738836,1.686715,9.762883,80.051193,65.336449
0.4800200,3.995923,8.742428,1.702277,9.761926,79.957466,65.436165
0.4900610,3.983952,8.750807,1.716643,9.767055,79.877197,65.521805
0.5015390,3.971981,8.790312,1.708263,9.796141,79.957352,65.683746
0.5100590,3.989937,8.831013,1.692701,9.837256,80.091782,65.686089
0.5205380,4.027047,8.863335,1.698686,9.882376,80.102249,65.565376
0.5301970,4.045004,8.896853,1.721431,9.923677,80.010536,65.550819
0.5417539,4.062960,8.917204,1.734599,9.951532,79.961800,65.504494
0.5500910,4.048595,8.916007,1.762132,9.949443,79.798607,65.578072
0.5600800,4.034230,8.899248,1.764527,9.929008,79.763344,65.614143
0.5699870,4.017470,8.863335,1.757344,9.888732,79.763496,65.616714
0.5800120,4.018668,8.816648,1.765724,9.848896,79.672096,65.496284
0.5899749,4.005499,8.808268,1.771709,9.837101,79.624138,65.546661
0.6003879,4.042610,8.831013,1.758541,9.870255,79.737061,65.402916
0.6100389,4.086902,8.877700,1.782483,9.934464,79.663780,65.280739
0.6201169,4.124012,8.920795,1.793257,9.990188,79.659256,65.189278
0.6300640,4.112041,8.945934,1.796848,10.008361,79.657341,65.313896
0.6399980,4.092888,8.931569,1.795651,9.987443,79.642418,65.380402
0.6504300,4.103662,8.913613,1.795651,9.975816,79.630211,65.279541
0.6601329,4.078523,8.906430,1.778892,9.956069,79.707458,65.395531
0.6700210,4.060566,8.907627,1.701080,9.936181,80.142365,65.494003
0.6802469,4.041412,8.848969,1.693898,9.874541,80.122520,65.453346
0.6901330,4.019865,8.805874,1.693898,9.827106,80.074356,65.463394
0.7001749,4.030639,8.771158,1.678335,9.797759,80.136711,65.319649
0.7102789,4.000711,8.773552,1.667562,9.785789,80.188545,65.487167
0.7200590,3.974375,8.772355,1.657985,9.772348,80.231903,65.626778
0.7303530,3.981557,8.791509,1.649605,9.791048,80.300491,65.634865
0.7399800,4.004303,8.835801,1.634043,9.837475,80.438637,65.620407
0.7503390,4.013879,8.857349,1.623269,9.858949,80.523140,65.621422
0.7603459,4.006697,8.852561,1.656788,9.857302,80.323959,65.648346
0.7700030,4.024653,8.835801,1.697489,9.856504,80.083069,65.511024
0.7801250,4.027047,8.805874,1.713051,9.833365,79.967422,65.424728
0.7901750,4.019865,8.819042,1.716643,9.842849,79.955963,65.495720
0.8000400,4.010288,8.841787,1.726219,9.861006,79.918137,65.602821
0.8102260,4.030639,8.870518,1.711854,9.892551,80.035103,65.563622
0.8205270,4.035427,8.869320,1.687912,9.889315,80.172615,65.535072
0.8301030,4.025850,8.865729,1.689109,9.882394,80.158623,65.577614
0.8399930,4.029441,8.874108,1.692701,9.891989,80.147156,65.578758
0.8504230,4.023456,8.893262,1.691504,9.906538,80.168793,65.657234
0.8601159,4.028244,8.898050,1.685518,9.911762,80.209137,65.643219
0.8700010,4.017470,8.889671,1.687912,9.900271,80.183601,65.680573
0.8802980,3.995923,8.863335,1.714248,9.872423,80.000473,65.732368
0.8899960,3.976769,8.850166,1.769315,9.862587,79.665382,65.803520
0.9000430,3.987543,8.829816,1.783680,9.851277,79.568443,65.696075
0.9102720,3.988740,8.827422,1.788469,9.850485,79.539276,65.683792
0.9202110,3.962404,8.823831,1.766921,9.832733,79.647842,65.817200
0.9303890,3.955221,8.839393,1.696292,9.831381,80.064552,65.893684
0.9399830,3.943250,8.856153,1.654393,9.834515,80.315475,65.998718
0.9501180,3.934870,8.883685,1.612495,9.849020,80.577034,66.109901
0.9604300,3.914520,8.898050,1.594538,9.850955,80.684753,66.253860
0.9700660,3.921702,8.889671,1.589750,9.845471,80.707756,66.195198
0.9803380,3.909731,8.877700,1.622072,9.835175,80.507088,66.231346
0.9908180,3.910928,8.864532,1.660379,9.830165,80.275749,66.193481
1.0005679,3.940856,8.870518,1.702277,9.854652,80.052925,66.046120
1.0101820,3.931279,8.868123,1.721431,9.851999,79.937103,66.092072
1.0201160,3.932476,8.868123,1.711854,9.850808,79.992447,66.085609
1.0301039,3.958812,8.886080,1.699883,9.875435,80.088173,65.986687
1.0401690,3.964798,8.886080,1.714248,9.880318,80.008545,65.954491
1.0500679,3.958812,8.878897,1.707066,9.870212,80.040543,65.969452
1.0604850,3.944447,8.880095,1.696292,9.863678,80.097412,66.049698
1.0701779,3.933673,8.883685,1.696292,9.862609,80.096329,66.116356
1.0800340,3.920505,8.887277,1.716643,9.864122,79.977844,66.195953
1.0901411,3.918111,8.893262,1.765724,9.877220,79.702034,66.223114
1.1004380,3.919308,8.886080,1.746570,9.867822,79.805138,66.199570
1.1102409,3.915717,8.893262,1.702277,9.865126,80.063591,66.236031
1.1203960,3.921702,8.910022,1.671153,9.877296,80.259193,66.243538
1.1300000,3.936068,8.923190,1.667562,9.894277,80.297173,66.197464
1.1403929,3.965995,8.950723,1.650802,9.928227,80.428772,66.102242
1.1500239,3.982754,8.947132,1.659182,9.933096,80.384483,66.004089
1.1609359,3.945644,8.938752,1.673547,9.913131,80.280708,66.182915
1.1699919,3.945644,8.907627,1.673547,9.885074,80.252853,66.108994
1.1800430,3.948039,8.890868,1.695095,9.874608,80.115532,66.056122
1.1899850,3.974375,8.893262,1.742979,9.895642,79.855225,65.920265
1.2000420,3.962404,8.881291,1.758541,9.882836,79.750267,65.955879
1.2102749,3.928885,8.858546,1.759738,9.849195,79.707802,66.082069
1.2201589,3.926491,8.859743,1.746570,9.846973,79.783318,66.097878
1.2305789,3.909731,8.874108,1.719037,9.848395,79.947533,66.222794
1.2406329,3.881001,8.900445,1.703475,9.858088,80.049362,66.440598
1.2500029,3.879804,8.929175,1.695095,9.882125,80.123131,66.514641
1.2604530,3.859453,8.954314,1.651999,9.889602,80.384003,66.683182
1.2700409,3.853468,8.937555,1.643619,9.870694,80.414742,66.676491
1.2804989,3.841497,8.904037,1.646014,9.836073,80.366539,66.663033
1.2901930,3.824737,8.869320,1.680730,9.803994,80.128845,66.672729
1.3000820,3.828329,8.857349,1.699883,9.797874,80.008904,66.625008
1.3100619,3.836708,8.877700,1.684321,9.816864,80.120636,66.627266
1.3201170,3.859453,8.904037,1.663970,9.846118,80.270462,66.565689
1.3301749,3.878607,8.921992,1.656788,9.868662,80.335205,66.504242
1.3401679,3.857059,8.929175,1.656788,9.866713,80.333275,66.637520
1.3501229,3.861847,8.948329,1.672350,9.888539,80.263344,66.656326
1.3600949,3.867833,8.954314,1.660379,9.894278,80.339371,66.637978
1.3703730,3.858256,8.956709,1.666364,9.893712,80.303650,66.695213
1.3800980,3.854665,8.957906,1.689109,9.897252,80.173546,66.717369
1.3907260,3.853468,8.941146,1.680730,9.880190,80.205727,66.684853
1.4001919,3.855862,8.930372,1.667562,9.869143,80.272224,66.646790
1.4100029,3.839103,8.914810,1.668759,9.848721,80.244789,66.701202
1.4201009,3.836708,8.895657,1.661576,9.829235,80.267746,66.669403
1.4300189,3.833117,8.907627,1.681927,9.842128,80.160400,66.716896
1.4402480,3.849876,8.919599,1.681927,9.859496,80.177902,66.654007
1.4500779,3.881001,8.942344,1.691504,9.893880,80.156090,66.539032
1.4606479,3.901352,8.961497,1.697489,9.920204,80.147385,66.474297
1.4704679,3.939659,8.969876,1.690306,9.941667,80.210876,66.288437
1.4802560,3.937265,8.965088,1.691504,9.936601,80.198830,66.290001
1.4901440,3.934870,8.947132,1.713051,9.923151,80.059128,66.260529
1.5001510,3.931279,8.927979,1.711854,9.904252,80.046997,66.234550
1.5100780,3.921702,8.916007,1.708263,9.889038,80.052650,66.257721
1.5202481,3.901352,8.926781,1.674744,9.884975,80.245712,66.392792
1.5300440,3.892972,8.941146,1.686715,9.896683,80.187042,66.471703
1.5404049,3.901352,8.966286,1.685518,9.922489,80.219826,66.485497
1.5501149,3.900155,8.961497,1.695095,9.919324,80.160538,66.480728
1.5600200,3.885789,8.951921,1.699883,9.905849,80.118912,66.535622
1.5700320,3.864242,8.939949,1.669956,9.881488,80.270409,66.623863
1.5801840,3.873818,8.939949,1.654393,9.882620,80.363068,66.572166
1.5900820,3.900155,8.938752,1.651999,9.891491,80.385857,66.427406
1.6002300,3.903746,8.920795,1.669956,9.879705,80.268639,66.365784
1.6101259,3.894169,8.906430,1.675941,9.863966,80.217682,66.383553
1.6200010,3.897760,8.912416,1.680730,9.871603,80.197121,66.378296
1.6302019,3.916914,8.899248,1.687912,9.868529,80.151711,66.243790
1.6402019,3.909731,8.899248,1.699883,9.867737,80.080360,66.282539
1.6500009,3.895366,8.908825,1.709460,9.872351,80.028610,66.382744
1.6599729,3.894169,8.905233,1.707066,9.868222,80.038513,66.380722
1.6702390,3.884592,8.914810,1.660379,9.865129,80.310547,66.455032
1.6805320,3.867833,8.924387,1.635240,9.863003,80.456558,66.568069
1.6902320,3.861847,8.941146,1.625663,9.874246,80.523872,66.639587
1.7000060,3.869030,8.942344,1.643619,9.881112,80.424942,66.603600
1.7107189,3.863045,8.939949,1.668759,9.880817,80.276787,66.630325
1.7201629,3.890578,8.933964,1.698686,9.891301,80.111267,66.467758
1.7300930,3.928885,8.917204,1.722628,9.895459,79.974716,66.221901
1.7403960,3.948039,8.914810,1.716643,9.899884,80.014420,66.113228
1.7500969,3.936068,8.898050,1.716643,9.880020,79.994141,66.137718
1.7605259,3.934870,8.900445,1.710657,9.880662,80.030037,66.149864
1.7700289,3.925294,8.924387,1.711854,9.898639,80.041298,66.258232
1.7804949,3.930082,8.935161,1.692701,9.906960,80.162193,66.257965
1.7902730,3.926491,8.959103,1.681927,9.925307,80.243668,66.333687
1.8022310,3.930082,8.971074,1.692701,9.939363,80.194580,66.342552
1.8177980,3.879804,8.926781,1.695095,9.879962,80.120949,66.509018
1.8300700,3.834314,8.904037,1.704672,9.843259,80.027145,66.702003
1.8403320,3.806781,8.889671,1.715446,9.821435,79.940926,66.818176
1.8500370,3.809175,8.864532,1.698686,9.796697,80.014801,66.746338
1.8600340,3.836708,8.870518,1.683124,9.810164,80.120918,66.610374
1.8700590,3.881001,8.890868,1.677138,9.844923,80.191498,66.417992
1.8803949,3.924097,8.904037,1.681927,9.874679,80.193153,66.216438
1.8900380,3.940856,8.905233,1.691504,9.884064,80.146217,66.129051
1.9000120,3.937265,8.883685,1.671153,9.859750,80.241692,66.096992
1.9101959,3.906140,8.866926,1.666364,9.831433,80.241623,66.225105
1.9200619,3.878607,8.852561,1.659182,9.806340,80.258995,66.340149
1.9302189,3.857059,8.859743,1.663970,9.805140,80.229401,66.474266
1.9399999,3.878607,8.896853,1.657985,9.846142,80.305817,66.445076
1.9525319,3.914520,8.937555,1.661576,9.897686,80.335701,66.347275
1.9700119,3.943250,8.965088,1.722628,9.944319,80.024483,66.257942
1.9799989,3.956418,8.927979,1.713051,9.914464,80.050331,66.099556
1.9901550,3.955221,8.888474,1.716643,9.879048,79.993149,66.011742
2.0000370,3.980360,8.876503,1.760935,9.886175,79.739670,65.847801
2.0099878,3.983952,8.881291,1.770512,9.893630,79.691116,65.840050
2.0199618,3.986346,8.881291,1.781286,9.896528,79.630768,65.827187
2.0299709,3.979163,8.875306,1.763330,9.885046,79.724380,65.851357
2.0411530,3.945644,8.881291,1.747767,9.874215,79.804749,66.046112
2.0500860,3.894169,8.896853,1.729811,9.864624,79.900688,66.360916
2.0600410,3.857059,8.910022,1.701080,9.856930,80.062309,66.592697
2.0700250,3.852271,8.916007,1.687912,9.858205,80.141296,66.632645
2.0800250,3.851074,8.921992,1.671153,9.860297,80.242241,66.653122
2.0901699,3.882198,8.916007,1.679533,9.868509,80.201073,66.470779
2.1001070,3.914520,8.902839,1.683124,9.870001,80.181412,66.265221
2.1100209,3.919308,8.888474,1.705869,9.862856,80.040100,66.205269
2.1199880,3.930082,8.882488,1.733402,9.866551,79.881493,66.132874
2.1299770,3.943250,8.893262,1.736993,9.882130,79.876465,66.087624
2.1402180,3.915717,8.871715,1.693898,9.844260,80.091827,66.184731
2.1500437,3.904943,8.832211,1.675941,9.801291,80.154503,66.148567
2.1600480,3.888184,8.814254,1.666364,9.776800,80.186562,66.196548
2.1701691,3.875015,8.813056,1.653196,9.768252,80.256264,66.265373
2.1802289,3.931279,8.856153,1.630451,9.825720,80.448326,66.063385
2.1904020,3.937265,8.898050,1.638831,9.867275,80.439583,66.131271
2.2003949,3.925294,8.862138,1.625663,9.827929,80.478798,66.110085
2.2101498,3.906140,8.835801,1.631648,9.797530,80.413483,66.150688
2.2200928,3.906140,8.827422,1.650802,9.793183,80.295525,66.130577
2.2299781,3.934870,8.825027,1.648408,9.802120,80.318649,65.969040
2.2404490,3.964798,8.838196,1.668759,9.829450,80.225479,65.839088
2.2500291,4.003105,8.841787,1.665167,9.847580,80.264847,65.641434
2.2601140,3.995923,8.864532,1.692701,9.869780,80.124763,65.735268
2.2710378,3.970783,8.851364,1.685518,9.846560,80.143661,65.838661
2.2803319,3.960010,8.865729,1.668759,9.852288,80.248360,65.931366
2.2901430,3.938462,8.882488,1.677138,9.860166,80.206810,66.087685
2.3000469,3.939659,8.906430,1.679533,9.882624,80.215202,66.138336
2.3100941,3.950433,8.906430,1.695095,9.889579,80.130646,66.080399
2.3200979,3.940856,8.921992,1.690306,9.898961,80.168228,66.168892
2.3303859,3.936068,8.932767,1.674744,9.904127,80.264763,66.220146
2.3399410,3.960010,8.942344,1.660379,9.919881,80.364540,66.114418
2.3499949,3.956418,8.920795,1.659182,9.898824,80.350876,66.082466
2.3601458,3.933673,8.906430,1.669956,9.878615,80.267555,66.170547
2.3706260,3.926491,8.895657,1.673547,9.866651,80.234474,66.183617
2.3801990,3.921702,8.895657,1.691504,9.867808,80.129822,66.209435
2.3902988,3.936068,8.888474,1.683124,9.865622,80.177010,66.114883
2.4000759,3.942053,8.883685,1.687912,9.864516,80.147667,66.071190
2.4100029,3.943250,8.876503,1.699883,9.860585,80.073090,66.047546
2.4200659,3.940856,8.877700,1.707066,9.861946,80.032112,66.063324
2.4301040,3.933673,8.883685,1.702277,9.863640,80.062080,66.116356
2.4400840,3.904943,8.872911,1.656788,9.834739,80.301544,66.245842
2.4500449,3.860650,8.869320,1.632846,9.809977,80.418671,66.477402
2.4605749,3.855862,8.866926,1.616086,9.803152,80.511261,66.497757
2.4706199,3.876213,8.882488,1.614889,9.825044,80.539680,66.424118
2.4806321,3.909731,8.900445,1.630451,9.857094,80.479012,66.285378
2.4900107,3.960010,8.890868,1.661576,9.873705,80.311996,65.991714
2.5001540,3.976769,8.888474,1.693898,9.883771,80.131836,65.895905
2.5100851,3.981557,8.868123,1.715446,9.871128,79.992088,65.821159
2.5201311,3.954024,8.850166,1.720234,9.844743,79.936684,65.926147
2.5300620,3.971981,8.854955,1.722628,9.856688,79.934875,65.840897
2.5399969,3.981557,8.868123,1.692701,9.867200,80.122154,65.821159
2.5501881,3.987543,8.898050,1.679533,9.894273,80.226837,65.861099
2.5603561,3.998317,8.914810,1.673547,9.912675,80.280258,65.843636
2.5701859,4.017470,8.919599,1.675941,9.925124,80.278542,65.752754
2.5801129,4.016273,8.913613,1.672350,9.918654,80.293190,65.744743
2.5901239,3.986346,8.893262,1.680730,9.889688,80.215225,65.856010
2.6004789,3.962404,8.850166,1.660379,9.837832,80.283401,65.880943
2.6110578,3.951630,8.808268,1.649605,9.793985,80.303429,65.837692
2.6208167,3.945644,8.796297,1.654393,9.781613,80.262589,65.841026
2.6303830,3.974375,8.826224,1.653196,9.819926,80.308029,65.758362
2.6400158,3.998317,8.875306,1.642422,9.871937,80.423004,65.748482
2.6500809,4.011485,8.916007,1.638831,9.913272,80.484360,65.776093
2.6600749,4.000711,8.963891,1.656788,9.954997,80.419815,65.948120
2.6700399,3.992331,8.960299,1.657985,9.948598,80.406601,65.984268
2.6801279,3.970783,8.945934,1.650802,9.925825,80.426437,66.065262
2.6900079,3.940856,8.910022,1.681927,9.886744,80.205238,66.140442
2.7004509,3.971981,8.875306,1.680730,9.867752,80.193253,65.889969
2.7100620,3.977966,8.875306,1.648408,9.864711,80.380661,65.857788
2.7207050,3.985149,8.880095,1.635240,9.869726,80.463120,65.830734
2.7300711,3.985149,8.882488,1.629254,9.870891,80.499489,65.836502
2.7400692,3.971981,8.905233,1.634043,9.886855,80.486832,65.961807
2.7501450,3.977966,8.933964,1.631648,9.914746,80.527870,65.998344
2.7600119,3.981557,8.945934,1.634043,9.927368,80.526016,66.007637
2.7701099,3.979163,8.944737,1.626860,9.924150,80.564949,66.017593
2.7800560,3.964798,8.930372,1.642422,9.908012,80.458199,66.060318
2.7900658,3.910928,8.907627,1.653196,9.867839,80.355545,66.295937
2.7999921,3.919308,8.896853,1.650802,9.861041,80.362938,66.225189
2.8101289,3.944447,8.913613,1.656788,9.887169,80.353470,66.129677
2.8201299,3.960010,8.916007,1.672350,9.898162,80.272896,66.051788
2.8300929,3.946841,8.914810,1.667562,9.891014,80.293945,66.119659
2.8400278,3.919308,8.898050,1.673547,9.865953,80.233780,66.228035
2.8500531,3.916914,8.884883,1.674744,9.853332,80.214081,66.209641
2.8603048,3.904943,8.881291,1.663970,9.843512,80.267860,66.265778
2.8701928,3.890578,8.898050,1.653196,9.851140,80.339035,66.383156
2.8799739,3.888184,8.914810,1.635240,9.862344,80.455917,66.435638
2.8899808,3.904943,8.938752,1.635240,9.890595,80.483429,66.401627
2.9000781,3.914520,8.943541,1.628057,9.897523,80.532310,66.361366
2.9109008,3.889381,8.921992,1.635240,9.869308,80.462715,66.446075
2.9202809,3.881001,8.921992,1.659182,9.870005,80.322433,66.491310
2.9300249,3.888184,8.937555,1.686715,9.891556,80.181908,66.489090
2.9401469,3.886986,8.944737,1.691504,9.898393,80.160622,66.512367
2.9501309,3.878607,8.942344,1.674744,9.890089,80.250809,66.551941
2.9600899,3.852271,8.936357,1.656788,9.871343,80.337852,66.680168
2.9701018,3.854665,8.916007,1.641225,9.851255,80.409767,66.619682
2.9803109,3.872621,8.936357,1.629254,9.874722,80.503204,66.570229
2.9901030,3.906140,8.941146,1.649605,9.895617,80.403961,66.400810
3.0001559,3.939659,8.927979,1.651999,9.897414,80.391663,66.189514
3.0104308,3.931279,8.921992,1.673547,9.892303,80.260048,66.220367
3.0201440,3.908534,8.894460,1.685518,9.860478,80.157715,66.277649
3.0302598,3.898957,8.895657,1.665167,9.854307,80.271561,66.332207
3.0403850,3.900155,8.893262,1.655591,9.851005,80.324776,66.320068
3.0501239,3.876213,8.913613,1.643619,9.857942,80.402222,66.497498
3.0600398,3.886986,8.924387,1.647211,9.872520,80.395393,66.464630
3.0700438,3.909731,8.906430,1.637634,9.863688,80.443130,66.299561
3.0799570,3.906140,8.890868,1.669956,9.853640,80.242645,66.282051
3.0901330,3.895366,8.862138,1.698686,9.828372,80.047310,66.272034
3.0999601,3.877410,8.864532,1.689109,9.821777,80.097275,66.375084
3.1100700,3.867833,8.869320,1.674744,9.819864,80.180405,66.438408
3.1199589,3.855862,8.901642,1.655591,9.841132,80.314980,66.579521
3.1300960,3.837905,8.925584,1.644817,9.853983,80.391273,66.732811
3.1399269,3.833117,8.944737,1.636437,9.868082,80.454468,66.803261
3.1501019,3.847482,8.943541,1.641225,9.873382,80.431465,66.722778
3.1600151,3.860650,8.924387,1.660379,9.864388,80.309814,66.606903
3.1702299,3.855862,8.895657,1.668759,9.837943,80.234001,66.565468
3.1799438,3.866636,8.887277,1.686715,9.837661,80.127579,66.487328
3.1906819,3.876213,8.887277,1.684321,9.841019,80.145126,66.435432
3.2000020,3.886986,8.908825,1.686715,9.865132,80.155342,66.428001
3.2099991,3.886986,8.906430,1.653196,9.857293,80.345123,66.422356
3.2200079,3.860650,8.917204,1.637634,9.854085,80.433723,66.590088
3.2301381,3.858256,8.918402,1.624466,9.852051,80.509384,66.605850
3.2401650,3.852271,8.926781,1.626860,9.857692,80.500755,66.657829
3.2505720,3.846285,8.898050,1.611298,9.826775,80.562584,66.623024
3.2604170,3.848679,8.875306,1.602918,9.805750,80.591797,66.556564
3.2700810,3.848679,8.856153,1.642422,9.794964,80.347031,66.511345
3.2801578,3.877410,8.850166,1.667562,9.805127,80.208092,66.340950
3.2901599,3.883395,8.856153,1.685518,9.815965,80.112633,66.322701
3.3004680,3.886986,8.866926,1.696292,9.828959,80.062080,66.328842
3.3100150,3.898957,8.887277,1.697489,9.852261,80.078758,66.312347
3.3207910,3.914520,8.913613,1.679533,9.879109,80.211685,66.290749
3.3306799,3.937265,8.935161,1.675941,9.906963,80.260551,66.219383
3.3401530,3.918111,8.936357,1.660379,9.897824,80.342865,66.325142
3.3504410,3.892972,8.930372,1.640028,9.879092,80.444084,66.446411
3.3605189,3.875015,8.920795,1.643619,9.863966,80.408142,66.520836
3.3700979,3.881001,8.912416,1.632846,9.856953,80.464760,66.468796
3.3803670,3.885789,8.913613,1.631648,9.859723,80.474518,66.445747
3.3903737,3.886986,8.925584,1.634043,9.871414,80.471817,66.467445
3.4001091,3.897760,8.932767,1.629254,9.881363,80.509651,66.426231
3.4102449,3.913323,8.944737,1.636437,9.899512,80.485062,66.370621
3.4202130,3.913323,8.937555,1.637634,9.893222,80.471924,66.353714
3.4299891,3.901352,8.933964,1.635240,9.884851,80.477852,66.409698
3.4401100,3.910928,8.936357,1.635240,9.890797,80.483627,66.363777
3.4501328,3.928885,8.919599,1.635240,9.882782,80.475838,66.227577
3.4602239,3.944447,8.923190,1.649605,9.894604,80.402969,66.152435
3.4700019,3.954024,8.924387,1.661576,9.901506,80.339462,66.103867
3.4799731,3.979163,8.936357,1.693898,9.927814,80.176048,65.997643
3.4901419,3.979163,8.944737,1.697489,9.935972,80.163177,66.017593
3.5004878,3.952827,8.941146,1.690306,9.920992,80.190277,66.150063
3.5100710,3.909731,8.932767,1.675941,9.893892,80.247559,66.361763
3.5201378,3.865439,8.908825,1.663970,9.852796,80.277115,66.544518
3.5301700,3.861847,8.899248,1.636437,9.838110,80.425117,66.541466
3.5401800,3.857059,8.914810,1.616086,9.846952,80.553856,66.603920
3.5504239,3.866636,8.938752,1.613692,9.871989,80.592117,66.608139
3.5607090,3.879804,8.960299,1.619677,9.897635,80.581596,66.587418
3.5700300,3.898957,8.944737,1.611298,9.889716,80.623192,66.447899
3.5800619,3.900155,8.913613,1.626860,9.864602,80.507469,66.368202
3.5900688,3.913323,8.894460,1.644817,9.855502,80.392769,66.251801
3.6001549,3.926491,8.905233,1.667562,9.874273,80.277328,66.206383
3.6101580,3.942053,8.924387,1.675941,9.899154,80.252792,66.168137
3.6204929,3.927688,8.945934,1.643619,9.907470,80.450653,66.296257
3.6300669,3.886986,8.950723,1.641225,9.895338,80.452896,66.526375
3.6403539,3.855862,8.950723,1.629254,9.881173,80.509460,66.694214
3.6503029,3.849876,8.954314,1.613692,9.879539,80.599373,66.734879
3.6600769,3.876213,8.944737,1.600524,9.879020,80.676277,66.570442
3.6701150,3.892972,8.917204,1.642422,9.867588,80.418747,66.415428
3.6803079,3.889381,8.894460,1.671153,9.850454,80.232391,66.381142
3.6900399,3.904943,8.859743,1.675941,9.826108,80.179619,66.214455
3.7001359,3.891775,8.838196,1.684321,9.802885,80.106407,66.234383
3.7103090,3.871424,8.863335,1.692701,9.818954,80.073128,66.404732
3.7205801,3.863045,8.900445,1.666364,9.844684,80.254890,66.537796
3.7304509,3.843891,8.942344,1.632846,9.869508,80.477005,66.739418
3.7403109,3.829526,8.979453,1.601721,9.892490,80.682060,66.902893
3.7501550,3.823540,8.996213,1.569399,9.900218,80.878899,66.973701
3.7600188,3.839103,8.978256,1.588553,9.892992,80.759811,66.848450
3.7700248,3.867833,8.972271,1.612495,9.902622,80.628502,66.679733
3.7806678,3.907337,8.965088,1.628057,9.914165,80.548347,66.450539
3.7901947,3.922899,8.935161,1.646014,9.896241,80.425659,66.296570
3.8002799,3.914520,8.901642,1.666364,9.866076,80.276222,66.262383
3.8107629,3.891775,8.858546,1.678335,9.820212,80.159485,66.282951
3.8201530,3.885789,8.872911,1.661576,9.827958,80.266464,66.349541
3.8302479,3.885789,8.917204,1.636437,9.863762,80.450249,66.454201
3.8403029,3.927688,8.984241,1.647211,9.942667,80.463791,66.386238
3.8500960,3.960010,9.012972,1.641225,9.980429,80.535042,66.280861
3.8599920,3.916914,8.995016,1.618480,9.943440,80.632362,66.469101
3.8703878,3.896563,8.983045,1.604115,9.922272,80.696266,66.550308
3.8803918,3.891775,8.972271,1.611298,9.911803,80.644279,66.550926
3.8906648,3.879804,8.960299,1.647211,9.902179,80.424431,66.587418
3.9004180,3.882198,8.920795,1.672350,9.871616,80.246483,66.482040
3.9100928,3.886986,8.883685,1.685518,9.842231,80.139282,66.368599
3.9206121,3.928885,8.876503,1.695095,9.854024,80.094681,66.125038
3.9304519,3.944447,8.880095,1.713051,9.866574,80.001541,66.049698
3.9405220,3.948039,8.908825,1.720234,9.895119,79.988449,66.098976
3.9504020,3.922899,8.951921,1.661576,9.913973,80.351730,66.336067
3.9607217,3.888184,8.969876,1.613692,9.908615,80.627205,66.564651
3.9701259,3.843891,8.956709,1.559822,9.870723,80.907715,66.772766
3.9800680,3.813963,8.938752,1.546654,9.840719,80.957397,66.893150
3.9902668,3.804387,8.929175,1.556231,9.829821,80.890755,66.922966
4.0001531,3.849876,8.941146,1.572991,9.861032,80.821205,66.704269
4.0100026,3.891775,8.950723,1.638831,9.896824,80.468399,66.500595
4.0202079,3.918111,8.917204,1.701080,9.887457,80.093300,66.279900
4.0303020,3.946841,8.899248,1.744176,9.890214,79.842552,66.082581
4.0402417,3.957615,8.887277,1.768118,9.888005,79.699287,65.995995
4.0502067,3.936068,8.893262,1.769315,9.884999,79.689072,66.126305
4.0609760,3.897760,8.914810,1.722628,9.880982,79.959877,66.383942
4.0706420,3.895366,8.929175,1.675941,9.884980,80.238678,66.430687
4.0802360,3.878607,8.923190,1.657985,9.869946,80.329422,66.507057
4.0902967,3.846285,8.931569,1.648408,9.863269,80.379242,66.701385
4.1008706,3.823540,8.938752,1.632846,9.858343,80.466118,66.841240
4.1102896,3.804387,8.944737,1.642422,9.857953,80.409294,66.958923
4.1203752,3.810372,8.951921,1.667562,9.870996,80.274071,66.943039
4.1301737,3.834314,8.968679,1.666364,9.895248,80.305168,66.852188
4.1412678,3.858256,8.968679,1.675941,9.906166,80.259758,66.723000
4.1506438,3.861847,8.937555,1.699883,9.883490,80.096329,66.631210
4.1606498,3.871424,8.917204,1.699883,9.868842,80.081482,66.531815
4.1703181,3.872621,8.926781,1.710657,9.879826,80.029190,66.547806
4.1802778,3.894169,8.919599,1.687912,9.877896,80.161148,66.414604
4.1905680,3.906140,8.898050,1.648408,9.856494,80.372566,66.299088
4.2005877,3.902549,8.875306,1.644817,9.833940,80.371498,66.264496
4.2102628,3.910928,8.889671,1.660379,9.852841,80.298347,66.253349
4.2202458,3.930082,8.913613,1.681927,9.885693,80.204185,66.206940
4.2303758,3.940856,8.930372,1.683124,9.905292,80.216736,66.188766
4.2403040,3.961207,8.943541,1.693898,9.927102,80.175339,66.110840
4.2503481,3.937265,8.937555,1.677138,9.909326,80.255875,66.225052
4.2608409,3.900155,8.914810,1.663970,9.871871,80.296089,66.371025
4.2702332,3.879804,8.882488,1.654393,9.833031,80.313995,66.404655
4.2817011,3.884592,8.851364,1.646014,9.805410,80.336121,66.304802
4.2909608,3.894169,8.853758,1.637634,9.809966,80.390297,66.258553
4.3005710,3.925294,8.888474,1.632846,9.852871,80.460770,66.172974
4.3103418,3.938462,8.908825,1.631648,9.876281,80.490639,66.150475
4.3204627,3.954024,8.936357,1.628057,9.906733,80.541191,66.132294
4.3303499,3.957615,8.930372,1.651999,9.906734,80.400787,66.098824
4.3414903,3.948039,8.918402,1.690306,9.898587,80.167854,66.121773
4.3502417,3.951630,8.912416,1.714248,9.898746,80.027336,66.088226
4.3606429,3.931279,8.896853,1.719037,9.877451,79.977409,66.160660
4.3703270,3.902549,8.880095,1.715446,9.850316,79.970726,66.275879
4.3812699,3.871424,8.884883,1.693898,9.838615,80.086090,66.455719
4.3903127,3.852271,8.884883,1.649605,9.823560,80.332901,66.559608
4.4007120,3.853468,8.906430,1.642422,9.842319,80.393913,66.603729
4.4112167,3.866636,8.941146,1.619677,9.875136,80.559944,66.613731
4.4206195,3.903746,8.997410,1.601721,9.937713,80.724838,66.545212
4.4301629,3.933673,9.046491,1.607706,9.994874,80.743584,66.499214
4.4403968,3.951630,9.040505,1.617283,9.998086,80.690971,66.389725
4.4504380,3.951630,8.969876,1.643619,9.938588,80.480835,66.224373
4.4602785,3.934870,8.894460,1.709460,9.875063,80.031380,66.135605
4.4703264,3.922899,8.823831,1.753753,9.814518,79.706558,66.031021
4.4811506,3.955221,8.820239,1.770512,9.827263,79.620728,65.847313
4.4903860,3.988740,8.846576,1.763330,9.863128,79.701294,65.730362
4.5015287,3.986346,8.882488,1.748964,9.891836,79.816063,65.830078
4.5105538,3.960010,8.881291,1.717840,9.874715,79.981659,65.968758
4.5202971,3.921702,8.887277,1.665167,9.855771,80.273018,66.189499
4.5318460,3.897760,8.866926,1.648408,9.825078,80.341492,66.270470
4.5417156,3.888184,8.847773,1.655591,9.805204,80.279144,66.276749
4.5502195,3.883395,8.840590,1.660379,9.797634,80.243149,66.285614
4.5617628,3.892972,8.831013,1.675941,9.795447,80.148575,66.210693
4.5704131,3.904943,8.820239,1.663970,9.788463,80.212585,66.119812
4.5808358,3.912126,8.814254,1.656788,9.784719,80.251480,66.066399
4.5903649,3.908534,8.835801,1.674744,9.805753,80.166130,66.137703
4.6003609,3.916914,8.864532,1.659182,9.832346,80.285004,66.161110
4.6102238,3.936068,8.877700,1.643619,9.849247,80.393669,66.089142
4.6204619,3.934870,8.905233,1.622072,9.870031,80.540924,66.161263
4.6302819,3.930082,8.902839,1.638831,9.868731,80.441010,66.181351
4.6412640,3.933673,8.888474,1.654393,9.859805,80.340553,66.127785
4.6513128,3.933673,8.877700,1.678335,9.854144,80.193710,66.102058
4.6610899,3.944447,8.860941,1.681927,9.843973,80.162262,66.003769
4.6704607,3.948039,8.864532,1.691504,9.850285,80.112083,65.993011
4.6802402,3.964798,8.828619,1.692701,9.824936,80.079231,65.815880
4.6902328,3.960010,8.814254,1.707066,9.812585,79.981453,65.806885
4.7010026,3.967192,8.819042,1.690306,9.816887,80.085197,65.779694
4.7103066,3.985149,8.878897,1.668759,9.874258,80.270264,65.827850
4.7204790,3.989937,8.881291,1.651999,9.875527,80.370171,65.807907
4.7301631,3.967192,8.870518,1.665167,9.858878,80.276115,65.904213
4.7402439,3.940856,8.828619,1.657985,9.809372,80.269127,65.945313
4.7508049,3.898957,8.817844,1.673547,9.785551,80.152740,66.146576
4.7615881,3.875015,8.811859,1.678335,9.771460,80.109894,66.262505
4.7703118,3.879804,8.835801,1.648408,9.789867,80.306419,66.293701
4.7806749,3.884592,8.870518,1.642422,9.822103,80.373955,66.350342
4.7902837,3.894169,8.896853,1.622072,9.846302,80.517914,66.360916
4.8003731,3.920505,8.910022,1.622072,9.868635,80.539574,66.249992
4.8101940,3.942053,8.906430,1.643619,9.877539,80.421448,66.125458
4.8202438,3.955221,8.896853,1.650802,9.875369,80.377052,66.031792
4.8312001,3.964798,8.886080,1.666364,9.872123,80.282234,65.954491
4.8413420,3.980360,8.881291,1.677138,9.875899,80.222572,65.859337
4.8506889,3.979163,8.890868,1.683124,9.885049,80.196503,65.888802
4.8624721,3.961207,8.904037,1.708263,9.893997,80.057693,66.016792
4.8755121,3.922899,8.912416,1.692701,9.883598,80.138702,66.242767
4.8901258,3.891775,8.930372,1.695095,9.887912,80.128967,66.452866
4.9006929,3.885789,8.956709,1.686715,9.907927,80.198288,66.546814
4.9102087,3.886986,8.950723,1.684321,9.902577,80.207001,66.526375
4.9205017,3.882198,8.923190,1.687912,9.876428,80.159668,66.487663
4.9304380,3.882198,8.918402,1.690306,9.872512,80.141624,66.476410
4.9415040,3.900155,8.906430,1.689109,9.868576,80.144707,66.351234
4.9513788,3.926491,8.904037,1.692701,9.877471,80.132523,66.203537
4.9603868,3.926491,8.916007,1.690306,9.887853,80.157074,66.231949
4.9703989,3.925294,8.926781,1.698686,9.898529,80.118561,66.263893
4.9804506,3.918111,8.929175,1.692701,9.896817,80.152008,66.308197
4.9903507,3.892972,8.949526,1.683124,9.903643,80.215088,66.491348
5.0010118,3.872621,8.957906,1.683124,9.903240,80.214691,66.620529
5.0102096,3.871424,8.967483,1.654393,9.906598,80.386612,66.649269
5.0203161,3.875015,8.944737,1.631648,9.883641,80.497780,66.576904
5.0301690,3.883395,8.925584,1.622072,9.868025,80.538986,66.486824
5.0404119,3.867833,8.899248,1.611298,9.836311,80.571823,66.509041
5.0503807,3.861847,8.886080,1.620875,9.823621,80.502899,66.510468
5.0612259,3.876213,8.884883,1.635240,9.830574,80.424782,66.429779
5.0702267,3.869030,8.893262,1.672350,9.841558,80.216408,66.488464
5.0808420,3.861847,8.931569,1.677138,9.874187,80.220856,66.617226
5.0906210,3.858256,8.980651,1.673547,9.916602,80.284142,66.750732
5.1004348,3.884592,9.137471,1.696292,10.072777,80.304985,66.968307
5.1102328,3.733757,9.153033,1.592144,10.012686,80.850403,67.808189
5.1217637,3.715801,8.969876,1.538275,9.830165,80.997063,67.498055
5.1311598,3.793612,8.811859,1.584962,9.723809,80.619049,66.707535
5.1412373,3.851074,8.767567,1.673547,9.721201,80.086899,66.286957
5.1501651,3.851074,8.802282,1.665167,9.751088,80.167564,66.370216
5.1602859,3.819949,8.860941,1.657985,9.790669,80.250359,66.679138
5.1705956,3.806781,8.924387,1.653196,9.842221,80.330200,66.898872
5.1802859,3.793612,8.971074,1.601721,9.871027,80.661621,67.077881
5.1901555,3.757699,8.983045,1.507150,9.853269,81.201530,67.299942
5.2002649,3.685874,9.017760,1.495179,9.856025,81.274422,67.768448
5.2103763,3.718195,8.956709,1.550246,9.820940,80.917816,67.455215
5.2210736,3.973178,9.072827,1.678335,10.045852,80.382637,66.350403
5.2302027,4.125209,9.355343,1.751359,10.373382,80.280083,66.205070
5.2405658,3.907337,9.349358,1.674744,10.270469,80.615211,67.318695
5.2501860,3.593697,9.028535,1.601721,9.848584,80.640144,68.295578
5.2602448,3.482366,8.755595,1.611298,9.559477,80.296188,68.310783
5.2701082,3.627216,8.749610,1.742979,9.630697,79.573059,67.483185
5.2805686,3.855862,8.927979,1.806425,9.891393,79.477249,66.641197
5.2907004,4.046201,9.078813,1.820790,10.105042,79.619385,65.978661
5.3008890,4.146757,9.045294,1.844732,10.120077,79.497154,65.371216
5.3101521,4.159925,8.948329,1.906982,10.050580,79.062477,65.067085
5.3211198,4.079720,8.917204,1.936909,9.995612,78.826775,65.415382
5.3307319,3.945644,8.965088,1.837550,9.965816,79.374702,66.245117
5.3402553,3.809175,8.978256,1.689109,9.898080,80.174377,67.010101
5.3505416,3.683479,9.016563,1.624466,9.874478,80.531136,67.778824
5.3602109,3.550601,8.951921,1.569399,9.757390,80.744217,68.365234
5.3703961,3.496732,8.908825,1.534683,9.692758,80.889847,68.569893
5.3803120,3.579332,8.953117,1.596933,9.773439,80.595985,68.209160
5.3905592,3.746926,9.070433,1.641225,9.950167,80.505989,67.554855
5.4006076,3.888184,9.135077,1.618480,10.059178,80.741096,66.943832
5.4102659,3.886986,9.131485,1.620875,10.055840,80.724174,66.942070
5.4204249,3.841497,9.059659,1.636437,9.975593,80.558296,67.021973
5.4310679,3.805584,9.003395,1.674744,9.917074,80.277596,67.087036
5.4408708,3.788824,8.998607,1.732205,9.916181,79.939690,67.166687
5.4500418,3.784036,9.011775,1.750161,9.929455,79.848038,67.222511
5.4601498,3.773262,9.044097,1.714248,9.948460,80.077675,67.353752
5.4701929,3.728969,9.040505,1.683124,9.923147,80.234512,67.585152
5.4801350,3.756502,9.039309,1.704672,9.936111,80.121277,67.433495
5.4901590,3.793612,9.065644,1.742979,9.980750,79.942635,67.292625
5.5001955,3.767276,9.041702,1.776498,9.954933,79.720276,67.380676
5.5100842,3.641581,8.906430,1.895011,9.806971,78.858597,67.761772
5.5205150,3.386598,9.022549,1.722628,9.789938,79.865524,69.426460
