Keuwl Accelerometer Data File
2019-06-26 17-22-46

Time (s), X (m/s2), Y (m/s2), Z (m/s2), R (m/s2), Theta (deg), Phi (deg)
0.0000000,5.412093,8.191761,1.158794,9.886279,83.268753,56.548248
0.0176780,5.313931,7.597999,1.960851,9.476940,78.058807,55.031616
0.0276800,5.517438,7.547721,2.002750,9.561444,77.909233,53.832932
0.0376770,5.487510,7.686584,1.891419,9.631917,78.675232,54.476673
0.0482630,5.301960,7.839813,1.784877,9.631160,79.320023,55.930042
0.0577470,5.410896,8.078036,1.796848,9.887423,79.529411,56.184711
0.0679970,6.108806,8.668207,1.781286,10.753060,80.464775,54.826233
0.0782730,6.114791,8.546103,2.006341,10.698221,79.190765,54.416039
0.0883170,5.972336,8.252813,2.153584,10.412284,78.063286,54.107765
0.0989640,5.612009,7.692570,2.234987,9.780871,76.790871,53.887894
0.1079270,5.258864,7.240066,2.248155,9.226505,75.897179,54.007004
0.1184970,5.231331,7.311892,2.224213,9.261626,76.104393,54.417980
0.1282320,5.463568,7.716512,2.090138,9.683172,77.534447,54.700134
0.1383110,5.699397,8.081628,1.924938,10.074781,78.985054,54.807407
0.1481610,5.820304,8.225280,1.814805,10.238393,79.790100,54.716328
0.1581480,5.833472,8.262390,1.763330,10.266734,80.110313,54.776867
0.1680360,5.732916,8.256405,1.754950,10.203646,80.096313,55.225441
0.1779130,5.529409,8.152257,1.698686,9.995959,80.215828,55.852242
0.1879780,5.281609,7.940370,1.671153,9.681819,80.060555,56.369778
0.1988780,5.226542,7.835025,1.717840,9.573679,79.663231,56.293774
0.2078150,5.364209,7.844602,1.721431,9.657942,79.732742,55.635330
0.2176820,5.542577,7.848193,1.726219,9.761871,79.814667,54.769371
0.2278570,5.661090,7.813477,1.766921,9.809198,79.622726,54.075584
0.2378900,5.674258,7.801506,1.819593,9.816905,79.318283,53.970531
0.2484210,5.626374,7.793127,1.855506,9.789371,79.073891,54.171989
0.2588180,5.530606,7.868544,1.839944,9.792190,79.169792,54.897560
0.2683080,5.382165,7.908048,1.788469,9.731575,79.409988,55.761055
0.2778970,5.352238,7.978677,1.769315,9.769146,79.565430,56.145592
0.2879370,5.351041,8.009802,1.757344,9.791773,79.661026,56.254639
0.2980470,5.388151,7.972692,1.820790,9.793429,79.285248,55.948158
0.3089300,5.505467,7.934384,1.897405,9.841990,78.884544,55.244205
0.3177830,5.603629,7.985860,1.953669,9.949444,78.675842,54.942894
0.3279350,5.655105,8.073248,1.980005,10.053754,78.641815,54.989735
0.3378640,5.628768,8.112753,1.983596,10.071466,78.641220,55.246418
0.3482730,5.579687,8.101978,1.996764,10.038030,78.526192,55.445515
0.3579660,5.556942,8.074445,1.989582,10.001735,78.525978,55.463726
0.3684070,5.533000,8.009802,1.980005,9.934357,78.503456,55.364113
0.3778440,5.499481,7.988254,1.995567,9.901453,78.372803,55.454689
0.3882950,5.467160,8.013393,1.983596,9.901463,78.443527,55.696129
0.3981950,5.462371,8.194156,1.906982,10.030866,79.040718,56.311863
0.4080040,5.351041,8.203732,1.851915,9.968172,79.293228,56.884834
0.4178650,5.352238,8.347384,1.783680,10.075058,79.802650,57.332520
0.4282340,5.225345,8.409634,1.741782,10.052859,80.022446,58.145153
0.4379620,5.146337,8.450335,1.726219,10.043544,80.103233,58.658176
0.4479000,5.120000,8.400057,1.763330,9.994232,79.837837,58.636868
0.4577850,5.102044,8.286332,1.816002,9.899092,79.429138,58.378647
0.4683890,5.159505,8.135497,1.875857,9.814563,78.981262,57.617268
0.4780720,5.215768,8.007407,1.933318,9.749899,78.562958,56.921070
0.4880660,5.238513,7.911640,1.964442,9.689949,78.303360,56.490364
0.4994820,5.269638,7.896077,1.889025,9.679129,78.745651,56.281876
0.5078070,5.288792,7.867347,1.889025,9.666172,78.730370,56.089195
0.5177380,5.300763,7.875727,1.853112,9.672600,78.954781,56.057449
0.5278980,5.352238,7.870938,1.806425,9.688204,79.253960,55.784298
0.5377440,5.424064,7.824251,1.765724,9.682828,79.492966,55.268848
0.5477620,5.512650,7.785944,1.796848,9.707671,79.333290,54.700520
0.5577480,5.615600,7.784747,1.966837,9.798249,78.420143,54.194851
0.5677980,5.693412,7.748834,2.039860,9.829567,78.022774,53.693623
0.5780620,5.700594,7.836222,2.097321,9.914732,77.787628,53.965340
0.5880220,5.679047,7.939173,2.042254,9.972604,78.183006,54.423111
0.5984480,5.661090,7.967903,1.954866,9.967794,78.689949,54.606709
0.6083120,5.625177,7.951144,1.879448,9.919457,79.078094,54.721828
0.6183079,5.608418,7.922413,1.873463,9.885790,79.075768,54.704643
0.6282600,5.619191,7.911640,1.893813,9.887157,78.957169,54.615971
0.6380940,5.616797,7.933187,1.868674,9.898273,79.117943,54.701023
0.6478820,5.606023,7.947553,1.831564,9.896753,79.334953,54.801723
0.6579600,5.549759,7.963115,1.792060,9.870284,79.539291,55.126076
0.6681080,5.510255,7.982268,1.723825,9.851451,79.922394,55.382217
0.6779990,5.476737,7.987057,1.686715,9.830194,80.120003,55.561508
0.6896250,5.458780,8.018182,1.714248,9.850287,79.977768,55.752956
0.6980920,5.437232,8.034941,1.703475,9.850157,80.041267,55.913849
0.7078840,5.444415,8.003817,1.703475,9.828761,80.019363,55.775394
0.7179040,5.495890,7.991845,1.698686,9.846824,80.066147,55.484192
0.7280850,5.567716,7.951144,1.717840,9.857542,79.964020,54.998718
0.7380710,5.634754,7.867347,1.764527,9.836623,79.666153,54.388992
0.7478899,5.702989,7.807492,1.829170,9.840064,79.286972,53.853710
0.7579340,5.685032,7.778761,1.832761,9.807534,79.229660,53.839161
0.7681990,5.612009,7.772776,1.793257,9.753280,79.405212,54.170403
0.7778510,5.536592,7.829040,1.748964,9.747132,79.663223,54.732563
0.7879180,5.522226,7.946355,1.690306,9.823272,80.091713,55.203087
0.7979770,5.518635,8.039729,1.649605,9.890084,80.398544,55.533497
0.8079720,5.530606,8.107965,1.638831,9.950500,80.520287,55.701317
0.8177180,5.546168,8.105570,1.659182,9.960579,80.411270,55.618443
0.8279560,5.544971,8.063671,1.674744,9.928457,80.288849,55.485699
0.8378350,5.580884,7.955932,1.696292,9.865117,80.098869,54.951317
0.8477520,5.623980,7.857770,1.753753,9.820863,79.713280,54.407864
0.8581660,5.657499,7.836222,1.808819,9.832878,79.399712,54.171932
0.8678410,5.655105,7.878121,1.777695,9.859270,79.612358,54.328304
0.8783790,5.632360,7.961918,1.727417,9.904523,79.955856,54.723938
0.8882510,5.598841,8.048109,1.678335,9.946651,80.285797,55.174763
0.8979020,5.525817,8.080431,1.608904,9.920514,80.666580,55.633656
0.9088970,5.495890,8.075643,1.600524,9.898610,80.694893,55.762699
0.9187360,5.488708,8.056489,1.617283,9.881727,80.580368,55.734264
0.9287200,5.531803,8.045714,1.629254,9.898932,80.526649,55.489666
0.9378990,5.597643,8.040926,1.630451,9.932194,80.551666,55.156521
0.9479079,5.658696,8.007407,1.640028,9.941282,80.504425,54.751812
0.9578670,5.697003,7.930793,1.662773,9.905460,80.336334,54.308815
0.9679070,5.773617,7.886500,1.727417,9.925498,79.977303,53.792568
0.9779620,5.804742,7.898471,1.769315,9.960489,79.768059,53.687103
0.9897060,5.743690,7.953538,1.701080,9.957028,80.163208,54.164864
0.9981329,5.743690,7.985860,1.701080,9.982865,80.188919,54.275085
1.0079050,5.676652,7.985860,1.612495,9.929677,80.654266,54.593342
1.0180171,5.619191,7.989451,1.587356,9.895773,80.769455,54.880272
1.0280390,5.554548,7.990648,1.619677,9.865436,80.550575,55.195637
1.0379269,5.524621,7.942764,1.613692,9.808820,80.530975,55.179306
1.0478619,5.566519,7.943961,1.618480,9.834232,80.527382,54.980175
1.0580419,5.621585,7.985860,1.644817,9.903615,80.439880,54.856659
1.0679179,5.650316,8.043321,1.696292,9.974893,80.208916,54.912514
1.0779020,5.628768,8.080431,1.703475,9.993909,80.185944,55.139217
1.0879331,5.584476,8.068460,1.683124,9.955869,80.266922,55.311478
1.0986260,5.504270,8.050503,1.663970,9.893249,80.317253,55.638901
1.1084909,5.451597,7.994239,1.620875,9.810964,80.490532,55.708332
1.1181120,5.444415,7.961918,1.628057,9.781838,80.419296,55.635406
1.1283029,5.482722,7.947553,1.628057,9.791548,80.428886,55.399647
1.1380020,5.525817,7.971495,1.624466,9.834545,80.492332,55.270412
1.1479170,5.580884,8.025364,1.624466,9.909168,80.564590,55.185028
1.1580909,5.627571,8.094796,1.679533,10.000806,80.331947,55.192646
1.1683660,5.600038,8.129512,1.732205,10.022470,80.047470,55.438873
1.1779810,5.541380,8.133103,1.723825,9.991288,80.064888,55.731968
1.1881099,5.493496,8.122330,1.696292,9.951288,80.185463,55.927746
1.1980391,5.457583,8.079233,1.648408,9.888198,80.403732,55.960678
1.2081929,5.426458,8.043321,1.640028,9.840281,80.406044,55.994270
1.2181760,5.461174,8.019379,1.617283,9.836182,80.536346,55.745247
1.2279619,5.507861,7.983466,1.590947,9.828701,80.684692,55.397877
1.2381769,5.546168,7.952341,1.601721,9.826760,80.619171,55.107086
1.2480611,5.584476,7.924808,1.636437,9.831931,80.419044,54.828304
1.2580049,5.613206,7.924808,1.683124,9.856143,80.167465,54.689747
1.2684469,5.600038,7.940370,1.722628,9.867996,79.946526,54.806152
1.2778239,5.566519,7.997831,1.719037,9.894773,79.995132,55.161945
1.2878360,5.515044,8.018182,1.650802,9.870770,80.372528,55.479137
1.2980579,5.509058,8.012196,1.629254,9.858979,80.487900,55.488205
1.3085279,5.527015,8.031349,1.635240,9.885569,80.478546,55.465023
1.3188649,5.558139,8.060080,1.642422,9.927505,80.477112,55.410294
1.3283540,5.583278,8.075643,1.674744,9.959607,80.319519,55.341080
1.3379079,5.560534,8.073248,1.678335,9.945536,80.284698,55.442467
1.3480669,5.528212,8.063671,1.702277,9.923793,80.122925,55.566631
1.3582540,5.470751,8.037335,1.703475,9.870648,80.062149,55.758163
1.3678840,5.443218,8.018182,1.680730,9.835889,80.161171,55.829010
1.3781070,5.468357,8.005013,1.692701,9.841158,80.095749,55.662373
1.3880169,5.513846,7.978677,1.672350,9.841674,80.216522,55.352707
1.3981030,5.560534,7.976283,1.707066,9.871914,80.042274,55.118359
1.4079580,5.600038,8.015787,1.742979,9.932333,79.893097,55.060848
1.4179740,5.610812,8.049306,1.732205,9.963587,79.988052,55.121368
1.4278520,5.567716,8.046912,1.701080,9.932066,80.138245,55.320362
1.4380699,5.511452,8.063671,1.692701,9.912827,80.168068,55.647720
1.4480550,5.449203,8.038532,1.665167,9.853151,80.270409,55.867229
1.4578869,5.400122,8.018182,1.653196,9.807426,80.295563,56.040340
1.4688970,5.353435,7.973889,1.642422,9.743702,80.295753,56.123749
1.4790670,5.351041,7.939173,1.598130,9.706602,80.523468,56.019840
1.4881899,5.404911,7.964312,1.623269,9.761062,80.427216,55.837566
1.4980320,5.485116,8.018182,1.657985,9.855286,80.314896,55.624561
1.5078740,5.522226,8.062474,1.696292,9.918462,80.152657,55.591606
1.5179410,5.516241,8.086416,1.699883,9.935223,80.148415,55.699703
1.5279860,5.513846,8.063671,1.723825,9.919519,79.992264,55.636124
1.5380299,5.492299,8.022970,1.742979,9.877822,79.836731,55.605560
1.5480000,5.500679,8.020576,1.768118,9.885005,79.696129,55.556854
1.5579939,5.511452,8.072051,1.754950,9.930456,79.820999,55.675438
1.5679868,5.534197,8.180987,1.715446,10.024901,80.147148,55.922806
1.5785170,5.542577,8.232463,1.646014,10.059968,80.582916,56.049248
1.5880870,5.538986,8.188169,1.596933,10.013824,80.823700,55.923141
1.5982230,5.518635,8.027759,1.619677,9.875403,80.560196,55.493656
1.6082588,5.552154,7.879318,1.709460,9.789398,79.943245,54.829597
1.6180949,5.612009,7.814674,1.816002,9.790895,79.310959,54.316467
1.6279769,5.627571,7.843405,1.871069,9.833079,79.030693,54.340908
1.6382380,5.560534,7.886500,1.832761,9.822191,79.245926,54.813492
1.6484649,5.476737,7.955932,1.764527,9.818607,79.646988,55.457096
1.6580000,5.400122,8.002619,1.683124,9.799803,80.110374,55.988743
1.6678840,5.357026,8.007407,1.601721,9.766361,80.560631,56.217129
1.6779609,5.360618,7.946355,1.580173,9.714820,80.638908,55.996368
1.6879300,5.455189,7.900866,1.646014,9.741259,80.271866,55.376682
1.6979879,5.559336,7.872135,1.766921,9.797894,79.610626,54.770096
1.7095100,5.628768,7.872135,1.855506,9.853753,79.146149,54.434311
1.7181830,5.614403,7.887698,1.861492,9.859130,79.116714,54.557030
1.7278270,5.549759,7.953538,1.825579,9.868705,79.339645,55.093727
1.7379199,5.461174,8.016984,1.792060,9.864478,79.533066,55.737289
1.7477670,5.403713,8.067263,1.717840,9.860620,79.967186,56.184547
1.7578340,5.339070,8.036138,1.619677,9.783073,80.470284,56.400631
1.7677970,5.346252,7.952341,1.589750,9.713365,80.580238,56.087589
1.7777230,5.412093,7.863756,1.668759,9.690932,80.084366,55.462982
1.7877389,5.511452,7.864953,1.760935,9.763937,79.609795,54.978725
1.7979019,5.588067,7.909245,1.813608,9.852504,79.392746,54.757904
1.8078020,5.604826,7.939173,1.817199,9.886696,79.408676,54.779018
1.8178549,5.561730,7.976283,1.806425,9.890253,79.476021,55.112576
1.8278229,5.481525,7.959524,1.748964,9.821405,79.742241,55.445789
1.8378550,5.401319,7.893683,1.680730,9.711299,80.033669,55.617786
1.8479680,5.382165,7.846996,1.672350,9.661253,80.031967,55.554218
1.8581550,5.416882,7.887698,1.699883,9.718435,79.926392,55.520641
1.8680120,5.479131,7.979874,1.697489,9.827550,80.053558,55.525780
1.8780890,5.488708,8.098388,1.660379,9.923037,80.367638,55.872421
1.8884480,5.492299,8.183381,1.608904,9.986073,80.728394,56.132355
1.8978699,5.489904,8.190564,1.561020,9.983045,81.003906,56.167168
1.9078439,5.471948,8.094796,1.580173,9.897721,80.813408,55.941956
1.9178300,5.499481,7.969100,1.680730,9.827294,80.152481,55.390419
1.9282680,5.594052,7.902063,1.789666,9.845757,79.527107,54.704445
1.9380269,5.685032,7.915231,1.839944,9.917452,79.308205,54.312595
1.9478929,5.737704,7.970297,1.839944,9.991611,79.388489,54.250420
1.9580070,5.720945,8.054094,1.820790,10.045543,79.557213,54.613247
1.9689219,5.616797,8.078036,1.691504,9.983199,80.245026,55.188450
1.9779010,5.616797,8.078036,1.691504,9.983199,80.245026,55.188450
1.9893980,5.577293,8.028955,1.672350,9.918017,80.292557,55.214325
1.9980259,5.578490,8.001422,1.708263,9.902548,80.066360,55.116280
2.0086839,5.608418,7.997831,1.713051,9.917368,80.053268,54.960236
2.0179350,5.589264,8.034941,1.729811,9.939436,79.977486,55.176762
2.0278261,5.572505,8.081628,1.753753,9.972018,79.870865,55.412670
2.0378890,5.534197,8.100781,1.713051,9.959144,80.095421,55.660347
2.0480189,5.501875,8.062474,1.635240,9.896875,80.489525,55.690163
2.0582569,5.473145,8.001422,1.607706,9.826636,80.583679,55.627029
2.0678730,5.477933,7.929596,1.651999,9.778310,80.273499,55.362457
2.0780749,5.512650,7.906851,1.695095,9.786775,80.025925,55.115826
2.0880680,5.541380,7.912837,1.655591,9.801064,80.275002,54.996346
2.0978940,5.543774,7.952341,1.606509,9.826191,80.590324,55.118690
2.1086478,5.528212,7.996634,1.601721,9.852552,80.643951,55.343224
2.1188939,5.491102,8.055291,1.620875,9.882669,80.560165,55.718670
2.1288688,5.426458,8.063671,1.613692,9.852575,80.573410,56.061363
2.1395011,5.388151,8.030152,1.594538,9.800921,80.636772,56.138790
2.1478479,5.402516,7.987057,1.587356,9.772408,80.651886,55.925228
2.1579142,5.476737,7.920019,1.599327,9.761106,80.569748,55.335930
2.1694050,5.582081,7.892486,1.656788,9.807951,80.274796,54.729557
2.1783328,5.655105,7.897274,1.720234,9.864399,79.956947,54.394192
2.1879199,5.643134,7.953538,1.733402,9.904969,79.921150,54.643829
2.1981609,5.610812,8.025364,1.705869,9.939701,80.117874,55.041260
2.2079020,5.561730,8.054094,1.643619,9.924856,80.467537,55.373096
2.2178931,5.540183,8.111555,1.644817,9.959738,80.494247,55.666969
2.2288089,5.556942,8.148665,1.666364,10.002855,80.410454,55.708160
2.2381530,5.578490,8.113950,1.696292,9.991653,80.225502,55.490761
2.2497430,5.637148,8.049306,1.732205,9.978441,80.003105,54.995399
2.2578449,5.699397,8.014590,1.740585,9.987312,79.963264,54.582314
2.2682340,5.738902,7.994239,1.750161,9.995295,79.915611,54.326202
2.2781990,5.695806,7.988254,1.750161,9.965816,79.885468,54.510269
2.2879109,5.608418,7.943961,1.742979,9.879212,79.838173,54.778000
2.2978590,5.509058,7.960721,1.713051,9.831447,79.965446,55.315601
2.3078578,5.494693,8.066066,1.771709,9.919275,79.711029,55.736877
2.3178260,5.425261,8.064868,1.775301,9.880651,79.649200,56.071159
2.3279889,5.457583,8.010999,1.590947,9.823055,80.679291,55.734913
2.3381910,5.597643,8.081628,1.628057,9.964783,80.596794,55.292049
2.3484819,5.704185,8.141483,1.742979,10.092545,80.055183,54.983677
2.3579550,5.680243,8.068460,1.740585,10.019722,79.996063,54.854229
2.3682811,5.521029,7.942764,1.666364,9.815601,80.225731,55.196770
2.3778718,5.412093,7.887698,1.589750,9.697104,80.564301,55.544285
2.3880298,5.391742,7.904457,1.526304,9.689218,80.936676,55.701550
2.3979430,5.426458,7.914034,1.507150,9.713387,81.073799,55.562527
2.4079239,5.525817,7.954735,1.582567,9.814122,80.720306,55.213932
2.4177761,5.590461,8.015787,1.665167,9.913570,80.330276,55.106876
2.4278510,5.606023,8.036138,1.725022,9.949005,80.015228,55.100307
2.4382458,5.567716,8.026561,1.714248,9.917851,80.046738,55.252445
2.4478989,5.503073,8.001422,1.663970,9.852683,80.277008,55.481289
2.4577930,5.445612,7.979874,1.628057,9.797125,80.434380,55.689659
2.4680378,5.437232,7.988254,1.619677,9.797911,80.484848,55.758709
2.4778800,5.462371,7.976283,1.605312,9.799776,80.571823,55.595619
2.4879229,5.492299,7.958326,1.651999,9.809659,80.304886,55.389187
2.4979010,5.528212,8.016984,1.721431,9.889211,79.975365,55.411308
2.5082870,5.510255,8.069656,1.709460,9.919906,80.076904,55.673317
2.5179179,5.501875,8.067263,1.715446,9.914339,80.036156,55.706001
2.5280058,5.515044,8.069656,1.735796,9.927137,79.929855,55.650135
2.5378149,5.518635,8.024167,1.735796,9.892198,79.893921,55.481686
2.5478268,5.494693,7.959524,1.740585,9.827273,79.798080,55.381542
2.5578539,5.498284,7.963115,1.732205,9.830710,79.851303,55.376122
2.5677700,5.536592,8.031349,1.708263,9.903261,80.067085,55.418690
2.5781050,5.568913,8.051701,1.683124,9.933558,80.244843,55.330547
2.5878398,5.549759,8.038532,1.669956,9.909924,80.298599,55.379009
2.5979009,5.541380,8.036138,1.693898,9.907355,80.155563,55.411499
2.6080370,5.546168,8.034941,1.723825,9.914224,79.986862,55.384377
2.6180859,5.536592,8.014590,1.733402,9.894048,79.909912,55.362740
2.6280859,5.504270,7.972692,1.744176,9.843929,79.794289,55.379173
2.6388810,5.513846,7.969100,1.754950,9.848295,79.735161,55.320515
2.6478410,5.571307,8.010999,1.781286,9.919100,79.654617,55.183037
2.6578548,5.609614,8.056489,1.798046,9.980369,79.621025,55.151073
2.6680739,5.585672,8.057686,1.780089,9.964675,79.709450,55.269894
2.6778438,5.528212,8.055291,1.777695,9.930208,79.687386,55.538841
2.6880360,5.481525,8.058883,1.758541,9.903796,79.772194,55.777081
2.6987610,5.431247,8.046912,1.709460,9.857661,80.013603,55.982700
2.7080200,5.413290,8.013393,1.695095,9.817919,80.057884,55.959782
2.7179379,5.434838,8.005013,1.719037,9.827146,79.925568,55.826271
2.7282879,5.500679,8.009802,1.728614,9.869270,79.912552,55.520924
2.7377799,5.543774,7.975086,1.721431,9.864013,79.949486,55.195419
2.7480781,5.582081,7.945158,1.741782,9.865038,79.830482,54.909023
2.7578859,5.609614,7.943961,1.788469,9.888019,79.579430,54.772240
2.7679119,5.598841,7.942764,1.772906,9.878143,79.660660,54.820057
2.7777679,5.547365,7.936779,1.753753,9.840801,79.734344,55.048599
2.7889547,5.477933,7.942764,1.717840,9.800318,79.904808,55.406906
2.7978349,5.439626,7.978677,1.702277,9.805436,80.002487,55.714993
2.8079307,5.422867,8.037335,1.683124,9.840689,80.151871,55.992085
2.8182268,5.406107,8.067263,1.667562,9.853298,80.256432,56.172810
2.8298860,5.433641,8.094796,1.668759,9.891154,80.287048,56.128468
2.8430090,5.498284,8.043321,1.691504,9.888747,80.150932,55.644115
2.8579650,5.537788,7.990648,1.734599,9.875546,79.883751,55.276737
2.8678148,5.558139,7.920019,1.768118,9.835947,79.644173,54.939453
2.8779109,5.558139,7.873333,1.777695,9.800127,79.548973,54.780014
2.8880129,5.556942,7.888895,1.772906,9.811089,79.589211,54.839111
2.8978028,5.527015,7.945158,1.742979,9.834195,79.791161,55.175766
2.9078519,5.488708,7.967903,1.689109,9.821734,80.097229,55.438900
2.9179220,5.477933,7.966706,1.646014,9.807422,80.338127,55.487457
2.9278829,5.544971,7.989451,1.671153,9.867663,80.249596,55.237938
2.9379389,5.613206,7.984663,1.728614,9.912166,79.956657,54.892838
2.9480588,5.665878,7.972692,1.805228,9.946096,79.542786,54.600090
2.9580820,5.683835,7.960721,1.881842,9.960942,79.110115,54.473732
2.9680109,5.652710,7.983466,1.904588,9.965757,78.982246,54.699512
2.9783008,5.596447,8.036138,1.902193,9.975874,79.007568,55.146259
2.9879308,5.535394,8.103176,1.780089,9.973503,79.718658,55.662464
2.9985237,5.477933,8.080431,1.742979,9.916607,79.876900,55.865639
3.0079849,5.479131,8.049306,1.768118,9.896385,79.708107,55.757038
3.0181530,5.480328,8.002619,1.742979,9.854637,79.812569,55.596004
3.0278349,5.486313,7.942764,1.731008,9.807321,79.833946,55.365959
3.0385787,5.485116,7.937976,1.753753,9.806814,79.698380,55.355652
3.0478778,5.483919,7.936779,1.745373,9.803680,79.744827,55.357456
3.0579357,5.462371,7.946355,1.729811,9.796648,79.829865,55.495140
3.0680010,5.464766,7.929596,1.744176,9.786946,79.734222,55.426918
3.0779459,5.492299,7.926005,1.762132,9.802653,79.644173,55.280106
3.0886898,5.536592,7.929596,1.818396,9.840675,79.351479,55.076538
3.0977259,5.561730,7.965509,1.831564,9.886193,79.323425,55.076229
3.1081369,5.572505,8.000225,1.804031,9.915187,79.516853,55.141113
3.1177409,5.560534,8.024167,1.776498,9.922839,79.686668,55.279076
3.1280599,5.537788,8.012196,1.764527,9.898279,79.731224,55.348938
3.1379509,5.527015,7.979874,1.748964,9.863324,79.786308,55.292778
3.1483309,5.524621,7.937976,1.759738,9.830034,79.687523,55.163105
3.1579058,5.519832,7.926005,1.814805,9.827697,79.358559,55.145859
3.1684759,5.504270,7.940370,1.821988,9.831892,79.320557,55.270275
3.1778579,5.492299,7.952341,1.814805,9.833545,79.364960,55.369034
3.1881430,5.493496,7.959524,1.788469,9.835199,79.522835,55.387379
3.1977100,5.500679,7.988254,1.782483,9.861384,79.586327,55.448864
3.2078760,5.511452,7.996634,1.776498,9.873105,79.634140,55.424549
3.2178931,5.500679,7.999028,1.788469,9.871197,79.561470,55.484928
3.2278969,5.477933,7.997831,1.792060,9.858222,79.526352,55.591686
3.2382829,5.452795,8.010999,1.777695,9.852374,79.605011,55.758308
3.2482071,5.445612,7.988254,1.739388,9.823052,79.800743,55.717651
3.2581601,5.451597,7.951144,1.757344,9.799432,79.669189,55.564030
3.2683220,5.479131,7.920019,1.783680,9.794340,79.507118,55.324215
3.2782109,5.510255,7.905654,1.764527,9.796725,79.623604,55.123432
3.2887359,5.546168,7.917625,1.782483,9.829853,79.552551,54.989380
3.2978318,5.623980,7.991845,1.827973,9.941842,79.404938,54.865383
3.3079050,5.673061,8.050503,1.847127,10.020285,79.377419,54.828259
3.3180101,5.652710,8.043321,1.839944,10.001677,79.399292,54.901096
3.3288229,5.620389,8.020576,1.849521,9.966902,79.305847,54.979294
3.3378460,5.574899,7.979874,1.845930,9.907843,79.262489,55.061085
3.3483799,5.541380,7.936779,1.808819,9.847394,79.415520,55.077637
3.3579679,5.547365,7.937976,1.778892,9.846277,79.591415,55.052658
3.3683798,5.574899,7.942764,1.805228,9.870454,79.461739,54.935600
3.3786199,5.592855,7.952341,1.793257,9.886128,79.549194,54.881409
3.3889101,5.616797,7.942764,1.793257,9.892001,79.555466,54.733616
3.3988647,5.621585,7.945158,1.812411,9.900131,79.451408,54.718739
3.4079340,5.619191,7.922413,1.790863,9.876595,79.553116,54.652771
3.4180038,5.621585,7.875727,1.771709,9.837086,79.624123,54.481277
3.4281237,5.665878,7.825448,1.776498,9.823225,79.580917,54.094242
3.4384587,5.712565,7.772776,1.765724,9.806489,79.626938,53.686146
3.4479129,5.780800,7.740454,1.770512,9.821761,79.614853,53.246540
3.4577830,5.855020,7.744045,1.741782,9.863331,79.828705,52.908260
3.4684091,5.955577,7.801506,1.742979,9.968469,79.930115,52.642315
3.4788940,6.030994,7.797915,1.756147,10.013212,79.899055,52.281235
3.4888759,6.101623,7.800309,1.776498,10.061340,79.830154,51.966476
3.4979010,6.184223,7.772776,1.829170,10.099828,79.565636,51.493328
3.5081599,6.326678,7.681796,1.881842,10.128088,79.291969,50.525349
3.5179708,6.460753,7.562086,1.940500,10.133707,78.960266,49.490704
3.5280728,6.675035,7.459136,2.019509,10.211426,78.593445,48.175262
3.5379860,6.955156,7.376535,2.121263,10.357954,78.182472,46.684124
3.5483730,7.147889,7.274782,2.164358,10.425892,78.018578,45.504082
3.5581288,7.278373,7.169437,2.160767,10.442435,78.057983,44.567997
3.5679789,7.343017,7.111976,2.124854,10.441030,78.257706,44.084293
3.5779891,7.371747,7.068881,2.073379,10.421642,78.524475,43.798500
3.5881028,7.466318,7.066486,1.983596,10.469756,79.078751,43.424057
3.5990889,7.524976,7.059304,1.952471,10.501008,79.284538,43.171185
3.6080029,7.457938,7.107188,1.924938,10.480379,79.416359,43.620495
3.6179719,7.326257,7.310695,2.041057,10.549229,78.844101,44.939083
3.6287229,7.168240,7.441179,2.106898,10.544848,78.474533,46.070297
3.6381638,7.098808,7.507020,2.050634,10.533447,78.774071,46.600918
3.6489818,7.111976,7.449559,1.935712,10.479652,79.355690,46.328060
3.6594517,7.119159,7.238869,1.729811,10.299315,80.331123,45.477692
3.6687279,7.169437,6.967127,1.408988,10.095886,81.977585,44.180088
3.6778500,7.242460,6.501455,1.236605,9.810777,82.758858,41.913876
3.6879690,7.201759,6.192603,1.282095,9.584228,82.312424,40.691368
3.6981330,7.129933,6.408081,1.799243,9.753805,79.370018,41.947861
3.7079878,7.055712,6.454768,2.001553,9.770020,78.178299,42.453171
3.7178888,7.097611,6.248867,1.341950,9.551190,81.923172,41.361282
3.7281578,7.351396,6.154295,0.984017,9.637774,84.139885,39.934727
3.7378039,7.897274,5.634754,0.755371,9.730775,85.547821,35.508091
3.7484920,9.138668,4.862624,0.128090,10.352621,89.291077,28.017143
3.7578161,11.920731,4.466383,-0.439336,12.737559,91.976601,20.539650
3.7685471,16.156073,4.625597,0.239420,16.806908,89.183777,15.976789
3.7788229,18.957289,4.006697,2.421735,19.526833,82.875786,11.934054
3.7885849,18.231846,2.117671,2.846706,18.573866,81.183868,6.625350
3.7979329,16.649279,0.742203,-0.430956,16.671385,91.481262,2.552479
3.8080430,15.553931,0.398635,-1.531092,15.634191,95.620117,1.468123
3.8180320,14.775816,0.404620,-2.627636,15.013092,100.079994,1.568592
3.8279619,13.967772,0.600945,-2.716222,14.242108,100.994667,2.463555
3.8377819,12.697649,1.079785,-2.359486,12.960070,100.489662,4.860635
3.8488009,12.077551,2.163161,-1.576582,12.370615,97.322014,10.154348
3.8584900,12.585121,4.168305,-2.050634,13.415109,98.792702,18.325335
3.8682930,13.061567,7.068881,-3.552995,15.270802,103.454079,28.422117
3.8778119,13.548787,11.398794,-3.339911,18.018244,100.682281,40.074398
3.8881850,12.530055,15.670050,-3.142390,20.308308,98.901382,51.353535
3.8979108,10.342952,18.928558,-2.444480,21.708120,96.465599,61.346905
3.9081740,7.857770,18.553865,-1.109712,20.179741,93.152367,67.046799
3.9185209,7.107188,12.874820,-2.613271,14.936609,100.076180,61.100323
3.9280267,7.365762,7.377733,-4.891354,11.515674,115.135231,45.046520
3.9380829,6.787562,5.256470,-4.491522,9.688924,117.617905,37.755157
3.9488587,4.062960,4.735731,6.743269,9.187299,42.779129,49.372475
3.9584198,3.645172,2.875436,9.333796,10.424737,26.446489,38.267582
3.9681058,3.792415,-1.655591,8.850166,9.769792,25.059212,336.416168
3.9785028,3.731363,-1.960851,7.449559,8.559435,29.502640,332.277832
3.9880707,3.903746,-2.260126,5.383362,7.023389,39.960205,329.930725
3.9982960,5.115212,-2.837129,3.465607,6.798906,59.354149,330.985260
4.0083671,7.167043,-3.130419,2.711433,8.277554,70.878975,336.405273
4.0181031,9.301474,-2.797625,3.045424,10.179329,72.591805,343.260162
4.0282450,11.384429,-2.088941,3.319561,12.041112,73.997124,349.602386
4.0381737,13.154942,-1.416170,3.365051,13.652164,75.730408,353.855591
4.0480142,14.441825,-0.982820,3.341109,14.855815,77.002861,356.106812
4.0580778,15.053543,-0.897826,2.929306,15.362164,79.007347,356.586792
4.0680580,14.891934,-1.206678,1.813608,15.050414,83.078911,355.367493
4.0781116,13.850457,-1.570596,0.440533,13.946182,88.189835,353.530487
4.0884290,12.356475,-1.768118,-0.719458,12.503053,93.298767,351.856689
4.0980129,10.697293,-1.796848,-1.408988,10.938281,97.400978,350.464905
4.1080031,9.233239,-1.707066,-1.915361,9.583078,101.529305,349.525269
4.1178117,8.027759,-1.551443,-2.402581,8.521988,106.375267,349.061890
4.1291909,7.053318,-1.424550,-2.832341,7.733097,111.485275,348.581635
4.1378350,6.311116,-1.358709,-3.122039,7.171011,115.808807,347.850342
4.1483617,5.789180,-1.446098,-3.137601,6.741687,117.736305,345.974915
4.1583438,5.474342,-1.704672,-2.971204,6.457738,117.393547,342.703766
4.1678982,5.280412,-2.177526,-2.591723,6.272272,114.406219,337.589813
4.1787601,5.074511,-2.519897,-2.112883,6.046885,110.451645,333.591949
4.1880836,5.035006,-2.491167,-1.720234,5.875066,107.025810,333.675201
4.1982660,5.365406,-2.255338,-1.419762,5.990814,103.708939,337.200653
4.2078209,5.858612,-1.999158,-1.072602,6.282550,99.830101,341.158600
4.2178736,6.349423,-1.814805,-0.654814,6.636074,95.662872,344.048889
4.2279630,6.828263,-1.678335,-0.268151,7.036611,92.183952,346.190887
4.2381129,7.253234,-1.617283,0.209493,7.434305,88.385239,347.430145
4.2483778,7.645883,-1.668759,0.565032,7.846244,85.870384,347.687927
4.2583399,8.026561,-1.720234,0.702698,8.238851,85.107254,347.903503
4.2679930,8.124723,-1.522712,0.810437,8.305817,84.400475,349.384918
4.2785640,8.014590,-0.940921,0.962469,8.126828,83.198433,353.304077
4.2880678,7.972692,-0.314838,0.736217,8.012799,84.728218,357.738586
4.2978530,8.159439,0.076614,-0.021548,8.159827,90.151299,0.537973
4.3085127,8.491036,-0.014365,-0.640449,8.515167,94.313446,359.903076
4.3189340,8.377312,-0.829591,-0.035913,8.418365,90.244423,354.344543
4.3295450,7.862558,-1.802834,1.278504,8.167289,80.993904,347.085693
4.3379703,7.751228,-2.056619,1.960851,8.255673,76.260048,345.140198
4.3480887,7.842207,-1.486799,1.915361,8.208495,76.506271,349.264740
4.3580661,7.508216,-0.486023,1.450886,7.662546,79.085274,356.296295
4.3687749,6.823475,0.519542,0.724246,6.881444,83.958649,4.354119
4.3777628,6.040571,1.442507,-0.059855,6.210709,90.552193,13.430869
4.3889384,5.328296,2.311602,-0.702698,5.850472,96.898430,23.452892
4.3979487,4.838682,3.184288,-1.116895,5.899151,100.913773,33.348518
4.4081388,4.357447,3.690662,-1.273715,5.850699,102.574158,40.263866
4.4179721,3.751714,3.604471,-1.079785,5.313520,101.725006,43.853306
4.4279699,3.456030,3.422511,-0.793678,4.928250,99.267647,44.720802
4.4380817,3.635595,3.499126,-0.508768,5.071517,95.757523,43.904205
4.4486628,4.709395,4.750096,-0.810437,6.737850,96.908340,45.246525
4.4583416,5.401319,6.078878,-1.400608,8.251588,99.772583,48.377666
4.4688115,5.942409,7.252037,-1.723825,9.532882,100.418076,50.668388
4.4790072,6.163872,8.005013,-1.710657,10.246946,99.610130,52.403675
4.4879708,6.602011,8.844181,-1.685518,11.164545,98.683182,53.259365
4.4978676,7.305906,9.946711,-1.656788,12.452240,97.645958,53.702541
4.5090632,8.364143,11.340137,-1.985990,14.230310,98.022423,53.588631
4.5178995,10.144233,13.034034,-2.438494,16.695442,98.398521,52.106804
4.5278940,12.322956,13.992912,-2.000355,18.752554,96.123451,48.631016
4.5378928,15.573085,13.560759,-0.669179,20.660662,91.856079,41.048756
4.5482068,18.593370,11.857284,2.428918,22.185766,83.714607,32.526295
4.5582228,19.788076,9.458294,6.991069,23.019608,72.319992,25.546841
4.5678439,18.901026,7.790732,10.842142,23.140795,62.061123,22.400757
4.5789218,17.035942,7.425617,12.569559,22.435617,55.926895,23.551397
4.5880675,15.194801,8.791509,10.053253,20.229694,60.201233,30.053101
4.5979118,12.953828,10.936713,6.734890,18.242041,68.333954,40.173878
4.6079168,10.983400,13.231556,4.462792,17.765858,75.451439,50.304226
4.6181078,9.624691,14.481329,1.253365,17.433144,85.877136,56.390892
4.6287842,8.339005,14.505271,0.395043,16.736128,88.647453,60.105629
4.6407971,7.182605,13.940239,1.003170,15.713893,86.339767,62.740547
4.6490378,6.003461,12.986150,1.766921,14.415397,82.959450,65.189034
4.6598458,4.607641,12.174516,2.099715,13.185522,80.836983,69.270050
4.6685338,3.368642,11.568783,1.606509,12.155877,82.405624,73.765297
4.6778679,2.589329,11.385626,0.933739,11.713623,85.427879,77.187660
4.6881437,2.122460,10.801441,-0.071826,11.008230,90.373840,78.883141
4.6979747,2.364274,10.245986,-1.031901,10.565739,95.604713,77.006363
4.7086687,2.286463,9.604341,-1.028310,9.926162,95.946274,76.609116
4.7179866,1.499967,8.625112,-1.466449,8.876537,99.509148,80.134529
4.7283807,0.736217,7.619547,-1.681927,7.837626,102.391853,84.481087
4.7378235,0.634463,7.003040,-2.244564,7.381272,107.703369,84.823235
4.7480612,1.090559,6.789956,-2.661155,7.373912,111.154732,80.875450
4.7579288,1.956063,6.660669,-2.568978,7.402050,110.307785,73.633881
4.7679391,3.149572,6.507440,-2.317587,7.591956,107.774338,64.173225
4.7786217,4.443638,6.317101,-1.953669,7.966712,104.195366,54.876297
4.7881727,5.597643,6.238092,-1.383849,8.494848,99.375519,48.097340
4.7980099,6.300342,6.343437,-0.543484,8.957057,93.478653,45.195290
4.8083997,6.685808,6.530185,0.459687,9.357065,87.184082,44.325352
4.8178158,6.768408,6.652289,1.453280,9.600850,81.293671,44.504276
4.8279290,6.627151,6.642713,2.134431,9.622918,77.184807,45.067192
4.8379698,6.393716,6.715736,2.415750,9.582096,75.397552,46.407127
4.8480220,6.124368,6.927623,2.330755,9.535841,75.852409,48.521698
4.8579159,5.872977,7.254431,2.020706,9.549968,77.784279,51.007374
4.8689680,5.455189,7.608773,1.510741,9.483398,80.833511,54.360977
4.8795700,4.661511,7.884106,0.330400,9.165041,87.934036,59.406120
4.8883095,3.857059,8.224083,0.330400,9.089643,87.916893,64.873627
4.8978829,3.135207,8.652645,-0.153229,9.204415,90.953865,70.082474
4.9079909,2.515109,9.087193,-0.561440,9.445531,93.407654,74.529236
4.9180698,2.001553,9.497798,-0.859518,9.744390,95.060432,78.099693
4.9279208,1.596933,9.800665,-1.017536,9.981914,95.850777,80.745483
4.9379659,1.192312,9.993398,-0.748188,10.092046,94.251602,83.196205
4.9482479,1.219846,9.974244,-0.302867,10.053123,91.726387,83.027374
4.9581690,1.401805,9.955091,0.184354,10.054993,88.949448,81.984718
4.9679728,1.656788,9.892841,0.699107,10.054949,86.013084,80.492714
4.9778719,1.946486,9.852140,1.179144,10.111571,83.303307,78.824013
4.9880219,2.251747,9.816227,1.618480,10.200399,80.870392,77.080421
4.9984870,2.547431,9.805453,1.917756,10.310873,79.280937,75.436661
5.0083756,2.839523,9.744401,2.136825,10.372188,78.111084,73.753853
5.0183387,3.093309,9.653421,2.246958,10.382963,77.501846,72.232643
5.0288138,3.286042,9.572019,2.157176,10.347706,77.967354,71.052826
5.0380735,3.459621,9.607931,2.048239,10.415210,78.658379,70.197075
5.0479789,3.622427,9.695320,1.948880,10.531825,79.336143,69.512985
5.0580459,3.823540,9.815030,1.885434,10.700894,79.851845,68.716118
5.0687308,3.988740,9.898827,1.789666,10.821262,80.480446,68.052994
5.0786777,4.095282,9.934740,1.679533,10.876177,81.116661,67.597641
5.0890088,4.156334,9.926360,1.519121,10.868094,81.964996,67.280121
5.0979776,4.180276,9.878476,1.296460,10.804620,83.108398,67.063370
5.1081471,4.156334,9.800665,1.098939,10.702140,84.106255,67.018837
5.1181030,4.082114,9.702502,0.863110,10.561589,85.312469,67.182152
5.1281729,3.968389,9.563639,0.620098,10.372841,86.572762,67.464211
5.1381822,3.888184,9.463082,0.408211,10.238873,87.715080,67.663261
5.1482301,3.804387,9.384073,0.156820,10.127131,89.112732,67.931931
5.1581230,3.730166,9.325416,-0.081403,10.044110,90.464363,68.198593
5.1685171,3.645172,9.309854,-0.262165,10.001469,91.502045,68.617714
5.1782007,3.600879,9.327810,-0.396240,10.006567,92.269394,68.891571
5.1887398,3.610456,9.372103,-0.477643,10.054842,92.722794,68.931602
5.1981797,3.623624,9.366117,-0.542287,10.057281,93.090874,68.849220
5.2079530,3.659537,9.327810,-0.538695,10.034463,93.077377,68.578659
5.2186818,3.732560,9.273940,-0.511162,10.009958,92.927101,68.076279
5.2282667,3.811569,9.182961,-0.429759,9.951860,92.475021,67.458138
5.2381439,3.903746,9.093178,-0.369904,9.902623,92.140732,66.765915
5.2479568,3.973178,9.028535,-0.283713,9.868185,91.647499,66.247200
5.2578831,4.019865,8.983045,-0.235829,9.844289,91.372704,65.891739
5.2688103,4.072537,8.975863,-0.214281,9.858883,91.245415,65.595207
5.2784376,4.146757,9.002198,-0.232238,9.914086,91.342278,65.267395
5.2884007,4.224569,9.050082,-0.304064,9.992168,91.743790,64.976883
5.2986908,4.270059,9.091981,-0.361524,10.051279,92.061256,64.842850
5.3080182,4.308366,9.141062,-0.426168,10.114477,92.414841,64.764557
5.3181281,4.320337,9.149442,-0.441730,10.127819,92.499779,64.723473
5.3284698,4.334702,9.150639,-0.459687,10.135835,92.599403,64.652855
5.3380594,4.386178,9.163807,-0.494403,10.171448,92.786072,64.422295
5.3482656,4.466383,9.153033,-0.505177,10.197146,92.839653,63.989124
5.3580232,4.514267,9.121908,-0.488417,10.189522,92.747429,63.670025
5.3680458,4.516662,9.059659,-0.452504,10.133233,92.559418,63.501610
5.3777666,4.441244,8.962694,-0.423774,10.011699,92.425934,63.640408
5.3890023,4.368221,8.901642,-0.408211,9.924072,92.357437,63.861855
5.3984270,4.309563,8.845378,-0.408211,9.847826,92.375702,64.024162
5.4080806,4.222175,8.798691,-0.349553,9.765547,92.051315,64.365326
5.4185514,4.159925,8.771158,-0.293290,9.712066,91.730507,64.626266
5.4279342,4.169502,8.796297,-0.244209,9.737516,91.437080,64.638741
5.4379120,4.191050,8.844181,-0.232238,9.789707,91.359337,64.644821
5.4479547,4.181473,8.870518,-0.248997,9.809832,91.454460,64.761284
5.4578557,4.175488,8.853758,-0.136469,9.789911,90.798721,64.751144
5.4687119,4.204218,8.857349,-0.240617,9.807446,91.405846,64.608238
5.4777880,4.225766,8.919599,-0.184354,9.871694,91.070061,64.650185
5.4878559,4.230555,9.035717,-0.281319,9.981028,91.615112,64.910843
5.4981098,4.189853,9.156625,-0.226252,10.072231,91.287140,65.412300
5.5083489,4.149151,9.161413,-0.154426,10.058370,90.879692,65.634499
5.5179200,4.074931,9.141062,-0.160412,10.009486,90.918259,65.973495
5.5306835,3.995923,9.172187,-0.068235,10.005052,90.390762,66.459343
5.5482121,3.541024,9.281123,0.112527,9.934322,89.350990,69.116661
5.5580797,3.283648,9.226056,0.049081,9.793103,89.712845,70.408836
5.5680118,2.977190,8.756793,-0.209493,9.251431,91.297539,71.222672
5.5782599,2.857480,8.354567,-0.474052,8.842438,93.073158,71.117973
5.5883036,3.022680,8.937555,-0.405817,9.443579,92.462921,71.314476
5.5988889,3.114856,8.974665,-0.806846,9.534041,94.854630,70.859535
5.6081605,3.299210,9.396045,-0.584185,9.975556,93.357254,70.652420
5.6179647,3.682282,9.611523,-0.472855,10.303599,92.630356,69.037605
5.6284719,4.175488,9.525331,-0.156820,10.401502,90.863861,66.329460
5.6386161,4.723760,9.253590,0.124498,10.390300,89.313454,62.956657
5.6481848,5.199009,8.938752,0.487220,10.352216,87.302414,59.816612
5.6590328,5.592855,8.735245,0.785298,10.401981,85.670334,57.370064
5.6688209,5.868188,8.640674,0.980426,10.490858,84.637581,55.818180
5.6781731,5.989096,8.680179,1.201889,10.614109,83.498161,55.395344
5.6887088,6.010643,8.813056,1.482011,10.770058,82.090736,55.705395
5.6985407,5.781997,8.742428,1.444901,10.580608,82.151093,56.520466
5.7079396,5.507861,8.783129,1.525106,10.478827,81.631348,57.908356
5.7180219,5.137957,8.638280,1.133654,10.114527,83.564667,59.256271
5.7279329,4.690241,8.571242,0.693121,9.795151,85.942261,61.312225
5.7378578,4.633977,9.008183,0.743400,10.157449,85.802902,62.777866
5.7487140,4.584896,9.320627,0.994791,10.434796,84.529457,63.807034
5.7577996,4.428076,9.191340,0.341174,10.208085,88.084709,64.276810
5.7681618,4.067749,8.981848,-0.056264,9.860189,90.326942,65.634918
5.7778020,3.622427,8.784326,-0.117316,9.502638,90.707367,67.590027
5.7881479,3.366248,8.665813,-0.227449,9.299445,91.401497,68.771271
5.7984848,3.284845,8.774749,-0.187945,9.371325,91.149162,69.476509
5.8083129,3.211822,8.929175,-0.112527,9.489923,90.679405,70.216354
5.8179293,3.156755,8.971074,0.031125,9.510323,89.812485,70.613976
5.8279762,3.156755,8.896853,0.183156,9.442068,88.888512,70.464447
5.8378859,3.329138,8.919599,0.377087,9.528095,87.731850,69.532494
5.8484311,3.552995,9.011775,0.579397,9.704204,86.577080,68.482597
5.8580890,3.694253,9.058462,0.618901,9.802361,86.380051,67.813210
5.8679299,3.542221,8.888474,0.563834,9.584894,86.627609,68.271805
5.8781376,3.296816,8.766370,0.639252,9.387592,86.095398,69.389954
5.8880281,3.160346,8.695741,0.732626,9.281187,85.472557,70.027031
5.8986440,3.244143,8.641871,0.845153,9.269341,84.768661,69.423958
5.9082289,3.320758,8.613141,0.703895,9.257921,85.639496,68.916077
5.9178281,3.422511,8.817844,0.499191,9.471914,86.978989,68.787041
5.9285431,3.468001,9.108741,0.369904,9.753615,87.826546,69.156502
5.9380159,3.547010,9.388862,0.286107,10.040610,88.367134,69.303978
5.9480791,3.588908,9.513360,0.156820,10.169016,89.116386,69.331055
5.9578342,3.484761,9.421184,0.038307,10.045084,89.781502,69.701294
5.9689498,3.282450,9.113529,-0.028730,9.686677,90.169937,70.192329
5.9780226,3.294421,9.035717,0.095768,9.618033,89.429489,69.968147
5.9883800,3.344700,8.871715,0.110133,9.481902,89.334488,69.343201
5.9979529,3.524265,8.883685,0.243011,9.560301,88.543449,68.361176
6.0086775,3.742137,8.971074,0.407014,9.728793,87.602272,67.357338
6.0178947,3.993528,9.087193,0.531513,9.940213,86.934875,66.276054
6.0285091,4.224569,9.117120,0.806846,10.080667,85.409195,65.138573
6.0380516,4.373009,9.012972,0.891840,10.057447,84.912636,64.117775
6.0478835,4.478354,8.932767,1.030704,10.045513,84.110893,63.373554
6.0579944,4.572925,8.910022,1.091756,10.074327,83.778633,62.831570
6.0682788,4.540604,8.880095,0.928950,10.016791,84.678780,62.918259
6.0785017,4.586093,9.148245,0.939724,10.276464,84.753296,63.375000
6.0879745,4.412514,9.126697,0.748188,10.164972,85.778954,64.197472
6.0978274,4.222175,9.084799,0.609324,10.036513,86.519386,65.073273
6.1082807,4.055778,8.968679,0.508768,9.856236,87.041138,65.666771
6.1181321,3.979163,8.945934,0.532710,9.805471,86.885712,66.020439
6.1291237,3.904943,8.877700,0.453701,9.709169,87.321640,66.257240
6.1384687,3.976769,9.062054,0.566229,9.912423,86.725304,66.306335
6.1493034,3.965995,9.112331,0.420182,9.946872,87.578957,66.479691
6.1582088,3.871424,9.097966,0.301669,9.892013,88.252419,66.948967
6.1691790,3.924097,9.161413,0.339977,9.972242,88.046280,66.813156
6.1795039,4.000711,9.172187,0.359130,10.013175,87.944603,66.434204
6.1889958,4.109647,9.272743,0.325611,10.147857,88.161247,66.097244
6.1978130,4.191050,9.411607,0.377087,10.309483,87.903839,65.996277
6.2078948,4.151546,9.454702,0.359130,10.332265,88.008102,66.293793
6.2178035,3.974375,9.339781,0.363919,10.156752,87.946640,66.948700
6.2279859,3.794810,9.147048,0.414197,9.911641,87.604973,67.468040
6.2378836,3.693056,9.008183,0.506374,9.748972,87.022644,67.708000
6.2478337,3.695450,8.950723,0.563834,9.699985,86.667671,67.565926
6.2577810,3.775656,8.997410,0.648829,9.779057,86.195702,67.235222
6.2680969,3.852271,9.071630,0.645237,9.876781,86.254272,66.991478
6.2779465,3.827132,9.117120,0.581791,9.904912,86.632645,67.228592
6.2885947,3.750517,9.111135,0.442927,9.862825,87.426048,67.625923
6.2979269,3.699042,9.060856,0.322020,9.792125,88.115456,67.792549
6.3080049,3.727772,9.017760,0.298078,9.762435,88.250305,67.540718
6.3178458,3.865439,9.054871,0.351948,9.851708,87.952698,66.882820
6.3281050,3.933673,9.103952,0.430956,9.926805,87.511810,66.631592
6.3380361,3.851074,9.035717,0.487220,9.834243,87.160217,66.916023
6.3490171,3.731363,8.899248,0.506374,9.663132,86.996178,67.252197
6.3583159,3.700239,8.850166,0.426168,9.602022,87.456200,67.310280
6.3686557,3.754108,8.904037,0.305261,9.667905,88.190605,67.138802
6.3781090,3.870227,9.045294,0.240617,9.841437,88.599014,66.835281
6.3890138,4.023456,9.199720,0.238223,10.043894,88.640923,66.378052
6.3988571,3.971981,9.109938,0.333991,9.943799,88.075195,66.442543
6.4082727,3.857059,8.926781,0.413000,9.733185,87.568085,66.631927
6.4183521,3.748123,8.787917,0.458490,9.564837,87.252480,66.901329
6.4282427,3.690662,8.750807,0.480037,9.509366,87.106453,67.132362
6.4381618,3.722984,8.829816,0.471658,9.594202,87.182167,67.137878
6.4479570,3.828329,9.005790,0.451307,9.796123,87.359451,66.969833
6.4582500,3.910928,9.115923,0.458490,9.930037,87.353600,66.779617
6.4694710,3.999514,9.209297,0.429759,10.049476,87.549034,66.525131
6.4779382,4.016273,9.261970,0.492008,10.107255,87.209808,66.556969
6.4898968,3.879804,9.127894,0.557849,9.933908,86.780800,66.972122
6.4999962,3.706224,8.932767,0.554258,9.686982,86.719933,67.466331
6.5178099,3.582923,8.781932,0.444124,9.495099,87.319069,67.805130
6.5279465,3.699042,8.852561,0.423774,9.603662,87.470932,67.322395
6.5387416,3.945644,9.053674,0.489614,9.888217,87.161842,66.452141
6.5479016,4.164714,9.072827,0.993594,10.032361,84.316170,65.343384
