Keuwl Accelerometer Data File
2019-06-26 17-21-22

Time (s), X (m/s2), Y (m/s2), Z (m/s2), R (m/s2), Theta (deg), Phi (deg)
0.0000000,8.249222,6.084864,1.988384,10.441690,79.022270,36.413555
0.0178440,7.317877,6.208165,1.880645,9.779032,78.912140,40.309807
0.0278050,7.062895,6.069301,2.075773,9.540950,77.433968,40.673195
0.0378250,7.047333,5.998672,2.260126,9.526654,76.276161,40.404346
0.0481650,7.214927,6.039374,2.330755,9.693380,76.087006,39.931572
0.0579430,7.420828,6.113594,2.379837,9.904966,76.097702,39.483147
0.0680170,7.644686,6.265626,2.522291,10.201041,75.684669,39.338230
0.0778110,7.803900,6.376956,2.626439,10.414635,75.393013,39.253975
0.0879260,7.745243,6.209362,2.693477,10.285902,74.819481,38.719154
0.0978920,7.736863,6.082469,2.800019,10.232086,74.118370,38.173275
0.1079090,7.864953,6.131551,2.949656,10.399705,73.523094,37.940132
0.1177920,7.756016,6.060922,2.802413,10.234455,74.108208,38.005768
0.1279630,7.381324,5.789180,2.574964,9.727743,74.650688,38.107128
0.1378500,7.137115,5.843049,2.375048,9.524731,75.560600,39.306671
0.1481240,7.170634,6.181829,2.242170,9.729354,76.676193,40.764740
0.1577820,7.305906,6.311116,2.115277,9.883362,77.641724,40.821682
0.1678520,7.352593,6.133945,2.056619,9.793651,77.877930,39.836754
0.1780700,7.414843,5.969942,2.315193,9.796949,76.330688,38.838722
0.1882570,7.459136,5.908890,2.486378,9.835434,75.356850,38.385147
0.1978190,7.517793,5.887342,2.446874,9.857241,75.627136,38.065243
0.2078590,7.522582,5.894525,2.365471,9.845309,76.097893,38.081448
0.2177250,7.480683,5.949591,2.365471,9.846508,76.099617,38.496185
0.2280720,7.412448,6.025009,2.313996,9.828514,76.382614,39.105003
0.2377870,7.343017,6.042965,2.239776,9.770052,76.747131,39.452808
0.2481410,7.325060,6.112397,2.226608,9.796718,76.862953,39.843311
0.2590500,7.311892,6.159084,2.185906,9.806950,77.120956,40.108707
0.2679490,7.296329,6.117185,2.124854,9.755582,77.419617,39.976204
0.2779060,7.269993,6.011840,2.127248,9.670585,77.292671,39.588669
0.2883240,7.303512,5.984307,2.211045,9.697523,76.820587,39.330296
0.2978940,7.331046,5.991490,2.276886,9.737885,76.478081,39.258316
0.3082480,7.351396,5.993884,2.304419,9.761148,76.344666,39.191723
0.3178490,7.351396,5.984307,2.322376,9.759528,76.233841,39.146858
0.3282660,7.387310,5.980716,2.310405,9.781578,76.337654,38.993397
0.3377120,7.477092,5.953183,2.276886,9.825045,76.600288,38.526440
0.3482260,7.524976,5.944803,2.361880,9.876458,76.164070,38.309074
0.3577260,7.556100,5.995081,2.406173,9.941092,75.992844,38.428814
0.3679530,7.560889,6.022614,2.379837,9.955026,76.169006,38.539021
0.3778550,7.504625,6.040571,2.341529,9.914165,76.338799,38.831043
0.3879820,7.459136,6.052542,2.297236,9.876703,76.550316,39.056797
0.3978310,7.465121,6.045359,2.327164,9.883830,76.381752,39.001038
0.4083690,7.528567,6.027403,2.337938,9.923450,76.373169,38.680912
0.4178390,7.607576,6.057330,2.352303,10.004989,76.401711,38.527622
0.4284630,7.597999,6.104017,2.393005,10.035690,76.204956,38.777409
0.4384970,7.544129,6.138733,2.385822,10.014493,76.217491,39.135593
0.4479430,7.505822,6.105214,2.366668,9.960528,76.254791,39.124805
0.4579420,7.523779,6.069301,2.353500,9.949001,76.316612,38.892513
0.4683320,7.551312,6.023811,2.328361,9.936291,76.447929,38.579967
0.4778440,7.592013,5.979519,2.354697,9.946754,76.306366,38.224197
0.4880910,7.601591,5.985504,2.404976,9.969671,76.040901,38.216949
0.4977860,7.566875,5.997475,2.409764,9.951595,75.986618,38.400208
0.5082760,7.507020,6.095637,2.348712,9.951311,76.348221,39.076313
0.5178290,7.548918,6.120777,2.274492,9.981151,76.827789,39.035660
0.5281170,7.580042,6.045359,2.221819,9.946854,77.093010,38.573631
0.5383980,7.584831,6.015432,2.248155,9.938273,76.925850,38.417484
0.5495280,7.535750,6.020220,2.294842,9.914478,76.616737,38.620937
0.5581580,7.487866,6.050148,2.280477,9.893079,76.672760,38.937988
0.5681240,7.375339,6.058527,2.262521,9.809198,76.664482,39.401653
0.5778370,7.316680,6.089652,2.267309,9.785620,76.602936,39.770515
0.5883250,7.331046,6.074090,2.195483,9.770309,77.014191,39.643223
0.5979020,7.420828,6.023811,2.169147,9.801030,77.213531,39.067749
0.6082300,7.497443,6.010643,2.231396,9.865019,76.926971,38.718887
0.6178520,7.642292,5.992687,2.278083,9.975299,76.798737,38.101692
0.6282940,7.686584,5.993884,2.322376,10.020162,76.598686,37.946575
0.6380350,7.631518,5.998672,2.325967,9.981696,76.524872,38.168736
0.6489319,7.576451,6.038177,2.296039,9.956605,76.667328,38.553665
0.6580039,7.508216,6.053739,2.244564,9.902482,76.899086,38.878605
0.6681920,7.429208,6.009446,2.201468,9.805765,77.026077,38.969212
0.6781410,7.411252,5.981913,2.177526,9.769931,77.121727,38.908367
0.6883940,7.396886,5.989096,2.166753,9.761045,77.174675,38.996330
0.6985880,7.383718,6.025009,2.170344,9.773967,77.170326,39.213955
0.7085130,7.431602,6.088455,2.176329,9.850604,77.236130,39.326576
0.7181920,7.505822,6.127959,2.147599,9.924788,77.503067,39.229145
0.7284420,7.562086,6.051345,2.139219,9.918678,77.544823,38.667549
0.7378629,7.603985,5.929241,2.146402,9.878437,77.450584,37.945480
0.7478629,7.644686,5.869385,2.275689,9.903013,76.714844,37.516087
0.7579890,7.654263,5.912481,2.389413,9.962654,76.123077,37.684040
0.7686460,7.625533,6.027403,2.383428,10.007950,76.222420,38.323685
0.7779020,7.605182,6.153099,2.315193,10.052836,76.685120,38.975166
0.7882100,7.560889,6.205771,2.250550,10.037111,77.042816,39.378216
0.7979870,7.515399,6.131551,2.212242,9.948424,77.151657,39.209801
0.8083450,7.448361,5.992687,2.184709,9.806291,77.127251,38.818916
0.8185790,7.441179,5.928043,2.215834,9.768457,76.889160,38.542713
0.8281610,7.469909,5.963956,2.285265,9.828059,76.554253,38.603775
0.8380620,7.469909,6.102820,2.334347,9.924371,76.395790,39.248383
0.8478610,7.544129,6.303933,2.273294,10.090655,76.980240,39.882393
0.8578550,7.450756,6.198588,2.203863,9.939480,77.189445,39.758453
0.8681160,7.404069,6.065710,2.288857,9.841338,76.551231,39.325710
0.8781150,7.413646,5.997475,2.297236,9.808626,76.455193,38.972092
0.8881890,7.360973,5.987898,2.302025,9.764127,76.363365,39.127167
0.8978590,7.423223,6.216545,2.227805,9.935431,77.042496,39.944340
0.9084780,7.305906,6.177041,2.229002,9.823469,76.885033,40.214046
0.9182870,7.363368,6.205771,2.298434,9.900181,76.575684,40.123848
0.9284099,7.448361,6.194997,2.258929,9.947805,76.874886,39.751183
0.9380920,7.459136,6.076484,2.188300,9.866662,77.185966,39.167515
0.9480720,7.437588,5.963956,2.211045,9.786481,76.942513,38.724976
0.9578990,7.448361,5.929241,2.290054,9.791748,76.474632,38.521416
0.9680000,7.483078,5.985504,2.340332,9.864069,76.275223,38.655334
0.9778770,7.462727,6.137536,2.300828,9.932545,76.606041,39.434750
0.9880440,7.406463,6.258443,2.123657,9.926415,77.646652,40.197731
0.9978410,7.313089,6.210559,2.049437,9.810837,77.942383,40.339211
1.0083320,7.346608,6.001067,2.015918,9.697906,78.002357,39.243622
1.0184540,7.478289,5.855020,2.167950,9.741975,77.141914,38.058662
1.0281219,7.611167,5.943606,2.333150,9.934783,76.417419,37.986488
1.0382240,7.601591,6.118382,2.333150,10.033064,76.552986,38.829956
1.0484539,7.495049,6.250063,2.245761,10.014114,77.040657,39.824467
1.0578650,7.331046,6.302736,2.167950,9.908012,77.360985,40.686707
1.0683770,7.210138,6.320693,2.115277,9.818943,77.559349,41.239086
1.0778741,7.187394,6.355408,2.063802,9.813721,77.860207,41.484524
1.0881710,7.302315,6.239290,2.039860,9.819041,78.009743,40.511448
1.0979121,7.490260,5.967548,2.147599,9.814672,77.360550,38.544601
1.1084570,7.691373,5.766435,2.446874,9.919484,75.719246,36.859909
1.1179990,7.829040,5.820304,2.625242,10.102559,74.938293,36.628036
1.1280600,7.802703,6.054936,2.591723,10.210851,75.296295,37.811638
1.1378539,7.605182,6.301539,2.408567,10.166089,76.295074,39.644634
1.1490929,7.328651,6.406884,2.188300,9.977272,77.330406,41.160736
1.1578940,7.090428,6.367379,2.026692,9.742955,77.993881,41.924622
1.1687011,6.949171,6.247669,1.930924,9.542160,78.325172,41.957207
1.1788501,6.889316,6.064513,1.905785,9.374060,78.269760,41.356750
1.1880170,6.902483,5.804742,1.889025,9.214539,78.170219,40.062637
1.1978179,6.985084,5.562928,1.960851,9.142346,77.614975,38.533852
1.2083380,7.181408,5.566519,2.179921,9.344026,76.508820,37.780308
1.2179121,7.332242,5.773617,2.316390,9.615722,76.060562,38.217907
1.2285500,7.408857,6.075287,2.336741,9.862081,76.293877,39.351864
1.2387789,7.449559,6.308722,2.279280,10.024521,76.857689,40.259876
1.2485340,7.438785,6.404490,2.207454,10.061107,77.325928,40.727104
1.2579650,7.370550,6.356606,2.136825,9.964811,77.617493,40.775566
1.2687590,7.206547,6.190208,2.138022,9.737769,77.316826,40.661591
1.2781429,7.047333,6.117185,2.130840,9.572112,77.137672,40.958447
1.2883480,6.933608,6.145916,2.051831,9.489847,77.513283,41.553623
1.2987750,7.026982,6.234501,1.844732,9.573428,78.890015,41.580181
1.3085959,7.266402,6.332664,1.758541,9.797739,79.660271,41.072124
1.3208280,7.445967,6.301539,1.735796,9.907816,79.910011,40.241314
1.3288480,7.475895,6.178237,1.772906,9.859149,79.640526,39.571049
1.3380340,7.454347,6.115988,1.908179,9.829229,78.805916,39.367481
1.3479971,7.453150,6.233304,1.947683,9.909439,78.664818,39.906799
1.3588070,7.352593,6.404490,1.759738,9.908319,79.769882,41.057552
1.3680230,7.162254,6.550536,1.351527,9.799695,82.072777,42.445766
1.3781869,7.005434,6.592434,1.070208,9.678928,83.651772,43.260326
1.3885269,6.998251,6.525397,1.076194,9.628839,83.582771,42.997467
1.3979210,6.938396,6.515820,1.411382,9.622331,81.565552,43.201019
1.4080610,6.732495,6.509834,1.716643,9.521097,79.612831,44.036701
1.4189620,6.449979,6.539762,1.814805,9.362918,78.823677,45.396011
1.4290389,6.364985,6.487090,1.741782,9.253603,79.150642,45.544338
1.4380600,6.816292,6.312313,1.709460,9.446131,79.573776,42.801613
1.4485760,7.551312,5.965154,1.938106,9.816396,78.612961,38.306946
1.4579149,8.295909,5.465962,2.244564,10.185132,77.268852,33.379868
1.4692390,8.870518,5.112818,2.604892,10.564680,75.725601,29.958427
1.4779199,9.211691,4.944026,2.907758,10.851438,74.457054,28.222996
1.4878799,9.364920,5.044583,2.716222,10.978498,75.675529,28.309927
1.4979470,9.366117,5.254076,2.418144,11.008038,77.310303,29.290953
1.5083580,9.340978,5.515044,2.351106,11.099426,77.770836,30.558197
1.5185789,9.540894,5.647922,1.491588,11.187158,82.337914,30.624256
1.5279909,9.605537,5.808333,1.535880,11.329696,82.208862,31.160765
1.5389749,9.339781,5.829881,1.595735,11.124990,81.753220,31.972366
1.5485070,8.797494,5.761646,1.555034,10.630644,81.588684,33.221554
1.5585099,8.135497,5.616797,1.344344,9.977073,82.256218,34.621437
1.5687460,7.542933,5.494693,1.021127,9.387768,83.755463,36.071682
1.5778699,7.060501,5.521029,0.735020,8.992924,85.311806,38.023987
1.5884290,6.817489,5.701791,0.913388,8.934364,84.132225,39.907349
1.5978990,6.973113,5.941212,0.638055,9.183105,86.015800,40.431568
1.6085130,7.468712,6.254852,0.835576,9.777679,85.097664,39.945297
1.6178439,7.922413,6.502652,1.150414,10.313707,83.595772,39.378868
1.6282870,8.265982,6.616376,1.517924,10.696120,81.841415,38.674980
1.6384718,8.350976,6.639122,1.833959,10.824978,80.245949,38.485104
1.6480590,8.188169,6.469133,2.012326,10.627571,79.085167,38.310799
1.6582929,7.902063,6.259640,1.918953,10.261971,79.222443,38.384598
1.6679699,7.411252,6.090849,1.770512,9.754989,79.542969,39.414669
1.6780900,6.889316,5.997475,1.726219,9.295816,79.298141,41.041111
1.6895880,6.609194,6.041768,1.617283,9.099451,79.762192,42.431870
1.6979949,6.691794,6.227319,1.468843,9.258353,80.871422,42.940956
1.7090709,6.934805,6.391322,1.440112,9.540149,81.317856,42.664581
1.7179339,7.217321,6.495469,1.507150,9.826105,81.177017,41.986687
1.7283229,7.454347,6.489484,1.608904,10.013454,80.753967,41.041645
1.7387680,7.582437,6.344635,1.735796,10.037964,80.042183,39.921047
1.7487580,7.599196,6.112397,1.875857,9.931164,79.112228,38.811382
1.7580110,7.451953,5.916072,1.964442,9.715480,78.334526,38.445904
1.7687190,7.256825,5.831078,2.019509,9.525828,77.760208,38.782928
1.7778339,7.119159,5.835866,1.956063,9.410948,78.003632,39.342880
1.7892070,7.010222,5.875371,1.868674,9.335692,78.453423,39.966873
1.7987220,6.959944,5.966351,1.869871,9.355992,78.471336,40.604542
1.8087651,7.012617,6.063316,1.897405,9.462597,78.432846,40.847664
1.8178619,7.170634,6.060922,1.847127,9.568942,78.870132,40.205902
1.8281070,7.331046,5.941212,1.821988,9.610508,79.071556,39.021935
1.8379331,7.462727,5.813122,1.927332,9.653977,78.484016,37.916954
1.8490429,7.615956,5.753267,2.076970,9.768146,77.723663,37.068233
1.8578470,7.751228,5.813122,2.165555,9.927917,77.400902,36.868484
1.8681599,7.876924,5.972336,2.242170,10.136175,77.220200,37.169647
1.8783939,7.964312,6.137536,2.245761,10.302575,77.409554,37.618916
1.8882949,8.052897,6.312313,2.165555,10.458684,78.049995,38.091339
1.8979970,8.062474,6.341043,2.141613,10.478494,78.206688,38.184643
1.9084660,7.985860,6.269217,2.281674,10.405915,77.334015,38.133324
1.9183129,7.953538,6.139930,2.072181,10.259212,78.347084,37.667233
1.9282930,7.806294,6.007052,2.013524,10.053715,78.446869,37.578781
1.9378378,7.582437,5.980716,2.026692,9.867613,78.147774,38.264931
1.9481269,7.404069,6.058527,1.968034,9.767248,78.375710,39.292431
1.9578760,7.329848,6.223727,1.829170,9.788121,79.229446,40.334373
1.9679289,7.314286,6.388927,1.687912,9.857293,80.140373,41.136761
1.9778759,7.317877,6.493075,1.501164,9.897719,81.276413,41.582306
1.9882360,7.425617,6.406884,1.638831,9.943526,80.513580,40.787895
1.9978659,7.552509,6.299145,1.890222,10.014617,79.120369,39.829681
2.0084100,7.625533,6.185420,2.054225,10.031351,78.183350,39.047096
2.0178850,7.615956,6.065710,2.108095,9.961912,77.782959,38.535484
2.0285869,7.565677,5.985504,2.027889,9.857894,78.128807,38.348904
2.0378940,7.528567,5.931635,1.956063,9.782116,78.465195,38.233997
2.0484319,7.556100,5.949591,1.953669,9.813721,78.517113,38.216511
2.0585890,7.601591,6.010643,1.958457,9.886737,78.574753,38.333729
2.0683689,7.671022,6.111200,1.922544,9.994374,78.909302,38.542946
2.0778539,7.698555,6.228516,1.856703,10.075193,79.380569,38.974586
2.0883930,7.627927,6.335058,1.789666,10.075769,79.768791,39.709919
2.0981309,7.527370,6.400898,1.698686,10.025883,80.245316,40.376175
2.1079960,7.405266,6.391322,1.619677,9.915155,80.598389,40.796753
2.1178050,7.314286,6.315904,1.589750,9.793709,80.658211,40.810688
2.1282499,7.309498,6.187814,1.610101,9.711346,80.456528,40.249397
2.1379340,7.399281,6.056133,1.702277,9.712047,79.905350,39.299500
2.1483510,7.522582,5.962759,1.805228,9.767425,79.349289,38.402035
2.1579940,7.629124,5.966351,1.972822,9.883972,78.486542,38.027157
2.1685779,7.685388,6.066907,2.080561,10.010058,78.003784,38.287849
2.1781609,7.700950,6.289568,2.087744,10.159822,78.141800,39.239414
2.1883678,7.641095,6.520608,1.966837,10.235873,78.921638,40.476131
2.1980100,7.606379,6.721721,1.789666,10.307349,80.001053,41.466881
2.2079549,7.584831,6.868965,1.672350,10.368659,80.718285,42.164577
2.2178659,7.572860,6.879739,1.625663,10.359623,80.971657,42.254299
2.2280920,7.557298,6.833052,1.649605,10.321073,80.803040,42.118813
2.2379498,7.596802,6.738481,1.708263,10.297411,80.450920,41.573521
2.2481380,7.693767,6.639122,1.823185,10.324533,79.828941,40.791634
2.2580609,7.773973,6.528988,1.940500,10.335757,79.178711,40.025291
2.2677271,7.739257,6.469133,2.035071,10.290155,78.593491,39.891762
2.2779059,7.644686,6.438008,2.002750,10.193144,78.668800,40.102566
2.2877679,7.471107,6.370971,1.886631,9.998303,79.123360,40.455818
2.2977669,7.285556,6.245275,1.806425,9.764525,79.338936,40.603619
2.3081698,7.115568,6.112397,1.820790,9.555520,79.015205,40.663155
2.3177710,6.924031,5.950788,1.863886,9.318163,78.461449,40.677078
2.3280549,6.745663,5.825093,1.915361,9.116156,77.871422,40.811642
2.3385909,6.624756,5.797559,1.953669,9.017533,77.487526,41.190323
2.3480129,6.542156,5.840655,1.922544,8.978264,77.635323,41.757591
2.3583779,6.489484,5.858612,1.812411,8.928694,78.288300,42.075264
2.3683257,6.452374,5.841852,1.687912,8.866195,79.025261,42.157074
2.3778899,6.509834,5.756858,1.638831,8.843366,79.320351,41.487373
2.3880470,6.659472,5.686229,1.764527,8.932823,78.607269,40.492550
2.3978500,6.910863,5.623980,2.121263,9.159090,76.608597,39.138294
2.4080908,7.253234,5.631162,2.515109,9.520776,74.682327,37.824539
2.4179308,7.600393,5.700594,2.823961,9.911484,73.446045,36.871342
2.4283431,7.902063,5.834670,2.993949,10.268870,73.048874,36.441158
2.4378340,8.210915,5.961562,2.984372,10.576664,73.610497,35.981651
2.4479029,8.465898,6.035782,2.896984,10.793267,74.430527,35.487064
2.4587479,8.574833,6.044162,2.932897,10.893188,74.380867,35.178947
2.4678910,8.639477,6.066907,2.932897,10.956724,74.473732,35.077713
2.4779551,8.957906,6.324284,2.913743,11.345947,75.119186,35.222099
2.4878531,9.012972,6.544550,2.856283,11.498833,75.617287,35.984367
2.4979100,8.791509,6.752846,2.645593,11.396961,76.577408,37.528225
2.5083010,8.127118,6.816292,2.354697,10.865380,77.483803,39.986885
2.5179148,7.272388,6.720524,1.964442,10.095153,78.779076,42.741493
2.5283258,6.542156,6.567295,1.543063,9.397351,80.549126,45.109871
2.5378938,6.130353,6.508637,1.283292,9.032743,81.832291,46.714344
2.5482650,5.979519,6.849811,1.793257,9.267704,78.843163,48.880779
2.5580299,5.995081,7.025785,2.171541,9.487794,76.769012,49.525974
2.5678909,6.282385,7.089231,1.526304,9.594538,80.846474,48.453049
2.5778837,6.512228,7.395689,1.564611,9.977642,80.978119,48.634666
2.5888360,6.843825,7.709330,2.138022,10.528193,78.283112,48.403481
2.5979598,6.903681,7.432799,2.383428,10.420559,76.778061,47.113667
2.6085451,6.874950,6.751649,3.020285,10.098110,72.596802,44.481567
2.6186209,7.406463,6.311116,3.845088,10.462819,68.438469,40.434624
2.6284888,8.262390,6.141128,4.578911,11.267075,66.021271,36.622051
2.6378250,8.869320,6.111200,5.049371,11.895703,64.882866,34.567886
2.6482837,9.016563,6.279991,4.824317,12.000447,66.296021,34.857018
2.6578758,8.447941,6.641516,3.940856,11.445863,69.860687,38.173359
2.6680229,7.352593,6.852205,2.744952,10.418642,74.724213,42.982494
2.6782777,6.090849,6.752846,1.705869,9.252533,79.375725,47.950562
2.6882160,5.069722,6.515820,0.969652,8.312533,83.301231,52.114815
2.6979280,4.505888,6.307524,0.577003,7.773083,85.742973,54.459236
2.7080569,4.167108,6.157887,0.518345,7.453392,86.012161,55.913368
2.7184057,4.100070,5.995081,0.592565,7.287160,85.335770,55.631550
2.7287190,4.345476,5.862203,0.709881,7.331611,84.443649,53.451561
2.7379787,4.765658,5.755661,0.920571,7.529049,82.976921,50.375416
2.7481441,5.222951,5.645528,1.303643,7.800685,80.379646,47.226593
2.7580059,5.671864,5.658696,1.690306,8.188285,78.086784,44.933411
2.7681761,6.141128,5.711368,1.900996,8.599242,77.228371,42.923424
2.7779970,6.652289,5.783194,1.987187,9.035884,77.295563,41.002193
2.7881498,7.153875,5.901707,2.108095,9.510633,77.193649,39.521488
2.7979109,7.655460,6.032191,2.183512,9.988050,77.372452,38.236671
2.8081579,8.080431,6.184223,2.293645,10.430666,77.297173,37.428036
2.8183050,8.324639,6.305130,2.473210,10.731778,76.676041,37.140499
2.8284421,8.435969,6.375759,2.634819,10.897621,76.008423,37.081352
2.8378639,8.464700,6.416461,2.715025,10.963278,75.661674,37.163063
2.8480690,8.386889,6.398504,2.716222,10.893053,75.560738,37.340645
2.8582249,8.281544,6.333860,2.703054,10.770713,75.465477,37.409351
2.8691950,8.182184,6.193800,2.651578,10.599158,75.512497,37.125217
2.8785331,8.143877,6.069301,2.646790,10.495934,75.393867,36.695667
2.8885670,8.152257,5.946000,2.663549,10.435933,75.212868,36.105835
2.8978517,8.182184,5.877765,2.693477,10.428379,75.031769,35.692005
2.9085660,8.221688,5.907693,2.729390,10.485540,74.912117,35.699131
2.9179440,8.178593,6.009446,2.740164,10.512437,74.890816,36.307610
2.9278839,8.101978,6.162675,2.707842,10.533424,75.103638,37.258011
2.9379048,8.055291,6.279991,2.600103,10.539760,75.717995,37.940361
2.9480848,7.940370,6.331466,2.528277,10.465616,76.020226,38.568043
2.9597387,7.781156,6.215348,2.479196,10.262715,76.020599,38.616783
2.9695821,7.788338,6.114791,2.543839,10.223502,75.592148,38.136215
2.9778149,7.818265,6.050148,2.602497,10.222650,75.251213,37.734417
2.9878290,7.788338,6.040571,2.603694,10.194407,75.202461,37.796860
2.9979908,7.702147,6.094440,2.543839,10.145757,75.479324,38.353340
3.0078771,7.520187,6.139930,2.422932,10.006126,75.986832,39.230251
3.0182710,7.350199,6.204574,2.294842,9.888805,76.581345,40.168941
3.0283971,7.200562,6.269217,2.133234,9.782733,77.404823,41.044678
3.0379930,7.054515,6.289568,2.045845,9.670074,77.785942,41.719120
3.0480740,6.995857,6.277597,2.011129,9.612226,77.922989,41.902603
3.0579350,6.999449,6.263232,2.012326,9.605718,77.907387,41.822746
3.0681279,7.022193,6.226121,2.035071,9.602984,77.765068,41.561314
3.0778120,7.061698,6.173449,2.032677,9.597439,77.772514,41.160473
3.0884249,7.135918,6.153099,2.049437,9.642725,77.728928,40.770260
3.0978718,7.206547,6.166266,2.094927,9.713181,77.544647,40.551876
3.1083319,7.268796,6.269217,2.167950,9.840655,77.273026,40.777229
3.1184418,7.382521,6.440403,2.170344,10.034480,77.508858,41.100964
3.1279249,7.460332,6.551733,2.140416,10.156926,77.834595,41.289902
3.1377761,7.520187,6.584054,2.114080,10.216278,78.057350,41.202709
3.1480508,7.477092,6.501455,2.169147,10.143027,77.651581,41.007496
3.1578889,7.332242,6.342240,2.299631,9.963638,76.655685,40.859138
3.1680219,7.333440,6.282385,2.501941,9.975340,75.474396,40.585888
3.1777520,7.572860,6.392519,2.695871,10.270356,74.782104,40.168896
3.1878300,7.906851,6.625953,2.786851,10.685883,74.882614,39.963058
3.1978240,8.109161,6.791153,2.689886,10.913924,75.731651,39.945053
3.2079840,8.025364,6.771999,2.511518,10.796951,76.549004,40.158497
3.2177877,7.815871,6.634333,2.227805,10.491202,77.739906,40.325542
3.2277858,7.594408,6.399701,2.050634,10.140823,78.333443,40.120369
3.2378969,7.435194,6.148310,2.305616,9.919662,76.559883,39.588024
3.2480497,7.417237,5.961562,2.636016,9.874421,74.516907,38.790386
3.2580919,7.523779,5.902905,2.926912,10.000917,72.982468,38.116543
3.2683587,7.577648,5.845443,3.032256,10.039150,72.419640,37.646809
3.2780070,7.466318,5.714960,2.795230,9.809178,73.443497,37.431602
3.2888420,7.139510,5.511452,2.442086,9.344115,74.849808,37.666885
3.2980399,6.864176,5.439626,2.201468,9.030665,75.890434,38.395626
3.3082509,6.902483,5.770026,2.291251,9.283712,75.711571,39.893425
3.3180299,7.078457,6.133945,2.475605,9.688058,75.194916,40.911064
3.3287878,7.261614,7.128736,3.803190,10.863432,69.507118,44.470955
3.3381140,7.650671,7.697359,5.036203,11.964340,65.106400,45.174286
3.3479290,7.222109,8.292317,5.136760,12.137038,64.961319,48.946098
3.3586459,6.118382,8.462306,4.315548,11.299079,67.546219,54.132469
3.3679190,4.176685,8.212111,3.165135,9.741743,71.040222,63.042084
3.3786449,1.731008,7.930793,2.123657,8.390697,75.339172,77.687485
3.3890419,0.022745,7.483078,0.629675,7.509558,85.190109,89.825851
3.3980091,-0.155623,6.974309,-0.373495,6.986037,93.064674,91.278275
3.4084489,0.895431,6.274005,-0.434548,6.352462,93.922447,81.877548
3.4180839,3.307590,5.852626,0.527921,6.743299,85.509819,60.527203
3.4287798,6.294356,6.064513,2.802413,9.178821,72.223007,43.934566
3.4381518,8.762778,6.239290,2.802413,11.116138,75.398003,35.451698
3.4481099,10.049662,6.144719,3.240552,12.216973,74.618195,31.443090
3.4581218,9.955091,5.486313,3.476381,11.886492,72.994423,28.859438
3.4680228,10.334572,5.534197,3.485958,12.230397,73.439713,28.169197
3.4791789,11.225215,5.725733,3.468001,13.069679,74.612427,27.025120
3.4882827,11.675324,5.524621,2.898181,13.237602,77.353485,25.322939
3.4981208,11.206061,4.911705,1.832761,12.371728,81.480782,23.668219
3.5081220,10.548853,4.256891,0.248997,11.378111,88.746048,21.976078
3.5178800,11.469423,4.429273,-0.938527,12.330732,94.365166,21.115612
3.5281258,14.002489,5.397728,-0.353145,15.010992,91.348053,21.080826
3.5382028,15.449783,5.163096,1.927332,16.403292,83.252350,18.478889
3.5479929,14.488512,3.323152,0.902614,14.892113,86.525162,12.918184
3.5579848,12.478580,2.530671,-1.867477,12.868828,98.344017,11.464173
3.5683188,10.292673,2.612074,-1.148020,10.680823,96.170311,14.239897
3.5778570,8.352173,1.936909,-1.889025,8.779454,102.425163,13.056376
3.5882299,7.101202,1.501164,-2.989161,7.849564,112.383614,11.936354
3.5978439,5.980716,2.116474,-0.964863,6.417117,98.647659,19.488012
3.6079648,5.817910,3.867833,0.039504,6.986399,89.676018,33.616550
3.6181068,6.203377,6.552930,-1.504756,9.148064,99.467552,46.569645
3.6287427,6.068104,10.327389,-0.912191,12.012866,94.354919,59.562614
3.6380310,6.272809,13.107058,2.949656,14.827122,78.525223,64.425041
3.6481080,8.075643,12.659342,0.397437,15.021082,88.483856,57.465397
3.6579120,10.029311,9.725247,-6.556521,15.432287,115.141640,44.118168
3.6680529,12.367249,9.806650,-3.375824,16.140490,102.072693,38.412773
3.6783957,16.001648,13.448231,8.785523,22.673620,67.202354,40.044628
3.6891508,15.199590,11.706450,15.806520,24.857887,50.515057,37.602814
3.6980908,11.388021,7.182605,10.897209,17.321259,51.014523,32.240280
3.7080760,7.612364,2.814384,8.112753,11.475435,45.011333,20.289968
3.7180338,5.869385,0.259771,7.647080,9.643392,37.534500,2.534178
3.7281568,5.222951,-0.263362,5.141548,7.333764,45.486362,357.113373
3.7379739,4.511873,0.980426,1.594538,4.884750,70.947655,12.259725
3.7479579,4.260482,2.993949,-1.811214,5.513250,109.178978,35.096691
3.7587919,4.282030,4.347870,-3.585317,7.077729,120.435173,45.437122
3.7688439,4.550180,4.783615,-3.848679,7.641953,120.240128,46.432648
3.7783179,4.997896,4.401740,-3.606865,7.573886,118.439064,41.370968
3.7880268,5.246893,3.548207,-3.491943,7.232795,118.867981,34.068489
3.7980700,5.272032,2.477999,-3.441665,6.766082,120.574905,25.174803
3.8082900,5.388151,1.416170,-3.046622,6.349772,118.672348,14.726018
3.8179309,5.832275,0.657208,-2.317587,6.310196,111.547752,6.429239
3.8288679,6.380548,0.275333,-1.549049,6.571662,103.633858,2.470893
3.8379250,7.004237,0.353145,-1.103727,7.099455,98.943848,2.886337
3.8483288,7.976283,0.870292,-1.128866,8.102644,98.008537,6.226910
3.8582718,9.190144,1.679533,-1.387440,9.444817,98.447296,10.356723
3.8683789,10.287885,2.566584,-1.515530,10.710964,98.134262,14.008003
3.8792279,11.264719,3.366248,-1.651999,11.872431,97.998421,16.637779
3.8890419,11.897985,3.944447,-1.498770,12.624065,96.818428,18.341509
3.8981068,12.381614,4.477157,-1.036689,13.206968,94.502098,19.879848
3.9087811,12.852075,5.060145,-0.663194,13.828258,92.748924,21.490654
3.9185860,12.850878,5.436035,-0.569820,13.964965,92.338516,22.928793
3.9288189,11.580753,5.481525,-0.883460,12.842954,93.944466,25.329626
3.9383521,10.931925,5.306748,-1.037886,12.196137,94.881752,25.893597
3.9480948,10.546458,5.094861,-1.027112,11.757565,95.011612,25.784603
3.9583240,10.365696,4.654328,-0.861913,11.395320,94.337845,24.180679
3.9683058,10.364499,4.291606,-0.645237,11.236417,93.291954,22.492876
3.9785798,10.409989,3.954024,-0.283713,11.139240,91.459465,20.798269
3.9885340,10.186131,3.666720,0.159214,10.827163,89.157433,19.797445
3.9982610,9.742006,3.574543,0.614113,10.395248,86.613205,20.149130
4.0080748,9.135077,3.757699,0.743400,9.905684,85.696030,22.359739
4.0181670,8.397662,4.199430,0.506374,9.402784,86.912926,26.568321
4.0292430,7.833828,4.865018,0.022745,9.221593,89.858681,31.841393
4.0386047,7.399281,5.561730,-0.604536,9.276188,93.736656,36.930656
4.0481219,7.138312,6.030994,-1.130063,9.413046,96.895157,40.193687
4.0582280,7.133524,6.020220,-1.411382,9.440456,98.598160,40.162144
4.0682459,7.362170,5.421670,-1.272518,9.231216,97.923424,36.368778
4.0780540,7.827842,4.683059,-0.551863,9.138419,93.462166,30.890253
4.0882320,8.248025,4.211401,0.289698,9.265513,88.208282,27.048634
4.0980487,8.463503,4.222175,1.230620,9.537928,82.586815,26.513163
4.1090488,8.584411,4.692636,1.733402,9.935674,79.952621,28.663055
4.1178989,8.645462,5.497087,1.416170,10.342510,82.129929,32.449627
4.1280870,8.483853,6.254852,0.494403,10.551937,87.314468,36.400066
4.1386538,8.224083,6.787562,-0.243011,10.666096,91.305511,39.533794
4.1482677,8.057686,6.987478,-0.543484,10.679256,92.917130,40.931232
4.1581950,8.014590,6.725313,-0.571017,10.478050,93.123970,40.001144
4.1679988,8.129512,6.181829,-0.088585,10.213316,90.496964,37.250019
4.1792359,8.344990,5.658696,0.755371,10.110899,85.715523,34.140999
4.1883497,8.435969,5.421670,1.417367,10.127637,81.955017,32.728241
4.1982307,8.360553,5.576096,2.003947,10.247316,78.722664,33.701424
4.2088728,8.045714,5.943606,1.920150,10.185624,79.133827,36.454372
4.2179117,7.533356,6.396110,1.446098,9.987637,81.674950,40.332542
4.2281861,7.040150,6.732495,0.887052,9.781466,84.796867,43.720333
4.2378440,6.659472,6.816292,0.393846,9.537584,87.633347,45.666733
4.2482471,6.518214,6.634333,0.246603,9.303886,88.481178,45.505829
4.2582297,6.612785,6.299145,0.424971,9.142689,87.335815,43.608517
4.2679839,6.775591,5.893328,0.809240,9.016363,84.850639,41.016354
4.2779398,7.082048,5.649119,1.352724,9.159575,81.507256,38.578220
4.2878342,7.293935,5.686229,1.780089,9.418249,79.105324,37.939377
4.2981448,7.394492,5.963956,1.912967,9.690549,78.614723,38.887577
4.3079343,7.426814,6.367379,1.770512,9.941619,79.741417,40.608139
4.3181090,7.133524,6.138733,1.092953,9.474480,83.375748,40.713547
4.3280492,7.346608,6.931214,1.037886,10.153402,84.132942,43.333527
4.3390770,7.456741,7.034164,1.183933,10.319116,83.411835,43.329643
4.3479867,7.592013,6.822278,1.116895,10.267892,83.755264,41.943260
4.3579402,7.540538,6.271611,1.395820,9.906621,81.900208,39.750950
4.3684659,7.849391,6.387730,1.988384,10.313569,78.884171,39.138241
4.3789029,7.843405,6.190208,2.365471,10.268064,76.681046,38.281372
4.3880339,7.826645,6.262034,2.627636,10.362139,75.310509,38.663013
4.3986559,8.097190,6.874950,2.420538,10.894422,77.162811,40.333050
4.4087071,7.979874,7.036559,2.036268,10.832264,79.164970,41.405468
4.4182749,7.450756,7.137115,1.745373,10.464153,80.398453,43.768326
4.4281039,6.977901,7.331046,1.588553,10.244942,81.079880,46.413773
4.4379582,6.709750,7.301118,1.511938,10.030604,81.330620,47.416893
4.4482708,6.527791,6.979098,1.434127,9.663156,81.465096,46.913719
4.4584160,6.676231,6.858191,1.531092,9.692837,80.911423,45.770248
4.4687529,6.763620,6.789956,1.628057,9.721143,80.358902,45.111332
4.4782948,6.770802,6.841431,1.680730,9.771070,80.095245,45.297283
4.4890099,6.704962,6.913258,1.655591,9.771931,80.245720,45.876293
4.4990449,6.678626,6.958747,1.537078,9.766822,80.945290,46.176735
4.5083909,6.621165,6.895301,1.400608,9.661610,81.664673,46.161896
4.5185018,6.569689,6.833052,1.353921,9.575203,81.871208,46.125710
4.5283942,6.533776,6.786365,1.405396,9.524711,81.514877,46.086365
4.5380626,6.557718,6.794744,1.441309,9.552465,81.321869,46.016979
4.5485778,6.621165,6.851008,1.498770,9.644814,81.060211,45.977406
4.5581179,6.692991,6.983886,1.572991,9.800260,80.763794,46.218449
4.5688357,6.787562,7.111976,1.608904,9.961916,80.705711,46.337036
4.5779271,6.831854,7.169437,1.505953,10.017133,81.353500,46.381180
4.5881724,6.744466,7.122750,1.416170,9.910951,81.784920,46.562584
4.5980449,6.596025,7.024588,1.414973,9.739329,81.646248,46.802174
4.6091027,6.500257,6.912060,1.434127,9.596178,81.405075,46.758617
4.6181788,6.483498,6.842628,1.486799,9.542950,81.036758,46.543709
4.6282248,6.563704,6.682217,1.606509,9.503427,80.267685,45.512619
4.6379628,7.066486,7.059304,1.689109,10.130256,80.401726,44.970867
4.6481395,7.223307,6.992266,1.649605,10.187696,80.681564,44.068874
4.6579661,7.350199,7.196970,1.774103,10.438834,80.214958,44.396511
4.6688166,7.151481,6.985084,1.771709,10.152538,79.949913,44.325619
4.6786380,7.101202,7.072472,1.764527,10.176467,80.014854,44.883862
4.6881046,7.052121,7.207744,1.821988,10.247128,79.758087,45.625263
4.6987739,7.010222,7.165846,1.787272,10.182676,79.891029,45.628963
4.7084317,6.967127,7.156269,1.696292,10.130669,80.360916,45.767265
4.7216678,6.882133,7.169437,1.689109,10.080559,80.353958,46.171329
4.7382336,6.785168,7.120356,1.665167,9.975508,80.390884,46.380833
4.7483411,6.822278,7.016208,1.653196,9.924903,80.411522,45.802883
4.7586718,6.878541,6.902483,1.721431,9.895552,79.981850,45.099541
4.7683010,7.054515,7.032968,1.796848,10.122128,79.774841,44.912361
4.7782578,7.131130,7.107188,1.830367,10.233053,79.696159,44.903656
4.7883191,7.084443,7.067683,1.786075,10.165212,79.880333,44.932148
4.7978377,6.879739,7.072472,1.653196,10.004185,80.488213,45.791420
4.8087950,6.671443,7.113173,1.549049,9.874459,80.974487,46.835426
4.8186750,6.502652,7.096414,1.491588,9.740041,81.191078,47.500057
4.8286362,6.540959,7.113173,1.505953,9.780045,81.142227,47.399734
4.8379402,6.653487,7.116765,1.509544,9.858801,81.192429,46.926895
4.8483081,6.734890,7.077260,1.501164,9.884323,81.264496,46.419937
4.8580928,6.750452,7.018602,1.497573,9.852517,81.257210,46.115688
4.8691621,6.689400,6.907272,1.514333,9.734047,81.050102,45.918026
4.8781548,6.494272,6.727707,1.567005,9.481197,80.486786,46.011456
4.8882012,6.545747,6.785168,1.534683,9.551992,80.754425,46.028912
4.8979721,6.657078,6.872556,1.539472,9.691165,80.859665,45.912437
4.9080276,6.708553,6.872556,1.482011,9.717669,81.227768,45.691860
4.9181700,6.839037,6.904878,1.467646,9.828720,81.412354,45.274475
4.9285059,6.861782,6.994660,1.674744,9.940528,80.300758,45.549427
4.9379125,6.914454,7.126341,1.808819,10.092881,79.675827,45.864574
4.9480748,6.909666,7.195773,1.812411,10.139402,79.703087,46.161995
4.9588089,6.836643,7.083246,1.725022,9.994387,80.061028,46.014938
4.9683738,6.742072,6.815095,2.176329,9.830436,77.209496,45.308609
