Keuwl Accelerometer Data File
2019-06-26 17-20-17

Time (s), X (m/s2), Y (m/s2), Z (m/s2), R (m/s2), Theta (deg), Phi (deg)
0.0000000,5.279215,8.391677,1.472434,10.022895,81.552269,57.825947
0.0096250,5.287594,8.391677,1.248576,9.996892,82.825226,57.784977
0.0200790,5.146337,8.186973,1.261744,9.752091,82.566124,57.846504
0.0297660,5.099649,7.946355,1.373075,9.541295,81.725914,57.309292
0.0393300,5.096058,7.821857,1.422156,9.443188,81.338226,56.915146
0.0493740,5.093664,7.851785,1.379060,9.460325,81.617950,57.027439
0.0593490,5.099649,8.021772,1.294066,9.593220,82.247520,57.554817
0.0694200,5.188235,8.225280,1.192312,9.797685,83.010162,57.757622
0.0794360,5.255273,8.257602,1.143231,9.854586,83.338112,57.526657
0.0895790,5.340267,8.190564,1.192312,9.850147,83.047577,56.895557
0.0994900,5.433641,8.099585,1.303643,9.840082,82.386902,56.144146
0.1094380,5.506664,8.074445,1.459266,9.881774,81.507935,55.706532
0.1193380,5.595249,8.142680,1.586159,10.006296,80.879227,55.505066
0.1293810,5.841852,8.397662,1.739388,10.376581,80.350166,55.175510
0.1394160,5.984307,8.610746,1.874660,10.652287,79.863922,55.201424
0.1499510,5.889736,8.561666,1.856703,10.556441,79.869926,55.475163
0.1596390,5.760449,8.476671,1.772906,10.400958,80.185661,55.801342
0.1695010,5.342661,8.018182,1.519121,9.754128,81.040207,56.323753
0.1802800,5.170279,8.319851,1.538275,9.915543,81.075218,58.141575
0.1899190,4.941632,8.330625,1.371878,9.782693,81.938545,59.324062
0.1998990,4.988319,8.334216,1.332373,9.803964,82.189247,59.098007
0.2097970,5.188235,8.385692,1.264138,9.941612,82.694702,58.254883
0.2195660,5.467160,8.604761,1.383849,10.288187,82.269798,57.569572
0.2295290,5.555745,8.694544,1.464054,10.421365,81.924042,57.421741
0.2395410,5.328296,8.334216,1.349133,9.983489,82.233490,57.408089
0.2496930,5.051765,7.935582,1.437718,9.516345,81.310547,57.519302
0.2596610,4.885368,7.832631,1.695095,9.385642,79.594994,58.047386
0.2695240,4.770447,7.842207,1.663970,9.328782,79.725197,58.687679
0.2794510,4.781221,7.912837,1.400608,9.350656,81.385406,58.858116
0.2898780,4.855441,8.066066,1.228225,9.494486,82.567276,58.953781
0.2995170,4.947618,8.198944,1.194707,9.650333,82.888565,58.891296
0.3097420,5.013458,8.254010,1.185130,9.729748,83.003723,58.725643
0.3198750,5.067328,8.267179,1.206678,9.771393,82.906387,58.493980
0.3295850,5.140351,8.252813,1.272518,9.805684,82.543495,58.082855
0.3404570,5.227739,8.220491,1.364695,9.837079,82.025658,57.546089
0.3496630,5.300763,8.200141,1.459266,9.872682,81.500053,57.120430
0.3599300,5.331887,8.176199,1.541866,9.882135,81.023720,56.890705
0.3698680,5.376180,8.139089,1.607706,9.885989,80.640724,56.553711
0.3795820,5.394136,8.115147,1.624466,9.878826,80.535347,56.388020
0.3899140,5.390545,8.097190,1.606509,9.859175,80.622086,56.347092
0.4006620,5.383362,8.121132,1.586159,9.871640,80.753731,56.460270
0.4096400,5.383362,8.182184,1.586159,9.921926,80.801003,56.657600
0.4199720,5.371391,8.227674,1.539472,9.945675,81.095497,56.861713
0.4300000,5.347449,8.304289,1.521515,9.993569,81.242691,57.220966
0.4394750,5.331887,8.347384,1.521515,10.021121,81.266960,57.431618
0.4499650,5.236119,8.298303,1.485602,9.924001,81.390579,57.748615
0.4604430,5.187038,8.249222,1.486799,9.857261,81.324799,57.838680
0.4701610,5.169082,8.197746,1.476025,9.803117,81.340218,57.766556
0.4798130,5.157111,8.189367,1.473631,9.789439,81.342201,57.800045
0.4900570,5.207389,8.218098,1.489193,9.842343,81.297455,57.639652
0.4995080,5.263652,8.283937,1.497573,9.928362,81.324516,57.567936
0.5106710,5.280412,8.289924,1.491588,9.941348,81.370827,57.504189
0.5195390,5.264850,8.273164,1.487996,9.918570,81.371841,57.528271
0.5296310,5.243302,8.251616,1.483208,9.888443,81.373413,57.567013
0.5395440,5.194221,8.255207,1.465251,9.862826,81.456337,57.821678
0.5501720,5.145139,8.240842,1.489193,9.828613,81.285202,58.021557
0.5596510,5.142745,8.230068,1.497573,9.819602,81.227669,57.999863
0.5696190,5.155913,8.252813,1.510741,9.847573,81.175262,58.005077
0.5794350,5.170279,8.270770,1.522712,9.871984,81.126945,57.989399
0.5897630,5.197812,8.277952,1.540669,9.895221,81.042702,57.874863
0.6001160,5.238513,8.258799,1.571793,9.905570,80.869843,57.613255
0.6098140,5.282806,8.242040,1.599327,9.919532,80.721703,57.341812
0.6195379,5.321113,8.244433,1.602918,9.942549,80.722397,57.161037
0.6294350,5.323507,8.224083,1.588553,9.924655,80.789551,57.084732
0.6400130,5.324705,8.207323,1.592144,9.911990,80.756645,57.025509
0.6499800,5.297171,8.190564,1.595735,9.883913,80.709061,57.107605
0.6600209,5.258864,8.185776,1.589750,9.858493,80.720139,57.281715
0.6696920,5.207389,8.197746,1.569399,9.837832,80.820564,57.575390
0.6796700,5.149928,8.238448,1.541866,9.837232,80.982407,57.990124
0.6896530,5.116409,8.306683,1.531092,9.875366,81.080795,58.369469
0.6999280,5.134366,8.360553,1.501164,9.925425,81.300957,58.445168
0.7103420,5.176264,8.365341,1.471237,9.946717,81.494072,58.251812
0.7195130,5.236119,8.312668,1.466449,9.933170,81.510307,57.793324
0.7298670,5.278018,8.251616,1.499967,9.909417,81.293793,57.395618
0.7395989,5.322310,8.196549,1.543063,9.894011,81.027565,57.002907
0.7506240,5.340267,8.173804,1.549049,9.885801,80.984924,56.841843
0.7599970,5.325902,8.164227,1.521515,9.865843,81.128410,56.881737
0.7701390,5.294777,8.163031,1.487996,9.842960,81.305054,57.031395
0.7800040,5.309142,8.165425,1.447295,9.846615,81.547813,56.968163
0.7906300,5.311536,8.154651,1.414973,9.834271,81.727463,56.921768
0.8009909,5.317522,8.160637,1.380257,9.837538,81.934494,56.911484
0.8100600,5.315128,8.125920,1.380257,9.807460,81.909592,56.811481
0.8195330,5.335478,8.095993,1.404199,9.797153,81.759575,56.614037
0.8296770,5.322310,8.081628,1.467646,9.787424,81.375847,56.632336
0.8398979,5.307945,8.115147,1.484405,9.809860,81.296707,56.812153
0.8500739,5.286397,8.141483,1.491588,9.821130,81.264381,57.003681
0.8599530,5.313931,8.212111,1.474828,9.892005,81.425636,57.093719
0.8695940,5.312734,8.257602,1.442507,9.924412,81.642494,57.243790
0.8797240,5.313931,8.250419,1.440112,9.918729,81.651649,57.215221
0.8899550,5.295974,8.192958,1.464054,9.864855,81.465141,57.121143
0.8996900,5.281609,8.131907,1.520318,9.815022,81.089172,56.996593
0.9101490,5.257667,8.119935,1.546654,9.796353,80.916100,57.076897
0.9195740,5.230134,8.142680,1.543063,9.799928,80.940704,57.286919
0.9295329,5.208586,8.189367,1.517924,9.823400,81.110970,57.542900
0.9404460,5.207389,8.291121,1.515530,9.907392,81.200943,57.868378
0.9495650,5.176264,8.283937,1.452083,9.875519,81.544647,58.000568
0.9600490,5.145139,8.257602,1.431733,9.834140,81.628670,58.073830
0.9698660,5.160702,8.225280,1.432930,9.815364,81.605476,57.895035
0.9795050,5.166687,8.202535,1.482011,9.806763,81.308083,57.793617
0.9895960,5.183447,8.203732,1.515530,9.821719,81.123573,57.713661
1.0004840,5.188235,8.257602,1.521515,9.870196,81.132355,57.858932
1.0105389,5.137957,8.300697,1.428141,9.866092,81.677055,58.243366
1.0199291,5.079299,8.344990,1.447295,9.875870,81.573036,58.672611
1.0300039,5.092467,8.382100,1.373075,9.903441,82.030487,58.719616
1.0401030,5.067328,8.380903,1.358709,9.887540,82.101631,58.841671
1.0495909,5.125986,8.404845,1.307234,9.931063,82.436157,58.621628
1.0596670,5.078102,8.438364,1.207875,9.922301,83.007851,58.960999
1.0695750,4.976348,8.060080,1.358709,9.569484,81.837357,58.308533
1.0795779,5.131971,7.967903,1.574188,9.607428,80.569504,57.215202
1.0896560,5.303157,8.018182,1.644817,9.752955,80.290779,56.519691
1.0999271,5.420473,8.134300,1.648408,9.912901,80.427872,56.321609
1.1097080,5.442020,8.252813,1.631648,10.019320,80.627632,56.598583
1.1195840,5.419276,8.325836,1.572991,10.057952,81.002419,56.939949
1.1295359,5.355829,8.335413,1.539472,10.026664,81.167999,57.277668
1.1397059,5.289989,8.330625,1.498770,9.981462,81.364067,57.584248
1.1500870,5.216966,8.281544,1.438915,9.892986,81.636780,57.791088
1.1604720,5.191826,8.232463,1.408988,9.834315,81.762741,57.762302
1.1696820,5.224148,8.245630,1.423353,9.864486,81.703796,57.643055
1.1796689,5.274426,8.291121,1.474828,9.936668,81.464462,57.537373
1.1899790,5.281609,8.325836,1.477222,9.969810,81.479134,57.610435
1.2000660,5.278018,8.331821,1.456872,9.969914,81.597466,57.646679
1.2101179,5.249287,8.303091,1.422156,9.925667,81.762276,57.698566
1.2200969,5.203797,8.239645,1.374272,9.841742,81.973152,57.725296
1.2296540,5.179855,8.192958,1.386243,9.791687,81.861099,57.697590
1.2395689,5.169082,8.225280,1.406593,9.815964,81.761353,57.853168
1.2496569,5.167884,8.301894,1.386243,9.876748,81.931656,58.097958
1.2604920,5.173870,8.367735,1.353921,9.930812,82.164154,58.271004
1.2696980,5.160702,8.377312,1.376666,9.935160,82.035179,58.365555
1.2799860,5.134366,8.339005,1.394622,9.891697,81.894913,58.379192
1.2897240,5.096058,8.293514,1.414973,9.836378,81.729248,58.430813
1.3000931,5.111620,8.267179,1.407791,9.821240,81.758751,58.271378
1.3099850,5.122395,8.243237,1.413776,9.807581,81.711861,58.142944
1.3195549,5.131971,8.221688,1.446098,9.799209,81.513702,58.027622
1.3297259,5.133168,8.209718,1.452083,9.790681,81.470833,57.984104
1.3405499,5.122395,8.212111,1.458069,9.787934,81.432991,58.045696
1.3499640,5.097255,8.231265,1.446098,9.789124,81.504890,58.231915
1.3599039,5.076905,8.240842,1.410185,9.781363,81.710747,58.364178
1.3696550,5.099649,8.288726,1.383849,9.829773,81.906937,58.398041
1.3802760,5.128380,8.341399,1.359907,9.885776,82.093208,58.416363
1.3903450,5.164293,8.348581,1.347936,9.908868,82.181625,58.259754
1.3995739,5.197812,8.344990,1.381454,9.927967,82.001465,58.082619
1.4096889,5.237316,8.294712,1.426944,9.913016,81.723717,57.731514
1.4195199,5.275623,8.220491,1.461660,9.876493,81.489319,57.309074
1.4296180,5.299565,8.173804,1.513135,9.858298,81.170853,57.042252
1.4399540,5.337873,8.227674,1.498770,9.921382,81.311371,57.025681
1.4494890,5.310339,8.275558,1.417367,9.934461,81.797516,57.312134
1.4609109,5.262455,8.321048,1.371878,9.940590,82.067429,57.689632
1.4709070,5.232528,8.384495,1.370680,9.977869,82.104195,58.032871
1.4796439,5.213374,8.398860,1.367089,9.979431,82.126251,58.171131
1.4895530,5.193024,8.372523,1.340753,9.943050,82.250443,58.190910
1.4995840,5.179855,8.281544,1.385046,9.865760,81.929634,57.975266
1.5103210,5.222951,8.242040,1.467646,9.867341,81.446220,57.637711
1.5195990,5.264850,8.224083,1.516727,9.882036,81.171158,57.373657
1.5296170,5.279215,8.259995,1.534683,9.922343,81.102371,57.416115
1.5402910,5.256470,8.301894,1.520318,9.943003,81.204788,57.659435
1.5499519,5.207389,8.322245,1.473631,9.927147,81.463203,57.964993
1.5623889,5.158308,8.305486,1.434127,9.881597,81.655128,58.156727
1.5707150,5.104438,8.295909,1.389834,9.839158,81.879501,58.396191
1.5796180,5.116409,8.267179,1.377863,9.819490,81.933685,58.247375
1.5899310,5.103241,8.258799,1.380257,9.805913,81.908310,58.287430
1.6011250,5.136760,8.252813,1.417367,9.823653,81.704346,58.100822
1.6097670,5.163096,8.255207,1.448492,9.843990,81.538498,57.976696
1.6195470,5.185841,8.252813,1.434127,9.851832,81.629738,57.855873
1.6300238,5.221754,8.313866,1.423353,9.920333,81.750824,57.867985
1.6399390,5.236119,8.336611,1.383849,9.941381,81.998398,57.867592
1.6497780,5.196615,8.331821,1.351527,9.912148,82.163277,58.047924
1.6602509,5.157111,8.301894,1.314417,9.861284,82.340210,58.151577
1.6696730,5.133168,8.280347,1.321599,9.831592,82.274704,58.204319
1.6795419,5.140351,8.268375,1.343147,9.828189,82.145218,58.131275
1.6896451,5.154716,8.270770,1.368286,9.841187,82.007889,58.066978
1.6995749,5.213374,8.262390,1.408988,9.870745,81.793350,57.749039
1.7100960,5.286397,8.254010,1.472434,9.911748,81.456841,57.361897
1.7194350,5.304354,8.257602,1.507150,9.929535,81.269646,57.284931
1.7301390,5.284003,8.249222,1.486799,9.908628,81.370117,57.358582
1.7395519,5.278018,8.256405,1.446098,9.905397,81.605339,57.410709
1.7495660,5.242105,8.269572,1.406593,9.891612,81.824791,57.629276
1.7600850,5.218163,8.279149,1.377863,9.882916,81.985794,57.777687
1.7695669,5.193024,8.291121,1.371878,9.878878,82.017548,57.939621
1.7796359,5.197812,8.268375,1.363498,9.861156,82.052277,57.844986
1.7897840,5.173870,8.249222,1.414973,9.839753,81.732109,57.904270
1.8002659,5.166687,8.252813,1.485602,9.849396,81.324867,57.951309
1.8101540,5.202600,8.307879,1.510741,9.918178,81.238579,57.944180
1.8195590,5.219360,8.321048,1.528698,9.940748,81.153900,57.902092
1.8301179,5.244499,8.327033,1.521515,9.957874,81.211052,57.796619
1.8394899,5.222951,8.306683,1.465251,9.921046,81.506844,57.839756
1.8495759,5.220557,8.282741,1.428141,9.894321,81.700966,57.777042
1.8596109,5.169082,8.249222,1.417367,9.837581,81.716179,57.928146
1.8701309,5.137957,8.267179,1.437718,9.839302,81.597862,58.139523
1.8799380,5.110424,8.277952,1.401805,9.828834,81.800415,58.310741
1.8902900,5.097255,8.281544,1.376666,9.821465,81.942368,58.387878
1.8996049,5.139154,8.285135,1.376666,9.846297,81.962822,58.189251
1.9096149,5.165490,8.275558,1.375469,9.851856,81.974419,58.028156
1.9194530,5.177461,8.213309,1.393425,9.808475,81.832733,57.773712
1.9305379,5.199009,8.179790,1.449689,9.800014,81.493172,57.560287
1.9395210,5.231331,8.252813,1.432930,9.875679,81.657112,57.630020
1.9504429,5.230134,8.274361,1.393425,9.887415,81.898384,57.703465
1.9603959,5.210980,8.232463,1.359907,9.837535,82.054184,57.667030
1.9696590,5.181053,8.188169,1.401805,9.790530,81.768120,57.676476
1.9794819,5.207389,8.176199,1.441309,9.800229,81.542892,57.507103
1.9901209,5.236119,8.207323,1.454478,9.843404,81.502769,57.462883
2.0001600,5.264850,8.250419,1.443704,9.893044,81.608795,57.456783
2.0096478,5.275623,8.255207,1.425747,9.900171,81.719910,57.418732
2.0195279,5.236119,8.240842,1.401805,9.863746,81.829636,57.568676
2.0296359,5.199009,8.200141,1.371878,9.805818,81.957680,57.624706
2.0395100,5.177461,8.210915,1.406593,9.808351,81.754913,57.766174
2.0498118,5.178658,8.244433,1.423353,9.839467,81.682556,57.865425
2.0596600,5.200206,8.291121,1.416170,9.888901,81.766472,57.903988
2.0699761,5.218163,8.339005,1.413776,9.938157,81.821510,57.963577
2.0796309,5.234922,8.350976,1.410185,9.956497,81.857552,57.917904
2.0898168,5.212177,8.286332,1.410185,9.890334,81.802711,57.829739
2.0999250,5.193024,8.228871,1.419762,9.833491,81.698608,57.745056
2.1096270,5.178658,8.203732,1.408988,9.803314,81.736511,57.737572
2.1194460,5.179855,8.197746,1.387440,9.795863,81.857513,57.712711
2.1294489,5.209783,8.204929,1.377863,9.816375,81.931107,57.586178
2.1395228,5.261258,8.259995,1.387440,9.891074,81.936417,57.504635
2.1505139,5.257667,8.264784,1.404199,9.895530,81.842056,57.537399
2.1596160,5.244499,8.261193,1.416170,9.887245,81.765083,57.591167
2.1698689,5.227739,8.261193,1.434127,9.880956,81.654587,57.674091
2.1796558,5.199009,8.286332,1.430536,9.886325,81.680183,57.895023
2.1897249,5.147533,8.292317,1.430536,9.864384,81.661545,58.169674
2.1995029,5.121197,8.311471,1.385046,9.860302,81.925140,58.360279
2.2108018,5.118803,8.317456,1.370680,9.862098,82.010902,58.390656
2.2196069,5.137957,8.328231,1.329979,9.875569,82.260254,58.328213
2.2301760,5.151125,8.321048,1.337162,9.877344,82.219597,58.240520
2.2395220,5.159505,8.293514,1.368286,9.862813,82.025528,58.113712
2.2498560,5.200206,8.276755,1.412579,9.876346,81.776985,57.859245
2.2600639,5.232528,8.285135,1.468843,9.908598,81.475098,57.725292
2.2695439,5.263652,8.297106,1.489193,9.938093,81.381943,57.609116
2.2796841,5.254076,8.274361,1.491588,9.914392,81.347183,57.585159
2.2898550,5.256470,8.250419,1.482011,9.894253,81.385529,57.498158
2.2995698,5.260061,8.252813,1.459266,9.894777,81.519173,57.487957
2.3100269,5.248090,8.246828,1.401805,9.875104,81.839104,57.528271
2.3194218,5.234922,8.208521,1.379060,9.832906,81.937714,57.472614
2.3295350,5.248090,8.222886,1.388637,9.853254,81.898232,57.452770
2.3400629,5.246893,8.269572,1.400608,9.893301,81.861214,57.605618
2.3502798,5.228937,8.299500,1.383849,9.906488,81.970024,57.787830
2.3600240,5.250484,8.309077,1.346738,9.920789,82.198059,57.711315
2.3696649,5.310339,8.303091,1.367089,9.950375,82.103111,57.398575
2.3794858,5.313931,8.279149,1.416170,9.939200,81.808426,57.305828
2.3903599,5.293580,8.268375,1.397017,9.916636,81.901459,57.371811
2.3995330,5.251681,8.243237,1.397017,9.873336,81.865700,57.499207
2.4095690,5.224148,8.212111,1.381454,9.830509,81.921646,57.537453
2.4206138,5.262455,8.216900,1.411382,9.859152,81.769577,57.362755
2.4302850,5.267244,8.255207,1.431733,9.896573,81.681854,57.460045
2.4394870,5.244499,8.264784,1.403002,9.888369,81.843117,57.602436
2.4505279,5.240908,8.271967,1.418565,9.894690,81.757317,57.642693
2.4594889,5.262455,8.321048,1.508347,9.960340,81.289886,57.689632
2.4699869,5.222951,8.341399,1.513135,9.957295,81.259331,57.947342
2.4796858,5.181053,8.334216,1.462857,9.921816,81.521492,58.132416
2.4896529,5.136760,8.319851,1.417367,9.880038,81.752022,58.308399
2.4996657,5.155913,8.325836,1.456872,9.900781,81.538361,58.231445
2.5096629,5.195418,8.285135,1.456872,9.887280,81.526726,57.909122
2.5196218,5.206192,8.234857,1.477222,9.853908,81.378151,57.698353
2.5296261,5.236119,8.250419,1.492785,9.885077,81.314308,57.598789
2.5395169,5.268441,8.283937,1.503559,9.931807,81.292618,57.544346
2.5496807,5.213374,8.297106,1.508347,9.914451,81.249252,57.857357
2.5596590,5.121197,8.240842,1.435324,9.808073,81.585052,58.141487
2.5695658,5.120000,8.179790,1.338359,9.742412,82.104050,57.956196
2.5795257,5.131971,8.159439,1.303643,9.726925,82.297806,57.831696
2.5895109,5.124789,8.149862,1.370680,9.724324,81.896957,57.837536
2.5999680,5.079299,8.127118,1.385046,9.683372,81.776588,57.995377
2.6095669,5.092467,8.154651,1.368286,9.711012,81.900047,58.015793
2.6196840,5.147533,8.225280,1.356315,9.797546,82.042755,57.960899
2.6298790,5.231331,8.293514,1.370680,9.900908,82.042419,57.757347
2.6396658,5.263652,8.316259,1.388637,9.939544,81.969032,57.668846
2.6501398,5.262455,8.297106,1.411382,9.926097,81.825462,57.615005
2.6595728,5.255273,8.261193,1.444901,9.897118,81.605270,57.537941
2.6698501,5.236119,8.256405,1.486799,9.889173,81.353012,57.617588
2.6804879,5.239710,8.252813,1.523909,9.893724,81.139580,57.588539
2.6899769,5.263652,8.215703,1.515530,9.874241,81.171165,57.353046
2.6997230,5.254076,8.184579,1.522712,9.844354,81.101837,57.301640
2.7096970,5.251681,8.170214,1.551443,9.835626,80.924431,57.267746
2.7195048,5.245696,8.213309,1.535880,9.865835,81.043953,57.434345
2.7297709,5.230134,8.245630,1.485602,9.876828,81.349144,57.613388
2.7397339,5.196615,8.257602,1.453280,9.864321,81.527946,57.817265
2.7500999,5.185841,8.268375,1.418565,9.862622,81.730331,57.904480
2.7595451,5.173870,8.276755,1.425747,9.864399,81.689667,57.990147
2.7699530,5.146337,8.269572,1.436521,9.845516,81.610245,58.105087
2.7796850,5.148731,8.245630,1.449689,9.828604,81.518105,58.018551
2.7895138,5.139154,8.245630,1.491588,9.829861,81.272194,58.066452
2.7995720,5.146337,8.262390,1.538275,9.854855,81.019806,58.082752
2.8098989,5.149928,8.311471,1.544260,9.898841,81.024963,58.216946
2.8195157,5.146337,8.339005,1.539472,9.919362,81.071678,58.319588
2.8294809,5.114015,8.362947,1.525106,9.920583,81.156761,58.553852
2.8395510,5.075707,8.358158,1.497573,9.892640,81.292946,58.730701
2.8495858,5.049371,8.325836,1.456872,9.845718,81.490692,58.764439
2.8595209,5.030218,8.274361,1.416170,9.786402,81.679634,58.703400
2.8695390,5.024232,8.255207,1.452083,9.772405,81.454765,58.674732
2.8795698,5.036203,8.295909,1.485602,9.817966,81.296883,58.739288
2.8900039,5.155913,8.360553,1.504756,9.937131,81.290337,58.338062
2.8995728,5.155913,8.390480,1.552640,9.969668,81.040497,58.429455
2.9094620,5.155913,8.362947,1.565808,9.948571,80.944550,58.345390
2.9204490,5.112818,8.365341,1.575385,9.929838,80.871361,58.567120
2.9299030,5.076905,8.352173,1.559822,9.897818,80.932816,58.706490
2.9394929,5.037400,8.298303,1.541866,9.829271,80.975037,58.740582
2.9496129,5.024232,8.237251,1.534683,9.769876,80.962364,58.619297
2.9594738,5.086482,8.222886,1.549049,9.792226,80.898048,58.260052
2.9698889,5.137957,8.228871,1.586159,9.829996,80.714211,58.020100
2.9794290,5.170279,8.263587,1.601721,9.878469,80.668716,57.967018
2.9893911,5.182250,8.288726,1.600524,9.905573,80.701492,57.985691
2.9993889,5.179855,8.324639,1.572991,9.929996,80.885498,58.108814
3.0098879,5.142745,8.324639,1.535880,9.904867,81.079536,58.293308
3.0193689,5.104438,8.294712,1.502362,9.854675,81.230972,58.392498
3.0294399,5.079299,8.245630,1.480814,9.797066,81.306496,58.366978
3.0395508,5.106832,8.230068,1.529895,9.805832,81.024109,58.180023
3.0508859,5.158308,8.231265,1.572991,9.840536,80.801926,57.925758
3.0604620,5.190629,8.232463,1.586159,9.860628,80.743309,57.768261
3.0698438,5.208586,8.257602,1.584962,9.890877,80.778893,57.757809
3.0802369,5.218163,8.295909,1.601721,9.930601,80.718140,57.829929
3.0904989,5.191826,8.312668,1.556231,9.923576,80.977539,58.012417
3.0995219,5.165490,8.321048,1.507150,9.909269,81.251648,58.169064
3.1095700,5.118803,8.303091,1.438915,9.859714,81.608353,58.346432
3.1199529,5.092467,8.282741,1.419762,9.826125,81.692345,58.415607
3.1294651,5.056554,8.279149,1.424550,9.805223,81.646225,58.585182
3.1395059,5.037400,8.279149,1.426944,9.795707,81.623901,58.681820
3.1497579,5.038598,8.273164,1.467646,9.797279,81.384583,58.657368
3.1596851,5.067328,8.289924,1.507150,9.832199,81.182526,58.564075
3.1697018,5.099649,8.305486,1.537078,9.866617,81.037636,58.449669
3.1794391,5.108029,8.297106,1.529895,9.862783,81.076363,58.381889
3.1895468,5.106832,8.286332,1.535880,9.854033,81.033142,58.354645
3.1994181,5.085284,8.277952,1.549049,9.837893,80.940659,58.436901
3.2101250,5.064934,8.277952,1.569399,9.830619,80.813766,58.539276
3.2194929,5.051765,8.293514,1.543063,9.832789,80.971230,58.653469
3.2304587,5.060145,8.333019,1.547851,9.871177,80.978493,58.732189
3.2424161,5.050569,8.348581,1.557428,9.880922,80.931236,58.827686
3.2599730,5.039794,8.334216,1.562217,9.864037,80.887413,58.838173
3.2701249,5.026627,8.307879,1.590947,9.839662,80.695160,58.824245
3.2803597,5.036203,8.304289,1.569399,9.838067,80.820786,58.764942
3.2896781,5.058948,8.330625,1.545457,9.868166,80.989792,58.730900
3.3002298,5.061342,8.372523,1.517924,9.900526,81.180771,58.846275
3.3104770,5.070919,8.386889,1.520318,9.917937,81.182381,58.841812
3.3201210,5.079299,8.380903,1.552640,9.922173,80.997253,58.781780
3.3296759,5.117606,8.366538,1.555034,9.930105,80.990517,58.546898
3.3399439,5.131971,8.336611,1.564611,9.913839,80.919563,58.383778
3.3500140,5.142745,8.312668,1.611298,9.906794,80.639503,58.256432
3.3597119,5.133168,8.262390,1.593341,9.856736,80.697319,58.148590
3.3696680,5.127183,8.180987,1.565808,9.781017,80.788086,57.923832
3.3795998,5.130774,8.146272,1.565808,9.753888,80.762245,57.796009
3.3900840,5.179855,8.192958,1.532289,9.813428,81.016960,57.697590
3.3998971,5.202600,8.230068,1.487996,9.849629,81.310982,57.701157
3.4100339,5.244499,8.232463,1.461660,9.869886,81.483574,57.500786
3.4195449,5.317522,8.222886,1.487996,9.904849,81.359795,57.110325
3.4301398,5.365406,8.243237,1.546654,9.956439,81.063362,56.940464
3.4396839,5.378574,8.246828,1.574188,9.970822,80.916168,56.887646
3.4499249,5.354632,8.203732,1.513135,9.912764,81.219749,56.867241
3.4596410,5.321113,8.116343,1.417367,9.808068,81.691071,56.750961
3.4698799,5.339070,8.043321,1.361104,9.749527,81.974884,56.424221
3.4795280,5.376180,8.043321,1.395820,9.774796,81.790222,56.241116
3.4899509,5.383362,8.075643,1.397017,9.805521,81.809059,56.311893
3.4996741,5.434838,8.131907,1.397017,9.880133,81.871330,56.243809
3.5096288,5.516241,8.203732,1.399411,9.984412,81.942917,56.082870
3.5202129,5.538986,8.195353,1.404199,9.990793,81.920364,55.946453
3.5304067,5.600038,8.177396,1.462857,10.018492,81.603897,55.595909
3.5395648,5.670667,8.121132,1.553837,10.026148,81.084450,55.074921
3.5499640,5.719748,8.030152,1.659182,9.997587,80.447098,54.538342
3.5605929,5.781997,8.034941,1.768118,10.055745,79.872940,54.260956
3.5700390,5.799953,8.055291,1.787272,10.085709,79.792809,54.245441
3.5804248,5.816713,7.999028,1.695095,10.034537,80.274612,53.976196
3.5897069,5.937620,8.030152,1.772906,10.143070,79.933571,53.520199
3.5995798,6.102820,8.022970,1.783680,10.236893,79.965546,52.740898
3.6098678,6.296751,8.054094,1.881842,10.395135,79.570175,51.981441
3.6202481,6.397307,8.152257,2.145205,10.582378,78.304245,51.877716
3.6295359,6.327875,8.152257,2.160767,10.543729,78.174370,52.180977
3.6395240,6.208165,7.741651,1.651999,10.059999,80.548386,51.273266
3.6497238,6.181829,7.547721,1.590947,9.885050,80.738266,50.681408
3.6597219,6.131551,7.411252,1.782483,9.782628,79.501541,50.398026
3.6745238,6.795941,7.126341,1.750161,10.001631,79.922066,46.359474
3.6900449,7.437588,7.041347,1.677138,10.378394,80.700279,43.432396
3.6999018,8.080431,6.986280,1.938106,10.856230,79.716156,40.846451
3.7103729,8.827422,6.829460,2.037466,11.345315,79.654327,37.727837
3.7204490,9.627085,6.603208,1.764527,11.806637,81.404823,34.446190
3.7302089,10.286688,6.098032,0.919373,11.993631,85.603668,30.659803
3.7397349,10.606314,5.193024,-0.244209,11.811901,91.184662,26.087122
3.7496510,10.985794,4.436456,-1.526304,11.945686,97.340767,21.990614
3.7597430,12.304999,3.637990,-3.353080,13.262395,104.644806,16.470385
3.7695510,14.438233,3.299210,-3.860650,15.305293,104.610268,12.871389
3.7800159,15.190013,2.244564,-2.515109,15.559574,99.302322,8.405530
3.7950211,14.426262,-0.015562,-2.748544,14.685767,100.786911,359.938202
3.8100338,13.798982,-1.680730,-2.914941,14.203297,101.842957,353.055511
3.8196478,14.034810,-0.494403,-3.064578,14.374002,102.310112,357.982483
3.8305531,13.329718,1.902193,-4.070143,14.066476,106.819077,8.121458
3.8395350,11.919533,5.108029,-4.170700,13.622112,107.828644,23.197203
3.8505299,10.709264,8.983045,-4.145560,14.579749,106.519211,39.990284
3.8600209,9.396045,14.956578,-1.045069,17.693983,93.386063,57.862076
3.8702729,10.627861,21.777658,-1.716643,24.293304,94.052078,63.986851
3.8796878,9.680955,21.680693,-6.592434,24.642109,105.517174,65.938080
3.8902709,7.511808,15.563508,-7.084443,18.677242,112.290878,64.235481
3.9003589,4.896142,11.233594,-1.328782,12.326050,96.188667,66.450104
3.9095788,2.870648,8.437167,3.994725,9.766485,65.856468,71.209724
3.9196610,2.240973,6.573281,6.076484,9.227872,48.815002,71.174652
3.9296799,2.328361,4.859032,6.882133,8.740436,38.057716,64.397095
3.9395230,2.852691,3.670311,6.799533,8.236667,34.358757,52.144428
3.9510357,3.531447,3.119645,6.612785,8.119866,35.472340,41.457054
3.9610689,4.222175,2.749741,6.111200,7.920517,39.505302,33.074657
3.9699357,4.929661,2.403779,5.398925,7.695980,45.450489,25.994574
3.9794810,5.604826,2.073379,4.754885,7.636878,51.492172,20.300814
3.9907219,6.252458,1.817199,4.279635,7.791708,56.684074,16.205851
3.9996090,6.909666,1.655591,3.799598,8.057383,61.863918,13.474332
4.0094256,7.530962,1.642422,3.113659,8.313110,68.003616,12.302958
4.0200648,8.195353,1.965640,2.352303,8.749907,74.404900,13.487502
4.0303941,8.832211,2.483984,1.414973,9.283333,81.232758,15.708187
4.0395608,9.330204,3.075352,0.462081,9.834837,87.307014,18.242867
4.0507598,9.657013,3.603274,-0.505177,10.319723,92.805893,20.461805
4.0604568,9.886856,4.072537,-1.278504,10.768939,96.818314,22.387461
4.0700397,9.935937,4.461595,-1.786075,11.037152,99.312775,24.181805
4.0804930,9.786300,4.680665,-2.006341,11.032030,100.478416,25.561205
4.0902948,9.507375,4.780024,-1.981202,10.824230,100.546532,26.691881
4.0999637,9.170990,4.739322,-2.026692,10.520252,101.107285,27.328711
4.1096420,8.863335,4.586093,-2.282871,10.237308,102.885025,27.358086
4.1195230,8.537724,4.325125,-2.383428,9.863070,103.984047,26.866318
4.1299672,8.075643,4.165911,-2.193089,9.347752,103.568718,27.287455
4.1396036,7.790732,4.261679,-1.999158,9.102421,102.687263,28.679501
4.1496267,7.838616,4.662708,-1.850718,9.306444,101.470543,30.745796
4.1600108,8.176199,5.378574,-1.723825,9.937346,99.989594,33.338242
4.1702347,8.773552,6.180632,-1.793257,10.880772,99.486183,35.163231
4.1797409,9.460688,6.550536,-2.038663,11.686328,100.046570,34.698547
4.1898837,9.861717,6.319495,-1.831564,11.855130,98.887535,32.652191
4.1999846,10.111911,5.968745,-1.383849,11.823354,96.721512,30.552025
4.2096486,10.022128,5.743690,-0.975637,11.592450,94.827805,29.817059
4.2200689,9.678560,5.681441,-0.484826,11.233359,92.473625,30.413488
4.2297640,9.204509,5.546168,-0.488417,10.757394,92.602287,31.071026
4.2395101,8.832211,5.467160,-0.754174,10.414728,94.152657,31.757607
4.2508116,8.562862,5.471948,-1.055843,10.216635,95.931854,32.579903
4.2597218,8.231265,5.396531,-1.474828,9.952456,98.521896,33.249401
4.2697439,7.875727,5.212177,-1.780089,9.610545,100.674103,33.496700
4.2796650,7.530962,4.987122,-1.792060,9.208596,101.221786,33.513157
4.2900357,7.466318,5.035006,-1.479617,9.126142,99.330521,33.994255
4.2999249,7.793127,5.516241,-1.108515,9.612000,96.622437,35.292160
4.3102236,8.501810,6.174646,-0.785298,10.536779,94.274178,35.989941
4.3219180,9.399636,6.694188,-0.489614,11.550110,92.429520,35.457527
4.3304019,10.129868,6.994660,-0.299275,12.313775,91.392662,34.625031
4.3395848,10.469844,7.066486,-0.189142,12.632839,90.857880,34.016876
4.3497777,10.253169,6.874950,-0.120907,12.345325,90.561150,33.842625
4.3599200,9.588778,6.600814,-0.049081,11.641212,90.241570,34.543114
4.3696818,8.792706,6.453571,0.013168,10.906898,89.930824,36.277504
4.3799195,7.520187,6.827066,0.089783,10.157269,89.493546,42.234169
4.3897977,7.298724,7.268796,0.027533,10.300851,89.846855,44.882294
4.3996420,7.213730,7.612364,-0.146046,10.488438,90.797844,46.540161
4.4096532,7.204153,7.619547,-0.280122,10.489795,91.530220,46.605137
4.4200339,7.323863,7.339425,-0.288501,10.372530,91.593826,45.060806
4.4305906,7.534553,7.050924,-0.037110,10.319224,90.206047,43.100868
4.4405160,7.583634,6.831854,0.228646,10.209702,88.716751,42.014683
4.4502535,7.395689,6.822278,0.531513,10.075822,86.976166,42.690510
4.4596686,7.049727,6.943185,0.597353,9.912785,86.545212,44.563759
4.4697285,6.636727,7.147889,0.486023,9.765997,87.147392,47.123672
4.4801078,6.353014,7.368156,0.355539,9.735344,87.907066,49.231243
4.4904189,6.185420,7.607576,0.295684,9.809284,88.272659,50.886799
4.4997120,6.126762,7.831434,0.324414,9.948559,88.131302,51.962879
4.5105748,6.101623,7.948750,0.359130,10.027034,87.947441,52.489418
4.5196681,6.129156,8.009802,0.392649,10.093446,87.770554,52.576530
4.5306687,6.127959,8.052897,0.407014,10.127522,87.696724,52.730198
4.5406947,5.926847,8.067263,0.342371,10.016259,88.041161,53.696068
4.5503316,5.668272,8.101978,0.225055,9.890501,88.696144,55.022755
4.5595260,5.524621,8.185776,0.183156,9.877343,88.937500,55.984394
4.5696049,5.378574,8.246828,0.101754,9.846297,89.407883,56.887646
4.5799699,5.185841,8.257602,0.063446,9.751152,89.627197,57.870846
4.5896716,5.046977,8.220491,0.100556,9.646687,89.402740,58.452122
4.5994973,4.990714,8.177396,0.158017,9.581336,89.055023,58.604034
4.6095686,4.977545,8.142680,0.239420,9.546544,88.562912,58.562943
4.6196847,5.012261,8.104373,0.365116,9.536086,87.805733,58.264709
4.6298785,5.104438,8.117541,0.451307,9.599658,87.305374,57.837669
4.6395998,5.203797,8.149862,0.523133,9.683668,86.903252,57.441219
4.6497636,5.285200,8.222886,0.571017,9.791591,86.656776,57.269413
4.6595092,5.291186,8.287529,0.579397,9.849644,86.627678,57.443741
4.6700587,5.225345,8.331821,0.542287,9.849749,86.843933,57.905907
4.6805840,5.177461,8.348581,0.488417,9.835825,87.153694,58.194439
4.6898508,5.183447,8.348581,0.427365,9.836136,87.509804,58.164780
4.6994977,5.210980,8.327033,0.418985,9.832057,87.557648,57.962051
4.7098436,5.264850,8.275558,0.444124,9.818389,87.407402,57.535782
4.7200708,5.371391,8.206126,0.496797,9.820344,87.100250,56.792900
4.7300448,5.506664,8.127118,0.531513,9.831373,86.900909,55.879745
4.7399139,5.606023,8.076839,0.553061,9.847269,86.780357,55.236015
4.7498751,5.669470,8.079233,0.493206,9.882315,87.139297,54.941368
4.7596526,5.667076,8.133103,0.515950,9.926193,87.020500,55.131550
4.7699890,5.638345,8.195353,0.396240,9.955488,87.718956,55.472301
4.7796378,5.578490,8.208521,0.300472,9.929232,88.265884,55.800076
4.7901268,5.515044,8.179790,0.250194,9.868499,88.547234,56.011047
4.7995181,5.475539,8.153454,0.207098,9.823606,88.792015,56.116241
4.8098612,5.527015,8.151060,0.193930,9.850141,88.871880,55.859859
4.8196239,5.584476,8.127118,0.191536,9.862713,88.887230,55.505451
4.8304458,5.664681,8.098388,0.231040,9.885640,88.660797,55.027882
4.8410730,5.671864,8.072051,0.228646,9.868147,88.672333,54.906025
4.8501568,5.629965,8.063671,0.214281,9.836931,88.751808,55.077682
4.8596749,5.629965,8.070854,0.214281,9.842820,88.752556,55.101627
4.8700309,5.643134,8.090008,0.160412,9.865035,89.068291,55.102543
4.8795118,5.651513,8.080431,0.136469,9.861622,89.207092,55.030777
4.8894520,5.665878,8.069656,0.116119,9.860782,89.325279,54.926487
4.8995557,5.719748,8.066066,0.040701,9.888306,89.764160,54.659069
4.9095187,5.783194,8.070854,0.237026,9.931778,88.632484,54.376400
4.9194031,5.858612,8.007407,0.232238,9.924506,88.659134,53.808968
4.9298148,5.925649,7.978677,0.237026,9.941267,88.633789,53.399258
4.9399166,5.889736,7.964312,0.241814,9.908468,88.601570,53.516483
4.9495277,5.828684,7.946355,0.211887,9.857130,88.768288,53.739803
4.9594259,5.843049,7.960721,0.167594,9.876355,89.027687,53.721893
4.9696136,5.888539,7.983466,0.134075,9.921119,89.225677,53.587814
4.9795671,5.934029,7.989451,0.096965,9.952559,89.441772,53.397507
4.9894900,5.955577,7.989451,0.118513,9.965654,89.318611,53.298046
4.9993691,5.974730,8.012196,0.132878,9.995516,89.238297,53.287937
5.0095696,6.005855,8.042124,0.084994,10.037593,89.514839,53.247639
5.0195217,5.984307,8.046912,0.063446,10.028398,89.637505,53.362652
5.0296559,5.974730,8.001422,0.041899,9.986086,89.759605,53.250988
5.0395699,5.941212,7.967903,-0.039504,9.939167,90.227730,53.290203
5.0494280,5.916072,7.949947,-0.189142,9.911475,91.093452,53.344669
5.0595050,5.938818,7.961918,-0.046687,9.932969,90.269302,53.280636
5.0698709,6.032191,7.947553,-0.107739,9.978103,90.618668,52.801510
5.0813532,6.089652,7.891289,-0.080206,9.968085,90.461021,52.342884
5.0895829,6.053739,7.788338,-0.039504,9.864458,90.229454,52.142700
5.1010633,5.980716,7.714118,0.004788,9.760974,89.971893,52.213764
5.1095147,5.912481,7.691373,-0.044293,9.701372,90.261589,52.449944
5.1201572,5.905299,7.698555,-0.082600,9.702944,90.487755,52.509418
5.1300359,5.881356,7.726089,-0.094571,9.710394,90.558022,52.720402
5.1399102,5.827487,7.775170,-0.110133,9.717253,90.649391,53.148457
5.1499028,5.811924,7.791929,-0.226252,9.723365,91.333328,53.281101
5.1606388,5.877765,7.867347,-0.231040,9.823271,91.347702,53.236263
5.1701088,5.954380,7.898471,-0.148441,9.892549,90.859772,52.988644
5.1795516,6.001067,7.850587,-0.100556,9.882036,90.583031,52.605347
5.1900907,5.950788,7.766790,0.014365,9.784432,89.915878,52.541252
5.1995449,5.865794,7.763199,0.038307,9.730173,89.774429,52.925678
5.2096767,5.814319,7.824251,0.017957,9.748104,89.894455,53.383404
5.2201848,5.834670,7.909245,-0.003591,9.828506,90.020935,53.583714
5.2299151,5.851429,7.993042,-0.044293,9.906054,90.256187,53.793438
5.2396545,5.898116,8.069656,-0.074220,9.995631,90.425438,53.836910
5.2500758,5.947197,8.121132,-0.102951,10.066406,90.585983,53.784260
5.2603507,5.935226,8.098388,-0.051475,10.040589,90.293739,53.762691
5.2703390,5.892130,8.043321,0.023942,9.970595,89.862419,53.775379
5.2804580,5.841852,7.953538,-0.001197,9.868435,90.006950,53.702816
5.2895546,5.813122,7.892486,-0.002394,9.802231,90.013992,53.626915
5.2996268,5.804742,7.915231,0.058658,9.815770,89.657608,53.745033
5.3098397,5.844246,7.966706,0.038307,9.880541,89.777863,53.736832
5.3202949,5.925649,8.042124,-0.009577,9.989453,90.054932,53.616230
5.3298454,5.940014,8.051701,-0.015562,10.005693,90.089111,53.582539
5.3395438,5.954380,7.975086,0.001197,9.952720,89.993111,53.254147
5.3498750,6.036980,7.861362,0.125696,9.912715,89.273453,52.478241
5.3596878,6.108806,7.767987,0.205901,9.884408,88.806389,51.818214
5.3708925,6.132748,7.688979,0.246603,9.838283,88.563698,51.424057
5.3795967,6.059724,7.717709,0.180762,9.814070,88.944626,51.862011
5.3899846,5.991490,7.794323,0.113725,9.831702,89.337234,52.450550
5.3995500,5.975927,7.908048,0.039504,9.912139,89.771652,52.922508
5.4098129,5.991490,8.006210,-0.007183,9.999870,90.041153,53.190460
5.4199877,6.003461,8.028955,-0.068235,10.025484,90.389969,53.213570
5.4306464,6.005855,8.002619,-0.070629,10.005857,90.404442,53.112278
5.4403996,6.028600,7.934384,-0.022745,9.964888,90.130775,52.772182
5.4501619,6.025009,7.867347,0.007183,9.909386,89.958473,52.554214
5.4596066,6.064513,7.846996,0.014365,9.917352,89.917007,52.301533
5.4704261,6.082469,7.911640,0.014365,9.979513,89.917526,52.446915
5.4797168,6.078878,7.954735,-0.028730,10.011563,90.164421,52.613533
5.4905491,6.044162,7.942764,-0.070629,9.981202,90.405441,52.730148
5.4995017,5.997475,7.890092,-0.106542,9.911338,90.615913,52.760540
5.5096216,5.951985,7.855376,-0.102951,9.856148,90.598480,52.848942
5.5195088,5.855020,7.805098,-0.106542,9.757671,90.625610,53.124477
5.5294638,5.876568,7.782352,-0.092177,9.752311,90.541557,52.943012
5.5395050,5.839458,7.773973,-0.114922,9.723535,90.677193,53.087776
5.5497146,5.801151,7.726089,-0.125696,9.662381,90.745369,53.098866
5.5599790,5.834670,7.715315,-0.106542,9.673717,90.631042,52.901783
5.5696898,5.910087,7.733272,-0.092177,9.733505,90.542603,52.611439
5.5807085,5.934029,7.762002,-0.033519,9.770492,90.196564,52.602188
5.5897179,5.986701,7.770381,-0.003591,9.809151,90.020973,52.387497
5.5999370,5.999869,7.762002,-0.020351,9.810582,90.118851,52.296707
5.6100802,5.953183,7.744045,-0.009577,9.767840,90.056175,52.448959
5.6196961,5.901707,7.723695,-0.009577,9.720376,90.056450,52.616405
5.6298079,5.844246,7.688979,-0.057461,9.658101,90.340881,52.762226
5.6395078,5.843049,7.673417,-0.053870,9.644970,90.320015,52.711945
5.6496220,5.884948,7.709330,-0.015562,9.698794,90.091934,52.643551
5.6603246,5.906496,7.748834,0.005986,9.743261,89.964806,52.683784
5.6696739,5.920861,7.779958,0.040701,9.776810,89.761475,52.727406
5.6805668,5.946000,7.827842,0.057461,9.830226,89.665085,52.779831
5.6895127,5.540183,7.023391,0.086191,8.945897,89.447960,51.732960
5.6995978,7.092823,8.216900,0.233435,10.857259,88.768028,49.199261
5.7099476,6.610391,8.450335,0.180762,10.730243,89.034744,51.965214
5.7196031,5.998672,7.852982,0.063446,9.882176,89.632141,52.624805
5.7303267,5.899313,7.449559,0.096965,9.503011,89.415367,51.624264
5.7413611,6.244078,7.518991,0.355539,9.780088,87.916649,50.292366
5.7500129,6.382942,7.818265,0.380678,10.100105,87.839981,50.771317
5.7601848,6.175843,7.995437,0.183156,10.104533,88.961388,52.316750
5.7696481,6.019023,8.106767,-0.084994,10.097303,90.482292,53.407257
5.7806740,5.813122,8.088810,-0.152032,9.962146,90.874420,54.296627
5.7901478,5.560534,7.724892,0.147243,9.519199,89.113708,54.252895
5.7997227,5.699397,7.850587,0.234632,9.704118,88.614532,54.020969
5.8096166,5.776011,8.001422,0.197522,9.870363,88.853348,54.175495
5.8197589,5.815516,8.064868,0.215478,9.945288,88.758514,54.204906
5.8308969,5.844246,7.966706,0.231040,9.883168,88.660461,53.736832
5.8396769,5.892130,7.842207,0.231040,9.811769,88.650719,53.081154
5.8500466,5.922058,7.796718,0.295684,9.795255,88.270180,52.781227
5.8604116,5.895722,7.796718,0.227449,9.777529,88.667038,52.904156
5.8722229,5.926847,7.851785,0.155623,9.838813,89.093697,52.953011
5.8897982,6.086061,8.063671,0.119710,10.103329,89.321114,52.956299
5.8994465,6.113594,8.064868,0.104148,10.120721,89.410385,52.835957
5.9102111,6.039374,7.973889,0.122104,10.003592,89.300629,52.859940
5.9194508,5.947197,7.900866,0.189142,9.890835,88.904266,53.030228
5.9299335,5.797559,7.744045,0.223858,9.676365,88.674370,53.179733
5.9398661,5.714960,7.617153,0.269348,9.526506,88.379829,53.120018
5.9495850,5.773617,7.653066,0.259771,9.590179,88.447830,52.968407
5.9595380,5.861006,7.748834,0.177171,9.717366,88.955299,52.897137
5.9695578,5.937620,7.846996,0.106542,9.840836,89.379677,52.886147
5.9804087,5.986701,7.858967,0.120907,9.880211,89.298836,52.701050
5.9896445,6.062119,7.851785,0.183156,9.921359,88.942215,52.329388
5.9996009,6.143522,7.845799,0.252588,9.968110,88.547989,51.937874
6.0095229,6.137536,7.790732,0.288501,9.922101,88.333794,51.768974
6.0196009,6.118382,7.860164,0.355539,9.967106,87.955757,52.102673
6.0304565,6.065710,7.825448,0.318429,9.906153,88.157936,52.219799
6.0395060,6.044162,7.801506,0.306458,9.873668,88.221375,52.233517
6.0494647,6.062119,7.860164,0.287304,9.930458,88.342110,52.358948
6.0601525,6.009446,7.891289,0.234632,9.921741,88.644928,52.709671
6.0695748,5.871779,7.836222,0.217872,9.794470,88.725380,53.155319
6.0798707,5.807136,7.817069,0.256180,9.741407,88.493065,53.392120
6.0896978,5.807136,7.777564,0.319626,9.711617,88.113960,53.253059
6.1000557,5.856217,7.759608,0.398635,9.729630,87.651863,52.957951
6.1099677,5.928043,7.764396,0.428562,9.778098,87.487991,52.638607
6.1194959,6.020220,7.863756,0.373495,9.910662,87.840225,52.563576
6.1295118,6.040571,7.952341,0.362722,9.992988,87.919846,52.779823
6.1395082,5.936423,7.906851,0.258574,9.890718,88.501938,53.100967
6.1495080,5.783194,7.505822,1.189918,9.549796,82.842262,52.385948
