Keuwl Accelerometer Data File
2019-06-26 17-21-45

Time (s), X (m/s2), Y (m/s2), Z (m/s2), R (m/s2), Theta (deg), Phi (deg)
0.0000000,5.492299,7.697359,1.993173,9.663716,78.097130,54.490993
0.0101160,5.779603,7.595605,1.905785,9.732884,78.708023,52.731979
0.0199700,5.826290,7.641095,1.854309,9.786238,79.077484,52.674694
0.0299420,5.492299,7.551312,1.899799,9.528740,78.499550,53.970467
0.0398570,5.193024,7.468712,1.927332,9.298590,78.037498,55.188965
0.0500820,5.329493,7.971495,1.818396,9.759856,79.262260,56.234547
0.0598980,5.471948,8.258799,1.969231,10.100883,78.757828,56.473145
0.0700430,5.578490,8.046912,2.173935,10.029873,77.482018,55.268520
0.0800830,5.987898,8.289924,2.240973,10.468988,77.639717,54.159023
0.0899700,5.872977,8.062474,2.452860,10.271896,76.184669,53.929150
0.0999760,5.847837,7.870938,2.675520,10.164020,74.737930,53.388916
0.1101120,6.011840,8.075643,2.534262,10.381749,75.870903,53.334488
0.1199240,5.862203,8.130709,2.266112,10.276629,77.260941,54.208572
0.1302060,5.474342,8.030152,2.159570,9.955677,77.471901,55.716831
0.1400160,5.358223,8.000225,2.090138,9.853062,77.752747,56.187443
0.1502130,5.523423,8.067263,2.096124,9.999133,77.899300,55.601677
0.1600530,5.619191,8.086416,2.068590,10.062033,78.136330,55.204845
0.1702560,5.628768,8.020576,2.060210,10.012848,78.126198,54.939167
0.1807810,5.558139,7.947553,2.100912,9.923223,77.777023,55.032894
0.1902160,5.452795,7.991845,2.145205,9.909817,77.498055,55.694485
0.2000050,5.357026,8.018182,2.122460,9.873895,77.587013,56.252724
0.2105390,5.226542,7.921216,2.005144,9.699640,78.069588,56.582550
0.2201390,5.197812,7.754819,1.934515,9.533982,78.292976,56.167294
0.2303950,5.284003,7.699753,1.996764,9.549553,77.930672,55.539898
0.2399140,5.409699,7.724892,2.036268,9.648067,77.815842,54.996658
0.2505880,5.473145,7.815871,2.033874,9.756014,77.967064,54.997971
0.2600080,5.504270,7.930793,2.033874,9.865653,78.102760,55.237896
0.2702420,5.482722,8.025364,2.011129,9.925288,78.309387,55.660118
0.2802790,5.452795,8.021772,1.965640,9.896744,78.544037,55.794121
0.2903760,5.432444,7.897274,1.950077,9.781676,78.500450,55.476368
0.3007290,5.400122,7.775170,2.001553,9.675784,78.061478,55.218697
0.3102370,5.386954,7.696161,2.012326,9.607269,77.909363,55.009773
0.3199980,5.431247,7.711724,1.996764,9.641379,78.047333,54.843563
0.3301830,5.492299,7.799112,2.006341,9.747661,78.122032,54.845985
0.3406660,5.549759,7.884106,2.020706,9.851001,78.163063,54.857620
0.3500950,5.570110,7.902063,2.054225,9.883753,78.004280,54.820251
0.3601320,5.598841,7.886500,2.064999,9.889799,77.947906,54.628021
0.3705270,5.614403,7.875727,2.068590,9.890786,77.927856,54.515907
0.3801480,5.628768,7.808689,2.038663,9.839451,78.042107,54.214657
0.3902000,5.646725,7.720103,2.035071,9.778907,77.988487,53.817097
0.4001610,5.685032,7.694964,2.054225,9.785291,77.881760,53.543049
0.4102710,5.744887,7.785944,2.121263,9.905776,77.634682,53.578106
0.4209060,5.748478,7.945158,2.138022,10.037016,77.700974,54.113522
0.4301700,5.705383,8.040926,2.067393,10.073828,78.157379,54.642658
0.4400880,5.620389,8.067263,1.999158,10.033251,78.506699,55.135426
0.4504560,5.527015,8.021772,1.954866,9.935704,78.652931,55.433094
0.4603190,5.471948,7.931990,1.941698,9.829999,78.607574,55.399830
0.4702890,5.474342,7.813477,1.945289,9.736683,78.475342,54.983829
0.4800210,5.556942,7.765593,2.026692,9.761738,78.017326,54.413059
0.4905220,5.658696,7.775170,2.087744,9.840364,77.750961,53.953224
0.5006170,5.735310,7.841011,2.116474,9.942570,77.709404,53.816383
0.5100560,5.786786,7.933187,2.108095,10.043227,77.883385,53.891487
0.5199170,5.760449,8.013393,2.074576,10.084697,78.128632,54.289429
0.5301040,5.734113,8.037335,2.029086,10.079485,78.386513,54.494625
0.5400960,5.677849,8.003817,2.031480,10.021276,78.304131,54.648388
0.5501639,5.616797,7.937976,2.032677,9.934367,78.193291,54.717327
0.5600970,5.552154,7.806294,2.060210,9.798424,77.862450,54.578018
0.5705710,5.555745,7.806294,2.082955,9.805265,77.735069,54.560516
0.5799500,5.589264,7.827842,2.036268,9.831652,78.046745,54.472271
0.5902640,5.610812,7.852982,2.041057,9.864910,78.059212,54.454887
0.6000480,5.614403,7.902063,2.047042,9.907295,78.075668,54.606266
0.6102949,5.568913,7.910442,1.993173,9.877278,78.358131,54.854641
0.6204640,5.555745,7.943961,1.892616,9.876985,78.952728,55.032322
0.6302410,5.524621,7.920019,1.904588,9.842540,78.842560,55.102245
0.6400270,5.530606,7.881712,1.997961,9.833658,78.277267,54.942619
0.6505130,5.547365,7.845799,2.039860,9.822975,78.014618,54.737812
0.6605650,5.547365,7.823054,2.020706,9.800851,78.101616,54.659363
0.6705290,5.568913,7.837419,2.018312,9.824027,78.144363,54.604134
0.6800480,5.621585,7.869741,1.995567,9.875087,78.341324,54.460674
0.6905800,5.619191,7.837419,1.974019,9.843637,78.431602,54.360626
0.7003370,5.656301,7.820660,2.003947,9.857599,78.270615,54.123619
0.7108760,5.663484,7.843405,2.009932,9.880985,78.263321,54.168095
0.7199980,5.629965,7.904457,2.000355,9.908500,78.352921,54.539555
0.7300659,5.590461,7.955932,1.966837,9.920612,78.564911,54.905121
0.7400590,5.564125,7.955932,1.922544,9.897097,78.798889,55.032288
0.7501880,5.528212,7.928399,1.905785,9.851530,78.845772,55.113205
0.7601440,5.524621,7.863756,1.938106,9.803894,78.598244,54.910339
0.7702579,5.576096,7.787141,1.945289,9.773257,78.519058,54.394894
0.7800980,5.621585,7.735666,1.975216,9.764437,78.329285,53.993721
0.7901420,5.713762,7.723695,2.030283,9.819602,78.067558,53.507053
0.8000540,5.826290,7.793127,2.043451,9.942543,78.139709,53.217514
0.8104100,5.856217,7.856573,2.057816,10.012774,78.140114,53.299492
0.8221160,5.821501,7.891289,2.066196,10.021551,78.101692,53.583344
0.8304840,5.826290,7.964312,2.087744,10.086356,78.054161,53.812675
0.8401090,5.796362,8.032547,2.063802,10.118246,78.230888,54.185425
0.8506040,5.708974,7.979874,2.030283,10.019622,78.309166,54.419254
0.8600250,5.628768,7.846996,1.985990,9.859135,78.379021,54.347557
0.8707730,5.627571,7.682993,1.990779,9.729396,78.193047,53.778297
0.8799820,5.663484,7.601591,2.029086,9.694143,77.918053,53.312439
0.8912290,5.713762,7.653066,2.049437,9.768147,77.888893,53.255062
0.9003909,5.693412,7.800309,2.020706,9.866257,78.181633,53.874458
0.9105189,5.640739,7.982268,1.933318,9.963547,78.811401,54.752728
0.9199589,5.554548,8.068460,1.844732,9.967752,79.334785,55.455414
0.9305660,5.492299,8.062474,1.781286,9.916744,79.652138,55.736622
0.9401219,5.438429,7.952341,1.751359,9.792011,79.696877,55.632645
0.9506220,5.446809,7.785944,1.774103,9.666235,79.424202,55.024540
0.9600110,5.528212,7.645883,1.857901,9.616260,78.860168,54.131901
0.9700130,5.614403,7.631518,1.977611,9.678456,78.209648,53.658592
0.9799950,5.685032,7.717709,2.032677,9.798694,78.027412,53.623833
0.9901969,5.755661,7.856573,2.056619,9.954047,78.076157,53.773800
1.0000830,5.828684,7.933187,2.026692,10.050696,78.366722,53.694473
1.0102249,5.795165,7.937976,1.980005,10.025758,78.609680,53.868473
1.0204669,5.772420,7.903260,1.942895,9.977835,78.771568,53.856174
1.0306000,5.729325,7.861362,1.958457,9.922788,78.616814,53.915604
1.0409009,5.730522,7.861362,2.000355,9.931833,78.380661,53.909908
1.0500380,5.730522,7.921216,2.025495,9.984346,78.295334,54.116531
1.0603490,5.742493,7.902063,2.062605,9.983644,78.076920,53.993793
1.0702130,5.784391,7.926005,2.081758,10.030675,78.021820,53.878067
1.0801730,5.743690,7.926005,2.049437,10.000586,78.174500,54.070511
1.0909170,5.695806,7.909245,2.015918,9.953004,78.314255,54.240631
1.1001270,5.671864,7.880515,1.976413,9.908520,78.494263,54.256203
1.1104270,5.675455,7.875727,1.940500,9.899667,78.695877,54.222488
1.1200260,5.700594,7.900866,1.936909,9.933382,78.755867,54.188980
1.1300240,5.682638,7.890092,1.934515,9.914044,78.747757,54.237640
1.1400970,5.645528,7.882909,1.918953,9.884059,78.805145,54.390781
1.1504329,5.617994,7.887698,1.885434,9.865724,78.982460,54.539719
1.1605240,5.594052,7.891289,1.855506,9.849302,79.141182,54.667568
1.1700640,5.579687,7.885303,1.844732,9.834326,79.188354,54.716553
1.1802680,5.602432,7.873333,1.842338,9.837215,79.205765,54.565464
1.1908270,5.610812,7.831434,1.874660,9.814628,78.988457,54.380386
1.2001730,5.634754,7.818265,1.922544,9.827100,78.718063,54.219082
1.2101099,5.639542,7.842207,1.948880,9.854074,78.593178,54.279072
1.2207400,5.617994,7.915231,1.968034,9.903832,78.538208,54.634007
1.2308500,5.600038,7.967903,1.942895,9.930899,78.717804,54.899513
1.2409080,5.579687,8.003817,1.909376,9.941815,78.927261,55.118553
1.2503680,5.535394,7.989451,1.883040,9.900392,79.035629,55.284317
1.2602429,5.519832,7.933187,1.892616,9.848147,78.919968,55.170193
1.2708870,5.546168,7.886500,1.869871,9.821064,79.024223,54.883259
1.2800241,5.559336,7.848193,1.861492,9.796198,79.045937,54.687817
1.2917689,5.601235,7.832631,1.883040,9.811716,78.935295,54.430855
1.3006560,5.627571,7.827842,1.934515,9.832955,78.653732,54.286987
1.3103930,5.677849,7.927202,1.951274,9.944142,78.683792,54.387909
1.3203330,5.604826,7.898471,1.942895,9.877995,78.656578,54.640148
1.3304230,5.570110,7.924808,1.990779,9.888979,78.386261,54.897762
1.3401760,5.619191,7.966706,1.988384,9.949743,78.472237,54.803371
1.3515190,5.665878,7.935582,1.884237,9.931062,79.062874,54.473770
1.3601270,5.659893,7.795521,1.851915,9.809899,79.118393,54.018688
1.3703800,5.683835,7.650671,1.940500,9.726474,78.491867,53.390614
1.3810120,5.772420,7.645883,2.082955,9.804033,77.733505,52.948250
1.3901420,5.837064,7.756016,2.142811,9.940762,77.551735,53.035419
1.3998970,5.820304,7.881712,2.099715,10.020287,77.904228,53.555733
1.4100070,5.737704,7.979874,1.987187,10.027390,78.569687,54.283035
1.4202030,5.629965,8.030152,1.905785,9.990589,79.002975,54.965580
1.4299239,5.543774,8.026561,1.820790,9.923426,79.427238,55.367989
1.4400640,5.465962,7.924808,1.774103,9.789115,79.558456,55.404881
1.4506170,5.420473,7.827842,1.798046,9.689665,79.306030,55.298923
1.4599570,5.467160,7.850587,1.826776,9.739542,79.189415,55.146595
1.4701040,5.498284,7.914034,1.847127,9.811979,79.149200,55.210312
1.4799680,5.540183,7.969100,1.786075,9.868649,79.572876,55.192665
1.4901159,5.578490,7.936779,1.778892,9.862883,79.609138,54.897930
1.5001670,5.632360,7.846996,1.836353,9.832142,79.235634,54.330246
1.5101269,5.645528,7.662642,1.869871,9.699717,78.885170,53.618698
1.5199800,5.679047,7.566875,1.963245,9.662478,78.276878,53.111252
1.5301059,5.725733,7.581240,2.045845,9.718266,77.847443,52.938061
1.5401949,5.743690,7.655460,1.948880,9.766994,78.490097,53.120068
1.5501710,5.686229,7.838616,1.891419,9.866842,78.948311,54.042404
1.5600480,5.685032,7.947553,1.850718,9.945268,79.275291,54.423157
1.5702269,5.676652,8.018182,1.807622,9.989150,79.574402,54.702553
1.5806019,5.675455,8.005013,1.788469,9.974450,79.670723,54.663834
1.5901880,5.688623,7.991845,1.820790,9.977240,79.484917,54.556606
1.6000099,5.686229,7.970297,1.890222,9.971548,79.072800,54.494896
1.6103280,5.716156,7.920019,1.877054,9.946079,79.121727,54.180691
1.6200160,5.712565,7.807492,1.881842,9.855539,78.992203,53.807907
1.6303921,5.764040,7.770381,1.924938,9.864501,78.747223,53.432114
1.6400160,5.857414,7.797915,1.980005,9.951744,78.523819,53.087906
1.6502900,5.882554,7.862558,1.945289,10.010415,78.794617,53.197159
1.6599700,5.815516,7.916428,1.904588,10.005874,79.026970,53.698490
1.6704409,5.815516,7.862558,1.865083,9.955832,79.202660,53.511639
1.6799999,5.797559,7.735666,1.795651,9.832425,79.477280,53.149967
1.6900519,5.801151,7.632715,1.777695,9.750482,79.495155,52.763802
1.7004989,5.811924,7.653066,1.781286,9.773478,79.498741,52.786079
1.7104260,5.832275,7.729680,1.748964,9.839831,79.761658,52.964352
1.7202059,5.841852,7.796718,1.702277,9.890086,80.088921,53.156853
1.7303590,5.792771,7.842207,1.654393,9.889056,80.369400,53.547981
1.7405870,5.680243,7.906851,1.656788,9.875647,80.342102,54.306717
1.7501159,5.576096,7.964312,1.610101,9.854721,80.596649,55.002781
1.7603350,5.482722,7.914034,1.583764,9.757073,80.658440,55.286373
1.7700469,5.422867,7.829040,1.610101,9.658870,80.404190,55.291183
1.7806669,5.470751,7.753622,1.662773,9.633929,80.061234,54.794216
1.7901340,5.608418,7.699753,1.748964,9.685010,79.596184,53.930805
1.8003030,5.817910,7.679402,1.839944,9.808500,79.188019,52.852451
1.8100920,6.017826,7.740454,1.956063,9.997752,78.717285,52.136673
1.8214129,6.166266,7.805098,2.000355,10.146123,78.629379,51.690182
1.8306030,6.198588,7.858967,1.988384,10.204878,78.764244,51.736160
1.8399559,6.124368,7.900866,1.969231,10.188691,78.855965,52.218895
1.8508660,5.986701,7.931990,1.903390,10.118299,79.157280,52.956173
1.8600509,5.850232,7.964312,1.831564,10.050379,79.499840,53.700642
1.8703510,5.735310,7.951144,1.751359,9.959002,79.871475,54.196377
1.8801550,5.669470,7.893683,1.699883,9.866241,80.078842,54.313007
1.8907019,5.692214,7.807492,1.690306,9.808943,80.077087,53.905300
1.9031099,5.749675,7.708132,1.747767,9.773881,79.698952,53.279884
1.9201980,5.928043,7.747637,1.863886,9.931849,79.183304,52.578876
1.9302759,5.886145,7.831434,1.799243,9.960690,79.593292,53.071293
1.9409890,5.808333,7.896077,1.679533,9.945129,80.277298,53.661900
1.9506470,5.710171,7.926005,1.592144,9.897602,80.743088,54.229702
1.9602109,5.614403,7.839813,1.537078,9.764568,80.943184,54.392040
1.9700469,5.583278,7.661446,1.497573,9.597576,81.023079,53.917305
1.9801990,5.647922,7.521385,1.575385,9.536880,80.491806,53.096558
1.9901789,5.729325,7.499837,1.680730,9.586322,79.902382,52.622829
2.0002699,5.748478,7.570466,1.721431,9.660242,79.735214,52.789520
2.0104821,5.705383,7.678205,1.675941,9.711591,80.062653,53.385361
2.0201659,5.681441,7.751228,1.606509,9.743776,80.510002,53.759590
2.0301900,5.659893,7.778761,1.493982,9.735271,81.172462,53.960045
2.0401509,5.615600,7.685388,1.549049,9.643635,80.756584,53.844948
2.0504811,5.665878,7.700950,1.624466,9.697716,80.356918,53.656685
2.0605578,5.698200,7.745243,1.655591,9.757010,80.230659,53.657959
2.0703259,5.797559,7.753622,1.636437,9.818771,80.406082,53.213703
2.0800309,5.913678,7.682993,1.637634,9.832691,80.412712,52.414154
2.0903850,5.989096,7.630321,1.763330,9.859026,79.696968,51.871368
2.1005528,6.094440,7.594408,1.885434,9.918271,79.041557,51.253284
2.1102269,6.175843,7.681796,1.951274,10.047811,78.802063,51.202171
2.1208088,6.253655,7.896077,2.023100,10.273713,78.643089,51.620945
2.1300299,6.287174,8.110358,1.985990,10.452302,79.046921,52.217049
2.1411388,6.242881,8.169016,1.849521,10.446392,79.802094,52.612411
2.1500349,6.092046,7.994239,1.750161,10.202154,80.122154,52.690624
2.1600718,6.044162,7.800309,1.818396,10.034106,79.559082,52.229259
2.1705890,6.070498,7.700950,1.893813,9.987097,79.069038,51.752022
2.1801238,6.072893,7.675811,1.874660,9.965563,79.157272,51.649914
2.1900339,6.094440,7.698555,1.813608,9.984945,79.535034,51.633656
2.2001669,6.108806,7.759608,1.788469,10.036316,79.735085,51.788162
2.2100210,6.050148,7.814674,1.784877,10.042869,79.762672,52.252842
2.2199988,5.946000,7.806294,1.692701,9.957830,80.212944,52.703728
2.2302709,5.839458,7.732074,1.616086,9.823236,80.530846,52.938976
2.2400169,5.822699,7.644686,1.610101,9.743587,80.488403,52.704700
2.2505178,5.835866,7.565677,1.632846,9.693451,80.302383,52.354816
2.2609861,5.901707,7.518991,1.663970,9.702276,80.124779,51.871387
2.2704530,6.040571,7.481880,1.705869,9.766115,79.940414,51.083984
2.2801850,6.178237,7.467515,1.740585,9.847032,79.818764,50.397396
2.2904189,6.238092,7.523779,1.769315,9.932347,79.738754,50.337299
2.3009458,6.212954,7.642292,1.778892,10.008491,79.761948,50.889927
2.3100688,6.124368,7.796718,1.727417,10.063829,80.116463,51.850159
2.3199868,5.984307,7.846996,1.613692,9.999564,80.713211,52.669991
2.3300028,5.863400,7.779958,1.535880,9.862360,81.040771,52.996330
2.3402140,5.795165,7.655460,1.533486,9.723249,80.925804,52.874363
2.3529210,5.801151,7.554904,1.606509,9.659751,80.426682,52.480579
2.3702688,5.886145,7.577648,1.643619,9.734934,80.279778,52.160748
2.3800919,5.849035,7.706935,1.765724,9.834929,79.657265,52.803997
2.3906858,5.843049,7.799112,1.610101,9.877236,80.618279,53.159664
2.4007239,5.792771,7.851785,1.562217,9.881661,80.903801,53.581398
2.4101539,5.744887,7.846996,1.557428,9.849094,80.901680,53.791660
2.4201038,5.718551,7.776367,1.527501,9.772766,81.007698,53.670143
2.4304419,5.741296,7.578846,1.547851,9.633132,80.753632,52.854534
2.4403579,5.825093,7.396886,1.624466,9.554293,80.210747,51.779354
2.4504609,5.934029,7.359776,1.796848,9.623287,79.238640,51.121513
2.4601679,5.995081,7.437588,1.856703,9.731704,79.001160,51.129387
2.4705470,5.989096,7.594408,1.796848,9.837325,79.475487,51.740009
2.4800229,5.971139,7.745243,1.663970,9.920286,80.343903,52.369831
2.4907157,5.931635,7.862558,1.489193,9.961015,81.401924,52.968536
2.5000949,5.886145,7.898471,1.489193,9.962442,81.403160,53.305569
2.5102930,5.882554,7.813477,1.487996,9.892876,81.349258,53.024906
2.5200818,5.918467,7.671022,1.487996,9.802396,81.268791,52.348537
2.5302348,6.080075,7.530962,1.740585,9.834243,79.805382,51.084541
2.5399401,6.161478,7.513005,1.826776,9.886666,79.352180,50.644535
2.5502100,6.211756,7.596802,1.865083,9.988786,79.238708,50.727806
2.5600901,6.227319,7.667431,1.807622,10.041738,79.629608,50.917255
2.5700648,6.234501,7.710526,1.776498,10.073587,79.842651,51.042030
2.5800200,6.144719,7.802703,1.795651,10.092775,79.751686,51.779160
2.5908008,6.016629,7.915231,1.717840,10.089682,80.197235,52.760334
2.6000428,5.902905,7.985860,1.646014,10.066161,80.588760,53.529316
2.6105390,5.841852,7.860164,1.528698,9.911929,81.127968,53.379433
2.6201599,5.845443,7.581240,1.511938,9.691768,81.025070,52.366322
2.6303279,5.960365,7.412448,1.677138,9.658319,80.000069,51.197166
2.6402428,6.088455,7.400477,1.869871,9.763850,78.959099,50.555492
2.6504278,6.175843,7.534553,1.892616,9.924340,79.006096,50.659569
2.6602139,6.147113,7.717709,1.845930,10.037803,79.403122,51.462872
2.6701040,6.001067,7.935582,1.781286,10.107386,79.849403,52.902603
2.6800771,5.834670,8.094796,1.654393,10.114648,80.586166,54.216213
2.6904051,5.698200,8.119935,1.569399,10.043199,81.009834,54.940571
2.7000160,5.651513,7.926005,1.477222,9.845981,81.371162,54.509830
2.7100260,5.730522,7.619547,1.502362,9.651605,81.044968,53.053844
2.7201850,5.928043,7.447165,1.628057,9.656735,80.293983,51.479736
2.7300851,6.095637,7.492654,1.770512,9.819948,79.612915,50.869976
2.7400539,6.160281,7.639898,1.796848,9.977262,79.624748,51.119717
2.7500598,6.138733,7.802703,1.690306,10.070916,80.337723,51.806297
2.7602489,6.056133,7.914034,1.589750,10.091382,80.936127,52.575348
2.7708459,5.997475,7.985860,1.526304,10.103132,81.310928,53.093018
2.7802839,5.929241,7.904457,1.467646,9.989511,81.551598,53.125938
2.7904389,5.857414,7.669825,1.403002,9.752125,81.728363,52.631176
2.8000607,5.912481,7.394492,1.487996,9.583845,81.068069,51.354900
2.8108180,6.039374,7.253234,1.669956,9.584998,79.966385,50.217690
2.8201950,6.177041,7.258022,1.830367,9.704893,79.128761,49.600094
2.8300757,6.283582,7.378930,1.825579,9.862289,79.332626,49.583698
2.8400371,6.319495,7.533356,1.728614,9.983766,80.029419,50.007771
2.8502882,6.323087,7.690176,1.665167,10.094207,80.504936,50.571960
2.8599780,6.288371,7.802703,1.647211,10.155742,80.665672,51.133892
2.8703668,6.127959,7.823054,1.631648,10.070469,80.675659,51.927670
2.8810108,5.884948,7.779958,1.610101,9.887001,80.627625,52.895260
2.8905652,5.701791,7.657854,1.582567,9.677690,80.588303,53.329819
2.9001410,5.616797,7.468712,1.604115,9.481733,80.259880,53.055241
2.9102788,5.620389,7.360973,1.680730,9.412627,79.714035,52.636864
2.9201808,5.681441,7.444770,1.744176,9.526045,79.449883,52.651112
2.9305320,5.759252,7.639898,1.723825,9.721553,79.786308,52.989594
2.9400408,5.786786,7.751228,1.593341,9.803426,80.646278,53.256317
2.9501491,5.810728,7.800309,1.519121,9.844648,81.123260,53.316265
2.9601400,5.821501,7.836222,1.570596,9.887519,80.860062,53.391476
2.9699960,5.798757,7.879318,1.607706,9.914330,80.667717,53.648918
2.9800079,5.725733,7.841011,1.567005,9.834682,80.831726,53.861996
2.9907410,5.662287,7.710526,1.599327,9.699050,80.508858,53.708000
3.0004690,5.655105,7.605182,1.655591,9.620810,80.090973,53.366032
3.0101528,5.697003,7.554904,1.655591,9.605904,80.075439,52.980778
3.0202959,5.925649,7.672219,1.729811,9.847260,79.882690,52.319248
3.0301890,6.009446,7.783550,1.750161,9.988001,79.908165,52.329342
3.0403898,6.015432,7.855376,1.745373,10.046824,79.995598,52.556095
3.0502949,5.914876,7.841011,1.722628,9.971692,80.052147,52.970882
3.0600519,5.839458,7.765593,1.707066,9.864977,80.035202,53.058098
3.0707419,5.758055,7.648277,1.642422,9.713336,80.265121,53.025501
3.0807359,5.760449,7.576451,1.611298,9.653066,80.391159,52.753922
3.0901251,5.857414,7.526173,1.720234,9.690809,79.775131,52.107357
3.0999348,6.064513,7.578846,1.751359,9.863289,79.772141,51.333572
3.1102178,6.253655,7.638700,1.735796,10.023519,80.027679,50.693481
3.1200869,6.337452,7.599196,1.795651,10.056612,79.714439,50.173126
3.1308999,6.451177,7.539341,1.772906,10.079808,79.869728,49.447437
3.1401048,6.523003,7.411252,1.704672,10.019088,80.203903,48.647427
3.1500869,6.645107,7.184999,1.586159,9.914513,80.794060,47.235546
3.1600330,6.872556,6.969521,1.534683,9.907649,81.089073,45.401356
3.1702168,7.103596,6.724115,1.389834,9.879598,81.912964,43.427998
3.1799269,7.337031,6.411672,1.369483,9.839565,81.999527,41.149506
3.1904659,7.775170,6.025009,1.212663,9.910830,82.971825,37.772240
3.2001469,8.422802,5.838261,1.201889,10.318596,83.311119,34.727745
3.2100410,8.945934,5.603629,0.979228,10.601381,84.700150,32.062550
3.2203188,9.478644,5.430049,0.247800,10.926643,88.700508,29.807184
3.2300720,9.958682,5.329493,-0.830788,11.325593,94.206703,28.153929
3.2400661,10.834960,5.072116,-2.867057,12.302143,103.476906,25.085472
3.2503688,13.524845,5.084087,-5.779603,15.561914,111.801620,20.601604
3.2600901,16.906654,5.079299,-5.937620,18.624971,108.590302,16.721947
3.2708039,18.019958,3.104083,-3.936068,18.704193,102.148003,9.773740
3.2802460,17.882292,0.059855,-4.581305,18.459909,104.369598,0.191778
3.2903450,17.366343,-1.707066,-4.982334,18.147385,105.935097,354.386017
3.3001199,16.396690,-1.972822,-6.254852,17.659746,110.743622,353.139252
3.3104827,14.567520,-1.321599,-6.934805,16.187984,115.365562,354.816193
3.3204310,13.108254,0.119710,-6.355408,14.568180,115.865036,0.523235
3.3302038,13.018472,2.549825,-5.215768,14.254349,111.463425,11.081784
3.3401201,13.119028,5.585672,-4.610035,14.985362,107.916817,23.062790
3.3502331,13.637373,9.659407,-5.847837,17.705345,109.286171,35.310097
3.3601778,13.523648,14.647726,-6.325481,20.915464,107.603661,47.284969
3.3707299,12.518084,21.252131,-5.238513,25.215025,101.990746,59.500755
3.3800948,11.468226,26.320656,-2.250550,28.798649,94.482109,66.456665
3.3913751,8.645462,22.154745,-2.636016,23.927502,96.324928,68.682739
3.4016571,6.068104,12.540829,-5.061342,14.822667,109.965828,64.179153
3.4109068,5.470751,8.793902,-0.277727,10.360452,91.536079,58.113956
3.4201710,3.518279,8.955511,7.666234,12.302464,51.453747,68.552025
3.4305689,-0.265756,8.082825,13.102269,15.397147,31.684378,91.883156
3.4404459,-2.239776,6.519411,12.412739,14.198429,29.045639,108.960411
3.4501278,-1.592144,5.080496,9.848549,11.195547,28.395678,107.400139
3.4601879,-0.093374,3.684676,6.925229,7.845021,28.023535,91.451630
3.4701171,0.293290,2.973598,4.888960,5.729767,31.432373,84.367065
3.4803739,0.203507,3.027468,3.013103,4.276186,45.200832,86.154350
3.4901748,0.429759,3.483563,1.162385,3.697438,71.676865,82.967087
3.5000958,1.125275,4.006697,-0.053870,4.162062,90.741600,74.312683
3.5100758,4.144363,4.981137,-1.486799,6.648160,102.922958,50.239155
3.5213528,5.893328,5.303157,-2.037466,8.185722,104.412712,41.982712
3.5301900,7.377733,5.313931,-2.486378,9.426074,105.294273,35.763924
3.5404611,8.301894,5.177461,-2.668338,10.141379,105.254913,31.949652
3.5506370,8.853758,4.981137,-2.768894,10.529366,105.246292,29.362169
3.5604851,9.264363,4.814740,-2.725799,10.790743,104.631737,27.461143
3.5707078,9.132683,4.623203,-2.202666,10.470512,102.143944,26.849728
3.5804610,8.741230,4.514267,-1.838747,10.008431,100.586502,27.313364
3.5902770,8.769960,4.701015,-1.861492,10.123087,100.596176,28.192913
3.6007028,9.058462,5.111620,-1.849521,10.564333,100.082855,29.435703
3.6099980,9.725247,5.810728,-1.782483,11.468315,98.941551,30.857851
3.6201038,10.655395,6.694188,-1.659182,12.692615,97.511215,32.138847
3.6305027,11.428721,7.529764,-1.789666,13.802751,97.449951,33.378719
3.6399429,11.622652,7.797915,-2.080561,14.149991,98.455208,33.858604
3.6502988,11.008539,7.250840,-1.974019,13.328892,98.516876,33.371136
3.6602659,9.909601,6.359000,-1.590947,11.881422,97.695137,32.688324
3.6706438,9.048885,5.797559,-1.090559,10.802006,95.794395,32.647411
3.6800587,8.765172,5.857414,-0.909797,10.581365,94.932442,33.753223
3.6902828,8.919599,6.341043,-1.279701,11.018426,96.669495,35.409451
3.7002828,9.275137,6.967127,-1.918953,11.758036,99.392891,36.912472
3.7101481,9.560047,7.542933,-2.455254,12.422503,101.399315,38.273643
3.7202289,9.661801,7.803900,-2.616863,12.692488,101.898239,38.928036
3.7305210,9.566033,7.679402,-2.439692,12.507370,101.248245,38.756733
3.7399399,9.172187,7.441179,-2.012326,11.981219,99.669044,39.051605
3.7500200,8.659827,7.574057,-1.377863,11.586952,96.829491,41.173588
3.7598619,8.362947,8.146272,-0.867898,11.707001,94.251518,44.248066
3.7699990,8.352173,8.917204,-0.979228,12.257007,94.582321,46.873974
3.7800179,8.110358,9.461885,-1.836353,12.596721,98.382462,49.398109
3.7902019,7.812280,9.364920,-2.211045,12.394441,100.276001,50.164906
3.7998550,8.409634,8.807071,-2.649184,12.462127,102.273521,46.322403
3.8101418,9.616311,8.087613,-3.239355,12.975991,104.456337,40.064865
3.8199308,10.516531,7.565677,-3.145981,13.331696,103.649254,35.731544
3.8305099,10.607511,7.393295,-1.861492,13.063125,98.192520,34.875988
3.8422229,10.302250,7.453150,-0.628478,12.731095,92.829590,35.883812
3.8601639,9.277532,7.402872,-0.105345,11.869549,90.508522,38.587608
3.8703439,8.530540,7.389704,-0.007183,11.286181,90.036461,40.901218
3.8804259,8.070854,7.580042,0.221464,11.074511,88.854149,43.203793
3.8909159,7.556100,7.894880,0.375890,10.934582,88.029999,46.256073
3.9007480,6.851008,8.015787,0.374693,10.551282,87.964912,49.479839
3.9107330,6.001067,7.982268,0.275333,9.990256,88.420715,53.064167
3.9199879,5.449203,7.911640,0.019154,9.606676,89.885765,55.442570
3.9299550,4.876989,7.836222,-0.174777,9.231573,91.084816,58.103321
3.9403648,4.466383,7.858967,-0.377087,9.047328,92.388741,60.389702
3.9499807,3.976769,7.969100,-0.582988,8.925308,93.745140,63.479725
3.9602590,3.499126,8.161834,-0.794875,8.915786,95.114922,66.794312
3.9702179,3.008314,8.408437,-1.102530,8.998185,97.038025,70.314148
3.9804699,2.592921,8.583213,-1.772906,9.139911,101.184799,73.190849
3.9907429,2.345121,8.724471,-1.811214,9.213928,101.336655,74.954636
4.0005217,2.345121,8.724471,-1.690306,9.190926,100.597610,74.954636
4.0101199,2.800019,8.619126,-1.479617,9.182522,99.272728,72.003036
4.0203571,3.157952,8.522161,-1.138443,9.159472,97.139832,69.667427
4.0302010,3.347094,8.384495,-0.697910,9.054826,94.420517,68.238091
4.0401249,3.556587,8.334216,-0.284910,9.065850,91.800919,66.889870
4.0502357,3.718195,8.353370,0.134075,9.144492,89.159904,66.005524
4.0600905,3.804387,8.392874,0.402226,9.223637,87.500641,65.615799
4.0712657,3.883395,8.409634,0.495600,9.276223,86.937408,65.213486
4.0808806,3.925294,8.427590,0.500388,9.310349,86.919136,65.025444
4.0908279,3.994725,8.473080,0.451307,9.378410,87.241753,64.757957
4.1000519,4.056975,8.573636,0.410606,9.493938,87.521225,64.676872
4.1110830,4.084508,8.695741,0.410606,9.616013,87.552711,64.839920
4.1201558,4.113238,8.803479,0.410606,9.725665,87.580322,64.956665
4.1303749,4.131195,8.889671,0.500388,9.815468,87.077820,65.074837
4.1410041,4.162320,8.955511,0.658405,9.897453,86.185715,65.072060
4.1506729,4.177882,8.972271,0.767342,9.926991,85.566696,65.031250
4.1599488,4.147954,8.954314,0.733823,9.895644,85.747261,65.144760
4.1710458,4.088099,8.955511,0.627281,9.864442,86.354095,65.463783
4.1803851,3.960010,8.984241,0.505177,9.831250,87.054573,66.213417
4.1901689,3.940856,9.059659,0.391452,9.887417,87.731010,66.491470
4.2002130,4.003105,9.120711,0.312443,9.965432,88.203331,66.303200
4.2100220,4.109647,9.102755,0.367510,9.994218,87.892632,65.702110
4.2205496,4.197036,9.022549,0.507571,9.963891,87.080032,65.053474
4.2309351,4.260482,8.908825,0.644040,9.896143,86.268555,64.441399
4.2400970,4.252102,8.813056,0.724246,9.811975,85.767006,64.243729
4.2509818,4.270059,8.808268,0.736217,9.816363,85.698837,64.136887
4.2604198,4.288015,8.860941,0.670376,9.866750,86.104149,64.176582
4.2707758,4.337096,8.947132,0.560243,9.958687,86.775024,64.138351
4.2800341,4.401740,9.009381,0.432153,10.036485,87.532181,63.961121
4.2912130,4.405331,9.004593,0.324414,10.029700,88.146423,63.930660
4.3002677,4.423288,8.948329,0.221464,9.984344,88.729012,63.696152
4.3100986,4.373009,8.826224,0.166397,9.851555,89.032204,63.643589
4.3208666,4.337096,8.689755,0.156820,9.713230,89.074921,63.476009
4.3303618,4.355053,8.565256,0.150835,9.610039,89.100677,63.048683
4.3401718,4.382586,8.497022,0.147243,9.561806,89.117661,62.716263
4.3501320,4.452018,8.443152,0.125696,9.545841,89.245529,62.197617
4.3598866,4.537012,8.437167,0.069432,9.579932,89.584740,61.731251
4.3700132,4.610035,8.451532,0.084994,9.627463,89.494171,61.388973
4.3799491,4.659117,8.476671,0.104148,9.673271,89.383110,61.205048
4.3900309,4.680665,8.474277,0.128090,9.681859,89.241959,61.086464
4.3998456,4.689044,8.481460,0.118513,9.692076,89.299377,61.063629
4.4103532,4.679467,8.455123,0.116119,9.664368,89.311569,61.037773
4.4198976,4.693832,8.431181,0.092177,9.650149,89.452713,60.894306
4.4300728,4.696227,8.406042,0.065841,9.629145,89.608231,60.809097
4.4401178,4.690241,8.378509,0.068235,9.602209,89.592842,60.760147
4.4505758,4.695030,8.383297,0.079009,9.608809,89.528877,60.749180
4.4601483,4.742914,8.435969,0.041899,9.677942,89.751953,60.654213
4.4704776,4.795586,8.519767,-0.043096,9.776806,90.252556,60.625813
4.4806242,4.880580,8.583213,-0.080206,9.874109,90.465408,60.376606
4.4902558,4.965574,8.863335,-0.119710,10.160214,90.675087,60.740807
4.5000248,4.977545,8.978256,-0.193930,10.267553,91.082253,60.996014
4.5103788,4.853047,9.010578,-0.080206,10.234696,90.449013,61.693344
4.5201287,4.735731,8.993818,0.324414,10.169620,88.171936,62.230770
4.5304213,4.741716,9.064447,0.667982,10.251550,86.264008,62.385418
4.5402017,4.800375,9.199720,0.739808,10.403161,85.922035,62.444641
4.5502162,4.843470,9.352949,0.634463,10.551748,86.552795,62.622402
4.5602169,4.860229,9.489418,0.454898,10.671355,87.556854,62.879673
4.5702868,4.905719,9.654618,0.296881,10.833553,88.429680,63.063896
4.5802512,4.960786,9.779117,0.210690,10.967447,88.899254,63.102066
4.5906987,4.953603,9.785102,0.330400,10.972491,88.274467,63.149673
4.6000748,4.854244,9.648633,0.671574,10.821774,86.442078,63.292953
4.6102052,4.651934,9.429564,1.047463,10.566662,84.310982,63.741264
4.6203666,4.432865,9.218874,1.223437,10.302171,83.179726,64.319580
4.6305699,4.288015,9.065644,1.140837,10.093289,83.510033,64.686028
4.6403389,4.220978,8.997410,0.914585,9.980306,84.742096,64.867195
4.6501641,4.277241,8.983045,0.718261,9.975259,85.870888,64.538727
4.6600127,4.498705,9.070433,0.505177,10.137371,87.143593,63.619755
4.6704359,4.618415,9.111135,0.356736,10.221046,87.999847,63.119648
4.6808000,4.649539,9.071630,0.317232,10.198693,88.217522,62.863216
4.6906185,4.365827,8.917204,0.347159,9.934661,87.997437,63.913818
4.7008786,4.138378,8.692149,0.299275,9.631677,88.219421,64.540634
4.7102876,3.900155,8.537724,0.245406,9.389577,88.502350,65.448402
4.7201338,3.676297,8.408437,0.090980,9.177431,89.431992,66.384315
4.7317138,3.726575,8.422802,-0.027533,9.210413,90.171280,66.133537
4.7400718,3.637990,8.371326,-0.116119,9.128393,90.728859,66.511322
4.7503076,3.679888,8.352173,-0.226252,9.129707,91.420044,66.222168
4.7601981,3.707421,8.264784,-0.317232,9.063788,92.005760,65.839920
4.7712755,3.842694,8.219295,-0.310049,9.078504,91.957146,64.942917
4.7803855,4.205415,8.457518,-0.061052,9.445573,90.370338,63.561604
4.7902060,4.520253,8.701726,0.159214,9.807042,89.069778,62.549648
4.8011017,4.827908,8.882488,0.477643,10.121039,87.295029,61.474548
4.8106718,4.993108,8.821436,0.793678,10.167536,85.522934,60.489277
4.8201208,5.159505,8.631097,0.842759,10.090915,85.209267,59.129826
4.8305478,5.178658,8.384495,0.781707,9.885815,85.464684,58.298573
4.8401408,4.995502,8.238448,0.598550,9.653255,86.445091,58.768867
4.8505459,4.837484,8.300697,0.876278,9.647315,84.788567,59.767204
4.8601270,4.906917,8.616732,1.288081,9.999252,82.598724,60.340054
4.8702087,5.184644,9.041702,1.334767,10.507831,82.702232,60.169411
4.8802886,5.337873,9.238028,1.248576,10.742112,83.325317,59.980026
4.8909826,5.284003,9.133880,1.161188,10.615875,83.720299,59.950367
4.9007049,5.246893,9.050082,1.169568,10.526241,83.620712,59.896477
4.9101877,5.163096,9.045294,1.248576,10.489702,83.163948,60.282074
4.9201818,4.938041,8.892065,1.253365,10.248121,82.975029,60.955219
4.9305272,4.721366,8.850166,1.376666,10.124819,82.185318,61.921074
4.9401736,4.796783,9.162610,1.443704,10.442549,82.053291,62.367172
4.9507661,4.390966,8.719683,1.040281,9.818128,83.917801,63.271572
4.9603448,4.194642,8.686164,1.313220,9.734938,82.247299,64.223610
4.9714708,4.249708,8.489840,1.321599,9.585615,82.075203,63.409103
4.9806738,4.341885,8.416816,1.327585,9.563328,82.020409,62.712677
4.9902329,4.351461,8.634688,1.286883,9.754441,82.418983,63.254128
5.0001521,4.070143,8.766370,1.102530,9.727840,83.492249,65.095001
5.0102639,4.053383,8.936357,0.922965,9.855976,84.626656,65.601746
5.0202103,3.869030,9.028535,0.711078,9.848323,85.859474,66.803246
5.0303726,3.846285,9.159019,0.586579,9.951161,86.620697,67.220268
5.0403304,3.918111,9.223662,0.520739,10.034875,87.025421,66.984749
5.0510039,3.881001,9.107543,0.511162,9.913163,87.044289,66.919670
5.0602016,3.835511,8.912416,0.659603,9.725090,86.110939,66.715088
5.0712361,3.906140,8.790312,0.845153,9.656179,84.978783,66.041130
5.0801091,4.040215,8.750807,1.018733,9.692150,83.966553,65.217400
5.0901237,4.149151,8.695741,1.094150,9.696831,83.521187,64.491974
5.0999618,4.135983,8.595184,1.104924,9.602313,83.392426,64.303246
5.1106739,4.043807,8.477868,1.101333,9.457249,83.312515,64.499611
5.1207175,4.007894,8.471883,1.091756,9.435462,83.355553,64.682022
5.1300721,4.034230,8.564059,1.066617,9.526584,83.571564,64.776512
5.1401811,4.050989,8.667010,1.031901,9.622495,83.843857,64.948456
5.1504107,4.116830,8.791509,1.013944,9.760482,84.037209,64.907555
5.1601477,4.137180,8.851364,0.936133,9.815256,84.527077,64.948334
5.1711211,4.177882,8.858546,0.888249,9.834507,84.818008,64.750420
5.1805387,4.210204,8.826224,0.897826,9.820088,84.754265,64.498360
5.1901579,4.170700,8.725668,0.914585,9.714344,84.597725,64.453110
5.2000718,4.109647,8.592790,0.987608,9.576043,84.080376,64.439751
5.2103930,4.124012,8.517372,1.069011,9.523439,83.554932,64.164276
5.2201400,4.209007,8.541314,1.110910,9.586653,83.345566,63.766747
5.2308869,4.316746,8.621520,1.165976,9.712074,83.104767,63.403133
5.2407041,4.424485,8.735245,1.188721,9.863753,83.078224,63.137352
5.2505708,4.538209,8.842984,1.152808,10.006132,83.384254,62.833157
5.2600427,4.582502,8.828619,1.104924,10.008231,83.661537,62.568394
5.2711320,4.533421,8.683769,1.109712,9.858561,83.536896,62.432884
5.2800522,4.503493,8.579621,1.167173,9.759798,83.131561,62.304756
5.2910457,4.504691,8.529344,1.185130,9.718357,82.995483,62.159657
5.3002677,4.514267,8.506598,1.175553,9.701689,83.040375,62.046078
5.3102989,4.516662,8.477868,1.170765,9.677043,83.051125,61.953133
5.3200741,4.509479,8.464700,1.149217,9.659568,83.167229,61.954014
5.3303289,4.547786,8.506598,1.127669,9.711654,83.332054,61.870209
5.3401527,4.648343,8.585608,1.114501,9.826589,83.487679,61.568398
5.3504210,4.667496,8.609550,1.136049,9.859030,83.383148,61.536545
5.3607340,4.678270,8.633492,1.124078,9.883671,83.469574,61.547859
5.3712988,4.674679,8.609550,1.085770,9.856768,83.675758,61.499615
5.3802290,4.661511,8.574833,1.037886,9.815022,83.929924,61.470303
5.3907094,4.684256,8.560468,1.022324,9.811677,84.019234,61.312687
5.4000955,4.680665,8.559271,1.006762,9.807309,84.107964,61.327816
5.4102030,4.661511,8.556877,0.974440,9.792822,84.289299,61.419876
5.4201064,4.605247,8.508993,1.023521,9.729278,83.961304,61.576809
5.4303360,4.614824,8.504205,0.986411,9.725796,84.178932,61.513439
5.4400878,4.692636,8.613141,0.988805,9.858233,84.243408,61.417446
5.4499931,4.787206,8.772355,0.978031,10.041320,84.410492,61.378036
5.4600668,4.837484,8.898050,0.963666,10.173751,84.564751,61.468990
5.4710789,4.838682,8.859743,1.036689,10.148035,84.136627,61.359173
5.4798951,4.838682,8.859743,1.110910,10.155886,83.720093,61.359173
5.4899898,4.909311,8.656237,1.142034,10.016787,83.453354,60.440632
5.4999471,4.878186,8.544906,1.133654,9.904407,83.427544,60.278465
5.5103817,4.797980,8.475474,1.110910,9.802469,83.492714,60.485725
5.5210972,4.720169,8.486248,1.054646,9.767736,83.801552,60.916584
5.5301819,4.644751,8.566454,0.972046,9.792994,84.303482,61.533348
5.5400276,4.619612,8.661025,0.894234,9.856664,84.794746,61.925457
5.5503893,4.626795,8.700529,0.883460,9.893783,84.876976,61.996708
5.5599937,4.695030,8.676587,0.982820,9.914252,84.310806,61.581524
5.5713172,4.880580,8.695741,1.073799,10.029408,83.853844,60.696201
5.5807829,4.954801,8.726865,1.255759,10.113612,82.867447,60.413643
5.5900598,4.791995,8.756793,1.964442,10.173676,78.866791,61.311123
5.6006756,5.108029,8.553286,0.823605,9.996449,85.274055,59.154316
5.6103110,5.273229,8.738836,0.320823,10.211617,88.199615,58.892185
5.6199198,5.525817,8.641871,0.617704,10.276097,86.553833,57.404186
