Keuwl Accelerometer Data File
2019-06-27 16-04-26

Time (s), X (m/s2), Y (m/s2), Z (m/s2), R (m/s2), Theta (deg), Phi (deg)
0.0000000,1.906982,8.396465,4.596867,9.760553,61.903126,77.204208
0.0170110,1.989582,7.508216,5.756858,9.668152,53.455601,75.158455
0.0270520,1.583764,7.017405,6.370971,9.609451,48.471684,77.281944
0.0368500,1.237802,6.628347,6.752846,9.542959,44.957912,79.422211
0.0468590,1.346738,6.530185,7.024588,9.685136,43.506546,78.347107
0.0571180,1.841141,6.690597,7.289147,10.064073,43.591507,74.613983
0.0671430,2.333150,6.795941,7.588422,10.450481,43.436954,71.051880
0.0770640,2.689886,6.530185,7.870938,10.574993,41.901226,67.612473
0.0873920,2.944868,6.509834,7.945158,10.685305,41.964493,65.659325
0.0970840,2.997540,6.478710,7.790732,10.566667,42.498646,65.171173
0.1069300,2.967613,6.470330,7.558495,10.382810,43.282547,65.361473
0.1172600,2.668338,6.932411,7.226898,10.363706,45.787014,68.947906
0.1270270,2.138022,7.362170,6.771999,10.229011,48.544468,73.806358
0.1370760,1.702277,7.510611,6.466739,10.056129,49.979298,77.229683
0.1477800,1.635240,7.474698,6.374562,9.958923,50.201809,77.659821
0.1570570,1.734599,7.411252,6.418855,9.956765,49.858860,76.827072
0.1675450,1.802834,7.350199,6.432023,9.932097,49.639126,76.218735
0.1773230,1.770512,7.217321,6.439206,9.832995,49.091194,76.216713
0.1870030,1.665167,7.046135,6.461950,9.704515,48.250858,76.703606
0.1973990,1.583764,6.894104,6.482301,9.594645,47.497948,77.062073
0.2073750,1.648408,6.816292,6.394913,9.490732,47.638496,76.404976
0.2171110,1.788469,6.953959,6.272809,9.534374,48.858944,75.576851
0.2271170,1.976413,7.134721,6.137536,9.616643,50.340763,74.516556
0.2372340,2.165555,7.302315,6.051345,9.727909,51.533264,73.481888
0.2470470,2.310405,7.380127,6.062119,9.826165,51.907249,72.616875
0.2569390,2.584541,7.709330,6.190208,10.219213,52.717731,71.466354
0.2673190,2.424129,7.637504,6.264429,10.171082,51.982235,72.390663
0.2774820,2.226608,7.252037,6.343437,9.888833,50.098122,72.931839
0.2871150,2.120066,6.950367,6.532579,9.771227,48.044544,73.036758
0.2972680,2.092532,6.836643,6.698977,9.797687,46.864155,72.981903
0.3070640,2.139219,6.889316,6.775591,9.896846,46.794174,72.749771
0.3173630,2.240973,7.040150,6.761226,10.014981,47.537216,72.343040
0.3270120,2.321178,7.149086,6.696582,10.066853,48.301476,72.012329
0.3369370,2.378639,7.193379,6.672640,10.095879,48.629375,71.702461
0.3470270,2.418144,7.189788,6.698977,10.120116,48.551498,71.410645
0.3569550,2.381034,7.220912,6.679823,10.120817,48.699497,71.750473
0.3672060,2.403779,7.129933,6.621165,10.022670,48.652912,71.369034
0.3773450,2.363077,6.979098,6.579266,9.878192,48.237877,71.294235
0.3872110,2.272097,6.892907,6.555324,9.779922,47.911018,71.756317
0.3969580,2.254141,6.868965,6.524199,9.738018,47.935097,71.832069
0.4072800,2.251747,6.913258,6.506243,9.756777,48.176094,71.958832
0.4171690,2.264915,6.992266,6.479907,9.798512,48.599728,72.051971
0.4272080,2.284068,7.043741,6.478710,9.838950,48.816277,72.033722
0.4369680,2.294842,7.064092,6.488286,9.862330,48.861176,72.003082
0.4470580,2.272097,7.054515,6.487090,9.849413,48.804752,72.147446
0.4573830,2.244564,7.031770,6.518214,9.847384,48.553272,72.296745
0.4674690,2.206257,6.973113,6.549339,9.817622,48.156342,72.442894
0.4769460,2.142811,6.916849,6.545747,9.761210,47.887562,72.787239
0.4869540,2.096124,6.894104,6.551733,9.738974,47.721615,73.088326
0.4970680,2.100912,6.932411,6.596025,9.796924,47.679649,73.140228
0.5069930,2.184709,7.016208,6.641516,9.905043,47.892895,72.704437
0.5169620,2.324770,7.108385,6.702568,10.042813,48.133335,71.889870
0.5270350,2.439692,7.170634,6.712144,10.120423,48.453503,71.209961
0.5369770,2.499547,7.177817,6.730101,10.151998,48.476002,70.800240
0.5470180,2.483984,7.164649,6.706159,10.122991,48.511616,70.878563
0.5569910,2.384625,7.132327,6.661866,10.046741,48.464245,71.513138
0.5669270,2.284068,7.114370,6.604405,9.972432,48.527061,72.200775
0.5770410,2.207454,7.104794,6.555324,9.915807,48.616302,72.740021
0.5872910,2.160767,7.059304,6.485892,9.826978,48.699451,72.981285
0.5969610,2.104503,7.018602,6.424840,9.745168,48.754650,73.308823
0.6072000,2.066196,6.987478,6.415264,9.708224,48.638542,73.527061
0.6169720,2.056619,6.992266,6.397307,9.697783,48.725525,73.609932
0.6270200,2.076970,7.030573,6.384139,9.721111,48.949093,73.541824
0.6368670,2.099715,7.085640,6.373365,9.758836,49.225277,73.493660
0.6469050,2.133234,7.108385,6.376956,9.784958,49.329334,73.295441
0.6571540,2.142811,7.107188,6.369773,9.781501,49.367397,73.221992
0.6670340,2.160767,7.091625,6.394913,9.790555,49.218845,73.054398
0.6771510,2.145205,7.085640,6.422446,9.800817,49.057827,73.156113
0.6869580,2.123657,7.079654,6.454768,9.813024,48.869549,73.302536
0.6968899,2.140416,7.091625,6.505046,9.858405,48.711742,73.204971
0.7072280,2.178724,7.097611,6.563704,9.909850,48.521313,72.935310
0.7169130,2.175132,7.086837,6.604405,9.928375,48.301941,72.937408
0.7271540,2.166753,7.062895,6.627151,9.924638,48.106560,72.945053
0.7369660,2.130840,7.050924,6.621165,9.904334,48.047688,73.184807
0.7471180,2.088941,7.050924,6.600814,9.881799,48.088882,73.497292
0.7569150,2.005144,7.169437,6.455965,9.853980,49.067978,74.374786
0.7672179,1.987187,7.302315,6.418855,9.923428,49.696342,74.776680
0.7769380,2.000355,7.407660,6.421249,10.005363,50.075268,74.888351
0.7871570,2.072181,7.480683,6.457162,10.097005,50.244514,74.517036
0.7969390,2.090138,7.450756,6.459556,10.080094,50.146782,74.329758
0.8071440,2.063802,7.358579,6.463148,10.009007,49.779335,74.333214
0.8171870,2.011129,7.256825,6.478710,9.933772,49.293056,74.510017
0.8271020,1.960851,7.189788,6.469133,9.868519,49.039974,74.744881
0.8369830,1.960851,7.168240,6.472724,9.855189,48.944988,74.701172
0.8470640,2.000355,7.177817,6.443994,9.851271,49.146423,74.427605
0.8569170,2.060210,7.238869,6.397307,9.877815,49.635803,74.113441
0.8669400,2.109292,7.332242,6.363788,9.935225,50.168808,73.950874
0.8769580,2.149993,7.381324,6.338649,9.964180,50.495148,73.760490
0.8871360,2.169147,7.410054,6.318298,9.976723,50.705692,73.683655
0.8969660,2.181118,7.380127,6.347029,9.975386,50.485828,73.535515
0.9068930,2.141613,7.305906,6.359000,9.919661,50.129829,73.662315
0.9170410,2.080561,7.201759,6.405687,9.860370,49.485565,73.886192
0.9269649,2.023100,7.117962,6.434417,9.806123,48.992088,74.133545
0.9368899,2.009932,7.091625,6.416461,9.772510,48.960236,74.176033
0.9469730,2.027889,7.157466,6.386533,9.804563,49.353981,74.181252
0.9569070,2.082955,7.287950,6.331466,9.876253,50.127617,74.049637
0.9669360,2.153584,7.400477,6.296751,9.952591,50.752281,73.774681
0.9770130,2.211045,7.441179,6.262034,9.973612,51.107567,73.451401
0.9871950,2.218228,7.406463,6.257246,9.946324,51.016148,73.327095
0.9968600,2.182315,7.310695,6.287174,9.886218,50.509270,73.379112
1.0068820,2.120066,7.174225,6.321889,9.794411,49.799911,73.536987
1.0169309,2.012326,7.074866,6.307524,9.689585,49.386040,74.122490
1.0272430,1.933318,7.083246,6.281188,9.662475,49.453873,74.733414
1.0371929,1.887828,7.201759,6.222530,9.703047,50.111431,75.311302
1.0471760,1.918953,7.368156,6.241684,9.845341,50.656116,75.402245
1.0569780,1.970428,7.469909,6.247669,9.935568,51.036991,75.223000
1.0668949,2.026692,7.489063,6.245275,9.959769,51.167179,74.857307
1.0769529,2.024297,7.416040,6.240487,9.901469,50.930794,74.732361
1.0868509,1.981202,7.308300,6.209362,9.792477,50.647095,74.832268
1.0969090,1.885434,7.217321,6.178237,9.685824,50.367283,75.359398
1.1070499,1.820790,7.253234,6.161478,9.689608,50.514332,75.908142
1.1169080,1.829170,7.383718,6.155493,9.785461,51.020321,76.086220
1.1270269,1.895011,7.530962,6.149507,9.905700,51.625065,75.875931
1.1371490,1.934515,7.597999,6.121974,9.947387,52.016438,75.715515
1.1481320,1.892616,7.570466,6.086061,9.896165,52.048672,75.963753
1.1568919,1.764527,7.498640,6.045359,9.792319,51.876598,76.758461
1.1668779,1.616086,7.426814,6.008249,9.688568,51.673790,77.723724
1.1768939,1.482011,7.364564,5.989096,9.607415,51.436424,78.622025
1.1869110,1.436521,7.411252,6.068104,9.685666,51.207367,79.030403
1.1969390,1.516727,7.495049,6.155493,9.816634,51.167397,78.559898
1.2068620,1.667562,7.533356,6.250063,9.929527,50.991016,77.518440
1.2169410,1.813608,7.479486,6.327875,9.963628,50.572784,76.370117
1.2272569,1.869871,7.414843,6.381745,9.960070,50.153503,75.846283
1.2368799,1.861492,7.402872,6.390124,9.954966,50.066116,75.885300
1.2470090,1.813608,7.445967,6.381745,9.972877,50.214878,76.311066
1.2569120,1.771709,7.546524,6.353014,10.022463,50.663219,76.787849
1.2673309,1.764527,7.655460,6.333860,10.091453,51.123337,77.020432
1.2769610,1.801637,7.735666,6.369773,10.181376,51.271564,76.889526
1.2872640,1.875857,7.738060,6.416461,10.225820,51.135818,76.373260
1.2968889,1.848324,7.650671,6.466739,10.186647,50.592991,76.418175
1.3068579,1.646014,7.457938,6.408081,9.969639,50.002094,77.553993
1.3168889,1.538275,7.492654,6.337452,9.933249,50.356865,78.398140
1.3269449,1.492785,7.595605,6.269217,9.961160,50.996624,78.881218
1.3369809,1.515530,7.712921,6.260838,10.049082,51.462566,78.883446
1.3472110,1.578976,7.788338,6.289568,10.134596,51.639763,78.539421
1.3572800,1.661576,7.811083,6.355408,10.206129,51.486057,77.991020
1.3669510,1.702277,7.781156,6.399701,10.217647,51.219536,77.659859
1.3769660,1.725022,7.733272,6.434417,10.206905,50.920475,77.425186
1.3871390,1.727417,7.690176,6.476315,10.201246,50.590744,77.339996
1.3971289,1.732205,7.690176,6.506243,10.221083,50.464867,77.306038
1.4068919,1.731008,7.694964,6.496666,10.218392,50.522018,77.322166
1.4172310,1.769315,7.721301,6.494272,10.243268,50.653854,77.093643
1.4270380,1.794454,7.767987,6.491878,10.281351,50.844841,76.992485
1.4369370,1.802834,7.815871,6.445191,10.289730,51.217098,77.011154
1.4473200,1.824382,7.838616,6.409278,10.288397,51.467258,76.898071
1.4571640,1.830367,7.826645,6.385336,10.265434,51.535984,76.837166
1.4670069,1.810017,7.764396,6.354211,10.195000,51.444866,76.877708
1.4771050,1.787272,7.678205,6.335058,10.113463,51.215096,76.896477
1.4869959,1.763330,7.590816,6.302736,10.022689,51.034904,76.922264
1.4968899,1.721431,7.523779,6.275203,9.947298,50.887512,77.112625
1.5070840,1.692701,7.473501,6.229713,9.875615,50.889523,77.238182
1.5169309,1.728614,7.461530,6.178237,9.840384,51.108677,76.956383
1.5269930,1.787272,7.463924,6.151901,9.836178,51.285793,76.533813
1.5375359,1.835156,7.507020,6.156690,9.880687,51.456879,76.262962
1.5473521,1.869871,7.534553,6.125565,9.888804,51.724426,76.062325
1.5573319,1.945289,7.517793,6.101623,9.875787,51.841675,75.492462
1.5671200,1.964442,7.445967,6.074090,9.807958,51.734810,75.220619
1.5769180,1.890222,7.315483,6.029797,9.666834,51.408672,75.512413
1.5871609,1.793257,7.140707,5.963956,9.474926,50.990723,75.902748
1.5968640,1.677138,6.958747,5.882554,9.265063,50.586113,76.449478
1.6070910,1.555034,6.830657,5.760449,9.069663,50.570091,77.174904
1.6168880,1.444901,6.823475,5.625177,8.960478,51.113739,78.043983
1.6269180,1.392228,6.945579,5.492299,8.963521,52.212189,78.665382
1.6369170,1.420959,7.158663,5.390545,9.073233,53.550423,78.773003
1.6471469,1.453280,7.382521,5.306748,9.207346,54.805054,78.863480
1.6569179,1.471237,7.546524,5.264850,9.318433,55.598194,78.968246
1.6668500,1.454478,7.627927,5.300763,9.402066,55.681900,79.204544
1.6768550,1.397017,7.614758,5.363012,9.417967,55.288483,79.604027
1.6869469,1.325191,7.536947,5.451597,9.395829,54.534359,80.027847
1.6969049,1.247379,7.420828,5.559336,9.355793,53.543434,80.458260
1.7068419,1.165976,7.311892,5.640739,9.308125,52.699043,80.939728
1.7168980,1.170765,7.274782,5.717354,9.326375,52.191036,80.857513
1.7269099,1.262941,7.357382,5.785588,9.444529,52.223259,80.259743
1.7368810,1.394622,7.520187,5.872977,9.643135,52.480461,79.493828
1.7471490,1.574188,7.704541,6.003461,9.893410,52.640499,78.452301
1.7573299,1.756147,7.820660,6.121974,10.085897,52.628288,77.344032
1.7673539,1.878251,7.851785,6.216545,10.189395,52.403301,76.546898
1.7770059,1.904588,7.821857,6.263232,10.199852,52.116989,76.315048
1.7873209,1.821988,7.736863,6.247669,10.109998,51.832001,76.748611
1.7971419,1.684321,7.700950,6.185420,10.020029,51.880360,77.662773
1.8069259,1.565808,7.710526,6.147113,9.984536,51.999863,78.520813
1.8168930,1.533486,7.742848,6.187814,10.029572,51.905746,78.797432
1.8269489,1.559822,7.728483,6.232107,10.049958,51.675632,78.589409
1.8370260,1.595735,7.677008,6.287174,10.050441,51.276550,78.257759
1.8470600,1.794454,7.692570,6.291962,10.098737,51.461197,76.869362
1.8568779,1.848324,7.802703,6.289568,10.191032,51.890457,76.673279
1.8670321,1.875857,7.931990,6.206968,10.245085,52.710087,76.694435
1.8769240,1.885434,8.007407,6.130353,10.259370,53.306297,76.750412
1.8879050,1.862689,8.032547,6.041768,10.222249,53.769085,76.944283
1.8968710,1.770512,8.016984,5.940014,10.133634,54.114437,77.546402
1.9073370,1.653196,8.019379,5.846641,10.061148,54.471298,78.351646
1.9169719,1.571793,8.069656,5.762844,10.039933,54.970909,78.978035
1.9268870,1.544260,8.158242,5.750873,10.100207,55.292881,79.281395
1.9368889,1.531092,8.177396,5.764040,10.121177,55.284424,79.395035
1.9469510,1.509544,8.097190,5.755661,10.048425,55.054825,79.439682
1.9568770,1.459266,7.942764,5.701791,9.885716,54.776272,79.589561
1.9669399,1.405396,7.823054,5.647922,9.750607,54.603035,79.815559
1.9772609,1.382651,7.772776,5.595249,9.676497,54.673790,79.913506
1.9868779,1.417367,7.809886,5.530606,9.674236,55.132263,79.713699
1.9968880,1.478420,7.899669,5.485116,9.730210,55.686535,79.399742
2.0070179,1.563414,8.019379,5.440824,9.816174,56.339458,78.968307
2.0169499,1.685518,8.107965,5.465962,9.922541,56.573746,78.256371
2.0273490,1.766921,8.153454,5.464766,9.973188,56.773808,77.772598
2.0369110,1.739388,8.104373,5.453991,9.922316,56.655678,77.886749
2.0471570,1.625663,8.003817,5.433641,9.809603,56.364304,78.518784
2.0568678,1.483208,7.928399,5.339070,9.672905,56.498325,79.403854
2.0668778,1.379060,7.906851,5.242105,9.586436,56.850521,80.106377
2.0771179,1.328782,7.940370,5.193024,9.580325,57.176640,80.499863
2.0868988,1.346738,8.016984,5.170279,9.634185,57.543465,80.464165
2.0969300,1.431733,8.060080,5.218163,9.707932,57.485344,79.927467
2.1069551,1.541866,8.027759,5.309142,9.747269,56.997200,79.127785
2.1170619,1.636437,8.007407,5.395334,9.793167,56.569271,78.449776
2.1268489,1.685518,7.988254,5.433641,9.807019,56.354256,78.085381
2.1372430,1.721431,8.022970,5.436035,9.842858,56.476280,77.890060
2.1469820,1.744176,8.095993,5.382165,9.876991,56.980835,77.842194
2.1568909,1.751359,8.157045,5.312734,9.890894,57.511261,77.882278
2.1669381,1.735796,8.204929,5.272032,9.905967,57.845257,78.054901
2.1769159,1.734599,8.254010,5.280412,9.950892,57.950817,78.131866
2.1869299,1.748964,8.293514,5.366603,10.032033,57.659706,78.091751
2.1969841,1.757344,8.297106,5.465962,10.089944,57.198936,78.041367
2.2068369,1.772906,8.250419,5.540183,10.094861,56.714439,77.872314
2.2169089,1.787272,8.225280,5.576096,10.096653,56.477001,77.740768
2.2270720,1.804031,8.245630,5.592855,10.125462,56.471237,77.658928
2.2369590,1.816002,8.299500,5.588067,10.168877,56.665470,77.657707
2.2469318,1.801637,8.372523,5.562928,10.212307,56.993935,77.856018
2.2569039,1.790863,8.437167,5.530606,10.246003,57.331219,78.016327
2.2670469,1.778892,8.495825,5.499481,10.275592,57.642624,78.174011
2.2772322,1.762132,8.530540,5.481525,10.291859,57.818172,78.328712
2.2868648,1.740585,8.520964,5.468357,10.273236,57.839584,78.454971
2.2970870,1.686715,8.486248,5.436035,10.218213,57.859673,78.758469
2.3072598,1.631648,8.461109,5.434838,10.187743,57.759903,79.085014
2.3170199,1.582567,8.450335,5.428853,10.167848,57.729069,79.392593
2.3269570,1.534683,8.447941,5.384560,10.134912,57.907463,79.703728
2.3372400,1.515530,8.467094,5.295974,10.101280,58.379715,79.852058
2.3473139,1.538275,8.497022,5.219360,10.089965,58.849873,79.738487
2.3576279,1.547851,8.483853,5.097255,10.017666,59.414299,79.660294
2.3671920,1.561020,8.458714,5.097255,9.998432,59.349129,79.543953
2.3770330,1.535880,8.432379,5.074511,9.960652,59.372425,79.677261
2.3869660,1.532289,8.434772,5.090073,9.970061,59.300480,79.703743
2.3972647,1.491588,8.485051,5.038598,9.980400,59.678654,80.029839
2.4071009,1.460463,8.495825,5.007473,9.969292,59.848392,80.245979
2.4170828,1.400608,8.493430,4.964377,9.937057,60.027630,80.635925
2.4271307,1.353921,8.475474,4.932055,9.899088,60.116814,80.923927
2.4369018,1.319205,8.428787,4.904522,9.840686,60.106304,81.104698
2.4468579,1.284489,8.361750,4.892551,9.772708,59.958038,81.266785
2.4569860,1.255759,8.310274,4.880580,9.718932,59.856167,81.407089
2.4670489,1.256956,8.298303,4.881777,9.709455,59.815514,81.386803
2.4777868,1.273715,8.352173,4.921282,9.777534,59.779743,81.329140
2.4870808,1.334767,8.457518,4.959589,9.894883,59.918743,81.031540
2.4974170,1.407791,8.543709,5.021838,10.009780,59.887917,80.643158
2.5071900,1.449689,8.516175,5.074511,10.018857,59.569294,80.339272
2.5170438,1.450886,8.422802,5.149928,9.978498,58.928825,80.226318
2.5272589,1.393425,8.275558,5.187038,9.865691,58.280224,80.442276
2.5371189,1.320402,8.183381,5.185841,9.777737,57.969387,80.834229
2.5469790,1.278504,8.173804,5.163096,9.752088,58.032719,81.110123
2.5574079,1.292869,8.256405,5.123591,9.802598,58.488018,81.100334
2.5668428,1.358709,8.394072,5.087678,9.909137,59.107227,80.805542
2.5769699,1.411382,8.495825,5.069722,9.993654,59.516239,80.567795
2.5871470,1.462857,8.544906,5.084087,10.050040,59.610394,80.285347
2.5973549,1.431733,8.519767,5.093664,10.029042,59.476524,80.460670
2.6069601,1.323994,8.445546,5.097255,9.953000,59.194019,81.090355
2.6169269,1.205481,8.361750,5.054160,9.844621,59.109898,81.796417
2.6268840,1.074997,8.319851,4.991910,9.761901,59.245094,82.637680
2.6370728,1.009156,8.337808,4.936844,9.742169,59.552414,83.098846
2.6470070,0.985214,8.379706,4.892551,9.753317,59.892136,83.294441
2.6568859,0.999579,8.444349,4.885368,9.806785,60.121521,83.249168
2.6672277,1.058237,8.459911,4.905719,9.836465,60.084126,82.869995
2.6769631,1.097741,8.401254,4.938041,9.806648,59.765507,82.555679
2.6870010,1.106121,8.331821,4.944026,9.751213,59.534695,82.437714
2.6968889,1.085770,8.319851,4.941632,9.737481,59.503502,82.564713
2.7069991,1.074997,8.343793,4.908113,9.739819,59.740150,82.658577
2.7169988,1.064223,8.419210,4.860229,9.779443,60.199318,82.795784
2.7272599,1.077391,8.491036,4.813542,9.819810,60.647133,82.768631
2.7371750,1.091756,8.538920,4.783615,9.848252,60.939533,82.713898
2.7469430,1.134852,8.565256,4.808754,9.888155,60.901363,82.452568
2.7569220,1.144428,8.550891,4.878186,9.910810,60.514149,82.376984
2.7673669,1.142034,8.503007,4.987122,9.923546,59.830856,82.350410
2.7769330,1.134852,8.481460,5.081693,9.952218,59.295589,82.378876
2.7870431,1.163582,8.500613,5.167884,10.016056,58.938358,82.205673
2.7969029,1.234211,8.555679,5.231331,10.103947,58.818470,81.791351
2.8069928,1.291672,8.590396,5.257667,10.154131,58.816139,81.448936
2.8168559,1.314417,8.588001,5.280412,10.166820,58.709534,81.298256
2.8270369,1.338359,8.547300,5.278018,10.134348,58.613747,81.100739
2.8370469,1.319205,8.511387,5.278018,10.101558,58.500214,81.189659
2.8471909,1.280898,8.508993,5.275623,10.093357,58.487625,81.439278
2.8569229,1.262941,8.549694,5.257667,10.116094,58.685661,81.597160
2.8668900,1.227028,8.595184,5.206192,10.123597,59.051792,81.875481
2.8771510,1.181539,8.623915,5.153519,10.115666,59.372185,82.198639
2.8869591,1.118092,8.621520,5.088876,10.073599,59.657391,82.610771
2.8970699,1.047463,8.610746,5.019444,10.021823,59.943657,83.064270
2.9070940,0.969652,8.595184,4.933253,9.957630,60.302261,83.563484
2.9170291,0.922965,8.605958,4.859032,9.925955,60.690441,83.878586
2.9270148,0.918176,8.601170,4.817134,9.900907,60.886932,83.906738
2.9371309,0.951695,8.588001,4.788404,9.878679,61.005802,83.676460
2.9468439,0.978031,8.570045,4.806360,9.874375,60.872761,83.489456
2.9571881,1.000776,8.546103,4.814740,9.859977,60.770340,83.320900
2.9669628,1.010353,8.528147,4.823119,9.849496,60.680328,83.243507
2.9771049,1.036689,8.525752,4.855441,9.866027,60.518833,83.067154
2.9870999,1.045069,8.524555,4.900931,9.888344,60.288891,83.010689
2.9968719,1.080982,8.535329,4.905719,9.903860,60.308220,82.782036
3.0072241,1.109712,8.543709,4.942830,9.932673,60.156448,82.599480
3.0169139,1.127669,8.517372,4.969166,9.925214,59.956268,82.458107
3.0269177,1.092953,8.458714,4.995502,9.884303,59.642258,82.637589
3.0370128,1.057040,8.384495,4.977545,9.807805,59.501980,82.814583
3.0470951,1.017536,8.329428,4.944026,9.739514,59.494202,83.035172
3.0570669,1.015141,8.295909,4.902128,9.689348,59.606918,83.023598
3.0671721,1.036689,8.301894,4.854244,9.672634,59.877308,82.882103
3.0769169,1.066617,8.310274,4.780024,9.646085,60.294617,82.686119
3.0868621,1.102530,8.352173,4.727351,9.660342,60.701706,82.480141
3.0968790,1.131260,8.398860,4.695030,9.688338,61.013317,82.328880
3.1069548,1.133654,8.439561,4.684256,9.718725,61.185036,82.349472
3.1169541,1.104924,8.459911,4.693832,9.737711,61.182178,82.558884
3.1269910,1.069011,8.479065,4.721366,9.763638,61.081417,82.814262
3.1368759,1.028310,8.469488,4.754885,9.767220,60.868172,83.077408
3.1468349,1.025915,8.462306,4.778827,9.772427,60.724384,83.087563
3.1568940,1.025915,8.452729,4.851850,9.800080,60.324799,83.079811
3.1671219,1.073799,8.482656,4.933253,9.871449,60.016563,82.785439
3.1768718,1.128866,8.499416,5.007473,9.929210,59.713951,82.434433
3.1870718,1.169568,8.480263,5.036203,9.932074,59.531494,82.147507
3.1968808,1.195904,8.412027,5.007473,9.862412,59.487053,81.908714
3.2071307,1.221043,8.343793,4.954801,9.780586,59.562683,81.674347
3.2171409,1.253365,8.268375,4.928464,9.707045,59.487892,81.380417
3.2268569,1.307234,8.226477,4.909311,9.668770,59.485973,80.970863
3.2369730,1.333570,8.206126,4.876989,9.638669,59.603466,80.769608
3.2470689,1.375469,8.225280,4.821922,9.633176,59.963360,80.506577
3.2569730,1.403002,8.325836,4.781221,9.702991,60.478020,80.434845
3.2672057,1.440112,8.462306,4.727351,9.799612,61.157608,80.341949
3.2771020,1.436521,8.559271,4.722563,9.880653,61.447712,80.472717
3.2873027,1.508347,8.601170,4.750096,9.940757,61.455544,80.053444
3.2968807,1.592144,8.588001,4.771644,9.952752,61.351845,79.497086
3.3070130,1.684321,8.520964,4.781221,9.914829,61.168900,78.818604
3.3170669,1.709460,8.457518,4.787206,9.867583,60.978046,78.573151
3.3272970,1.641225,8.397662,4.801571,9.811699,60.700684,78.941597
3.3370171,1.586159,8.420407,4.793192,9.818037,60.777485,79.332153
3.3469419,1.544260,8.489840,4.777629,9.863461,61.028366,79.690887
3.3570399,1.576582,8.588001,4.776433,9.952572,61.319859,79.597488
3.3674591,1.654393,8.669404,4.796783,10.045134,61.476246,79.196068
3.3774588,1.723825,8.712500,4.832696,10.111092,61.447758,78.808205
3.3868830,1.770512,8.694544,4.849455,10.111727,61.341553,78.489960
3.3968718,1.841141,8.678981,4.848258,10.110396,61.345158,78.022949
3.4069810,1.917756,8.610746,4.826711,10.055838,61.315189,77.444206
3.4169641,1.980005,8.553286,4.786009,9.999249,61.403587,76.966148
3.4269271,2.041057,8.479065,4.775235,9.943004,61.297562,76.465416
3.4369228,2.009932,8.394072,4.752491,9.853245,61.162476,76.534248
3.4473419,1.929727,8.333019,4.776433,9.796803,60.820316,76.961510
3.4572568,1.857901,8.288726,4.821922,9.767585,60.418190,77.366096
3.4670398,1.837550,8.271967,4.735731,9.707171,60.800041,77.475586
3.4768429,1.831564,8.215703,4.625597,9.604610,61.209930,77.432304
3.4872429,1.835156,8.212111,4.471172,9.528796,62.015846,77.403114
3.4970989,1.871069,8.348581,4.220978,9.540249,63.740398,77.367714
3.5074089,2.024297,8.567651,4.072537,9.699896,65.174652,76.706390
3.5168598,2.157176,8.705317,4.118027,9.868845,65.337303,76.082466
3.5269780,2.122460,8.620323,4.189853,9.816806,64.735085,76.167999
3.5369709,1.922544,8.328231,4.268862,9.553993,63.460518,77.001175
3.5468757,1.659182,7.897274,4.241328,9.116397,62.274132,78.134979
3.5568819,1.446098,7.480683,4.101267,8.652873,61.707203,79.059052
3.5671668,1.314417,7.134721,3.948039,8.259477,61.445072,79.561546
3.5769651,1.217452,6.856994,3.784036,7.925874,61.482433,79.932114
3.5870178,1.167173,6.709750,3.628413,7.716762,61.952793,80.132034
3.5968480,1.124078,6.555324,3.447650,7.491469,62.599331,80.269806
3.6073558,1.063026,6.364985,3.342306,7.267329,62.618801,80.518456
3.6169999,0.979228,6.130353,3.260903,7.012390,62.288471,80.924561
3.6268988,0.799663,5.829881,3.210624,6.703364,61.382683,82.189690
3.6370449,0.682347,5.567716,3.104083,6.410958,61.040985,83.013000
3.6469338,0.464475,5.273229,2.956839,6.063463,60.813850,84.966278
3.6571760,0.241814,5.003881,2.932897,5.805100,59.653534,87.233315
3.6668401,0.039504,4.772841,2.953248,5.612775,58.253273,89.525780
3.6770020,-0.171185,4.569334,3.023877,5.481966,56.522846,92.145523
3.6870859,-0.369904,4.390966,3.025074,5.344949,55.530418,94.815346
3.6969111,-0.632069,4.240131,3.051410,5.262065,54.557316,98.478554
3.7070849,-0.867898,4.156334,2.980781,5.187814,54.930222,101.794647
3.7169421,-1.060631,4.234146,2.767697,5.168469,57.622414,104.062920
3.7268419,-1.137246,4.392163,2.393005,5.129415,62.190979,104.516571
3.7369237,-1.165976,4.458004,2.294842,5.147776,63.525917,104.657196
3.7469230,-1.222240,4.452018,2.072181,5.060462,65.827530,105.351540
3.7578528,-1.270124,4.419696,1.847127,4.955684,68.115990,106.033493
3.7669618,-1.358709,4.292804,1.774103,4.839597,68.495102,107.563026
3.7769620,-1.583764,4.108450,1.813608,4.762021,67.613762,111.081131
3.7870288,-1.867477,3.982754,1.771709,4.742231,68.062035,115.121452
3.7969520,-2.103306,4.056975,1.635240,4.853550,70.310898,117.404121
3.8070378,-2.175132,4.392163,1.437718,5.107771,73.651649,116.346008
3.8169498,-2.064999,4.899734,1.255759,5.463382,76.711754,112.853050
3.8269758,-1.820790,5.477933,1.063026,5.869673,79.565887,108.386101
3.8370249,-1.539472,5.944803,0.788889,6.191365,82.679604,104.518440
3.8472409,-1.383849,6.141128,0.569820,6.320853,84.827805,102.698982
3.8568881,-1.461660,6.096835,0.493206,6.288966,85.502022,103.481689
3.8672249,-1.782483,5.910087,0.405817,6.186361,86.238770,106.783318
3.8769310,-2.181118,5.826290,0.187945,6.224006,88.269592,110.523788
3.8870559,-2.579752,5.918467,0.011971,6.456277,89.893761,113.551514
3.8968980,-2.949656,6.239290,-0.175974,6.903635,91.460632,115.302681
3.9072139,-3.258508,6.669049,-0.281319,7.427868,92.170509,116.040215
3.9170339,-3.428497,7.134721,-0.237026,7.919281,91.715134,115.666000
3.9268899,-3.552995,7.511808,-0.189142,8.311848,91.303917,115.313591
3.9368801,-3.773262,7.742848,-0.223858,8.616224,91.488770,115.981003
3.9468620,-4.121618,7.839813,-0.338780,8.863700,92.190437,117.732216
3.9569347,-4.562151,7.831434,-0.378284,9.071256,92.390007,120.222664
3.9669240,-4.977545,7.914034,-0.537498,9.364656,93.290382,122.167915
3.9768460,-5.286397,8.220491,-0.654814,9.795471,93.833008,122.744080
3.9873011,-5.380968,8.760384,-0.519542,10.294127,92.892929,121.559860
3.9969337,-5.250484,9.405622,-0.120907,10.772554,90.643082,119.171494
4.0072541,-4.928464,9.996989,0.784101,11.173378,85.975914,116.243057
4.0168648,-4.496311,10.380061,0.784101,11.339192,86.034851,113.420715
4.0270019,-3.801992,10.387244,1.437718,11.154238,82.594292,110.103897
4.0369148,-3.752911,10.305841,1.458069,11.064387,82.427513,110.009285
4.0472608,-3.891775,10.444705,1.483208,11.244452,82.420265,110.435768
4.0568771,-4.165911,10.929531,1.367089,11.776179,83.333534,110.864891
4.0672579,-4.396951,11.700463,1.216254,12.558395,84.442314,110.595863
4.0768781,-4.505888,12.524069,1.179144,13.362100,84.937325,109.787628
4.0870590,-4.168305,13.075933,0.945710,13.756785,86.058098,107.681084
4.0969849,-3.119645,12.947843,0.836774,13.344625,86.404915,103.546616
4.1068521,-3.348291,12.777855,1.261744,13.269387,84.543678,104.683571
4.1173368,-3.277662,12.484565,1.238999,12.966980,84.517006,104.710297
4.1269288,-3.053804,12.076353,1.016339,12.497878,85.335503,104.191154
4.1370878,-3.020285,11.690886,0.970849,12.113690,85.403114,104.485374
4.1468601,-3.288436,11.579556,0.979228,12.077203,85.349312,105.853821
4.1568828,-3.703830,11.791444,1.009156,12.400600,85.332130,107.438110
4.1672158,-3.997120,12.282255,0.918176,12.948892,85.933876,108.026886
4.1769080,-4.024653,12.962208,0.669179,13.589130,87.177399,107.249115
4.1869049,-4.195838,13.751098,0.509965,14.386028,87.968521,106.968391
4.1971841,-4.187459,14.337677,0.226252,14.938373,89.132179,106.280960
4.2069187,-3.819949,14.556746,0.025139,15.049635,89.904289,104.703896
4.2168989,-3.313575,14.164097,0.246603,14.548616,89.028778,103.167084
4.2268558,-2.831144,13.248315,0.936133,13.579749,86.047127,102.062576
4.2368479,-2.523489,12.259510,1.641225,12.623676,82.529732,101.631264
4.2471738,-2.343924,11.568783,2.161964,12.000199,79.620880,101.453522
4.2569270,-2.170344,11.414356,2.425326,11.869293,78.209358,100.765793
4.2671790,-2.100912,11.580753,2.158373,11.966045,79.608406,100.282433
4.2769861,-2.067393,11.953052,1.637634,12.240563,82.311493,99.812767
4.2872238,-2.017115,12.322956,1.520318,12.579164,83.058258,99.296165
4.2968831,-1.842338,12.606669,1.527501,12.831819,83.163292,98.314346
4.3069186,-1.564611,12.700043,1.290475,12.860966,84.241226,97.023293
4.3171711,-1.436521,12.622231,1.171962,12.757657,84.729187,96.492828
4.3269277,-1.397017,12.581530,1.368286,12.732587,83.830894,96.336006
4.3369570,-1.233014,12.733562,1.414973,12.871133,83.688499,95.530807
4.3471222,-1.119289,13.077129,1.380257,13.197319,83.996674,94.892097
4.3569217,-1.173159,13.400347,1.262941,13.510758,84.636345,95.003311
4.3673201,-1.490391,13.619416,1.183933,13.751781,85.061119,96.245102
4.3769779,-1.835156,13.773843,1.077391,13.937263,85.566444,97.589096
4.3869491,-2.160767,13.800179,0.772130,13.989640,86.836067,98.898849
4.3968744,-2.215834,13.945027,0.374693,14.124946,88.479935,99.028687
4.4069309,-2.486378,14.293385,0.536301,14.517939,87.882980,99.868034
4.4169679,-2.822764,14.464569,0.475249,14.745088,88.152977,101.042503
4.4271879,-3.430891,14.624981,-0.436942,15.028373,91.666077,103.202347
4.4369488,-4.339490,15.009251,-0.539892,15.633307,91.979088,106.125694
4.4468341,-5.274426,15.277401,0.305261,16.165140,88.917969,109.046913
4.4569893,-5.521029,15.653291,1.096544,16.634594,86.220352,109.428116
4.4670591,-5.069722,16.190788,1.632846,17.044352,84.502647,107.386581
4.4769568,-4.325125,16.782156,1.399411,17.386944,85.383484,104.451874
4.4872799,-4.217386,17.614141,1.319205,18.159973,85.834160,103.464951
4.4968939,-4.772841,18.250999,1.763330,18.946987,84.659958,104.655289
4.5070477,-5.428853,18.179174,2.105700,19.088970,83.666824,106.627220
4.5170798,-5.588067,17.527950,2.370260,18.549223,82.658546,107.682747
4.5270400,-5.073313,16.632519,2.445677,17.560196,81.994171,106.962952
4.5369420,-4.365827,15.800534,2.252944,16.546694,82.174484,105.445946
4.5468745,-3.866636,15.375564,1.762132,15.951926,83.657867,104.115990
4.5568619,-3.921702,15.350424,1.644817,15.928612,84.072975,104.331291
4.5669537,-5.315128,15.331270,2.049437,16.355385,82.801544,109.120689
4.5768828,-6.185420,15.275007,1.810017,16.578945,83.732201,112.044861
4.5869532,-6.970718,15.193604,1.514333,16.784805,84.823708,114.645325
4.5968575,-7.614758,15.020024,1.374272,16.895985,85.334572,116.883812
4.6068530,-8.015787,14.871584,1.183933,16.935719,85.991325,118.324677
4.6169705,-8.066066,14.671668,0.847547,16.764175,87.102058,118.800743
4.6269555,-7.941567,14.329297,0.408211,16.387918,88.572655,118.996048
4.6368732,-7.841011,13.965379,-0.059855,16.016142,90.214127,119.312500
4.6470399,-7.724892,13.628993,-0.578200,15.676661,92.113708,119.544495
4.6568718,-7.540538,13.389573,-1.016339,15.400433,93.783936,119.386688
4.6670909,-7.323863,13.277045,-1.385046,15.226203,95.219101,118.881943
4.6772628,-6.988675,13.181277,-1.689109,15.014684,96.459290,117.932404
4.6869106,-6.679823,13.262680,-1.760935,14.953916,96.762695,116.732368
4.6968780,-6.320693,13.220781,-1.890222,14.775424,97.349998,115.551888
4.7072859,-5.844246,13.163321,-1.751359,14.508463,96.933250,113.940247
4.7169580,-5.190629,12.891579,-1.525106,13.980750,96.262642,111.931549
4.7268772,-4.595670,12.507310,-1.361104,13.394237,95.832382,110.175285
4.7372708,-4.139575,12.066776,-1.219846,12.815271,95.462074,108.934814
4.7470050,-3.681085,11.702858,-1.194707,12.326175,95.562088,107.460754
4.7569270,-3.227384,11.396400,-1.332373,11.919277,96.418114,105.811768
4.7668700,-2.867057,11.010934,-1.578976,11.487117,97.900681,104.594749
4.7769008,-2.495955,10.697293,-1.667562,11.110474,98.632095,103.133614
4.7869310,-2.309207,10.324995,-1.575385,10.696719,98.469177,102.606857
4.7969551,-2.202666,9.922769,-1.307234,10.248021,97.328598,102.515633
4.8069434,-2.041057,9.471462,-1.244985,9.768546,97.322166,102.161011
4.8169274,-1.893813,9.018958,-1.286883,9.305063,97.949440,101.858757
4.8272767,-1.766921,8.615535,-1.353921,8.898458,98.751678,101.589828
4.8370137,-1.788469,8.172607,-1.606509,8.518862,100.870079,102.343842
4.8470125,-2.090138,7.691373,-2.013524,8.220716,104.177864,105.203041
4.8569040,-2.335544,7.234080,-2.400187,7.971673,107.523056,107.892822
4.8669338,-2.371457,6.831854,-2.622848,7.692683,109.934982,109.142792
4.8775129,-2.097321,6.501455,-2.828749,7.393882,112.493568,107.879311
4.8872437,-1.771709,6.211756,-3.005920,7.124635,114.954926,105.919144
4.8969989,-1.659182,5.922058,-3.062184,6.870272,116.469101,105.651268
4.9070697,-1.746570,5.644331,-3.151967,6.696557,118.078751,107.194054
4.9172068,-2.018312,5.397728,-3.315969,6.648662,119.916832,110.501717
4.9271798,-2.402581,5.165490,-3.260903,6.564158,119.786789,114.944160
4.9375219,-2.633622,4.920084,-3.260903,6.463488,120.298920,118.159241
4.9471250,-2.685097,4.669890,-3.272874,6.303120,121.281731,119.898071
4.9573388,-2.625242,4.449624,-3.240552,6.098543,122.097725,120.540260
4.9670062,-2.485181,4.305972,-3.221398,5.924097,122.941246,119.991287
4.9770031,-2.391808,4.265270,-3.159149,5.821812,122.863548,119.282112
4.9870238,-2.321178,4.276044,-2.959233,5.694689,121.308640,118.494576
4.9968796,-2.141613,4.279635,-2.821567,5.555450,120.523499,116.584282
5.0071111,-1.792060,4.278439,-2.662352,5.348330,119.853981,112.726784
5.0171990,-1.444901,4.229357,-2.359486,5.053946,117.830673,108.862015
5.0268679,-1.400608,4.249708,-1.877054,4.852325,112.757767,108.241051
5.0373025,-1.280898,4.471172,-1.623269,4.926163,109.239639,105.985909
5.0469351,-1.139640,4.574122,-1.691504,5.008249,109.739456,103.990364
5.0569277,-1.408988,4.529830,-1.752556,5.057277,110.275917,107.278122
5.0673060,-1.708263,4.426879,-1.692701,5.037921,109.632866,111.100815
5.0769382,-1.740585,4.364630,-1.572991,4.955192,108.508354,111.741776
5.0872340,-1.466449,4.341885,-1.314417,4.767612,106.003563,108.662125
5.0968647,-1.082179,4.368221,-0.830788,4.576316,100.459518,103.914261
5.1069217,-0.553061,4.452018,-0.027533,4.486324,90.351639,97.081398
5.1171136,0.310049,5.008670,1.991976,5.399155,68.349609,86.457771
5.1271176,0.520739,5.434838,2.655170,6.071125,64.065468,84.526917
5.1368780,0.603339,5.914876,2.777274,6.562242,64.961937,84.175766
5.1470342,0.749385,6.429629,2.546233,6.955933,68.527657,83.352066
5.1569448,1.010353,7.061698,2.263718,7.484170,72.394135,81.857658
5.1678438,1.578976,7.547721,2.103306,7.992819,74.742973,78.184181
5.1768737,2.306813,7.765593,1.974019,8.338020,76.305244,73.455650
5.1873059,2.679112,7.582437,1.936909,8.271795,76.457993,70.540092
5.1972342,2.495955,7.194576,2.108095,7.901632,74.526520,70.867226
5.2069998,2.177526,6.599617,2.353500,7.337270,71.291130,71.739830
5.2169890,1.842338,5.949591,2.571373,6.738235,67.566605,72.794441
5.2268786,1.353921,5.513846,2.699462,6.286708,64.571022,76.204010
5.2373571,0.958878,5.509058,2.845509,6.274240,63.030090,80.126312
5.2469358,0.724246,5.876568,3.035848,6.653943,62.854740,82.974121
5.2569652,0.940921,6.452374,3.252523,7.286794,63.489708,81.703285
5.2668452,1.424550,6.987478,3.410540,7.904807,64.440292,78.476921
5.2769527,1.868674,7.283162,3.524265,8.304025,64.887032,75.609772
5.2871227,2.030283,7.360973,3.512294,8.404890,65.298744,74.580231
5.2970009,1.990779,7.319075,3.519476,8.361745,65.108444,74.783745
5.3071380,1.861492,7.283162,3.681085,8.370184,63.909805,75.662796
5.3168669,1.660379,7.283162,3.933673,8.442458,62.228970,77.157478
5.3270397,1.651999,7.354988,4.222175,8.640121,60.746750,77.340919
5.3369269,1.759738,7.428011,4.468778,8.845451,59.654953,76.672020
5.3468661,1.969231,7.489063,4.681861,9.048965,58.842525,75.267708
5.3570256,2.298434,7.569269,4.869806,9.289329,58.383133,73.108910
5.3671570,2.493561,7.632715,4.970363,9.443553,58.242626,71.908104
5.3769269,2.773683,7.784747,5.086482,9.704014,58.388111,70.389168
5.3872080,3.039439,8.094796,5.161899,10.070210,59.163429,69.419815
5.3969593,3.375824,8.451532,5.243302,10.503181,60.052197,68.226585
5.4070020,3.592500,8.792706,5.306748,10.880225,60.807690,67.776192
5.4169946,4.168305,9.154230,5.398925,11.415914,61.775360,65.518234
5.4270225,4.502296,9.318233,5.570110,11.752714,61.709484,64.211533
5.4373674,4.775235,9.327810,5.719748,11.938443,61.373146,62.890491
5.4472170,4.892551,9.163807,5.805939,11.900476,60.799026,61.902267
5.4570122,4.708198,8.840590,5.761646,11.555073,60.090939,61.961754
5.4672942,4.310760,8.444349,5.646725,11.035179,59.222725,62.956120
5.4770718,3.886986,8.072051,5.510255,10.518060,58.406780,64.287491
5.4873061,3.530250,7.819463,5.327099,10.098745,58.163235,65.702271
5.4972548,3.377022,7.700950,5.178658,9.875596,58.372849,66.321579
5.5070467,3.306392,7.699753,5.018247,9.767355,59.084229,66.760567
5.5171366,3.292027,7.795521,4.836287,9.746655,60.251106,67.105797
5.5270367,3.337517,7.949947,4.697424,9.818679,61.417931,67.226540
5.5369506,3.379416,8.127118,4.560954,9.913263,62.607342,67.421494
5.5470300,3.325546,8.164227,4.441244,9.871095,63.261181,67.837387
5.5573530,3.288436,8.092402,4.371812,9.767984,63.412407,67.885094
5.5670156,3.491943,8.030152,4.321534,9.764869,63.732708,66.498001
5.5770669,3.637990,7.972692,4.346673,9.782246,63.618683,65.472488
5.5869355,3.622427,7.878121,4.424485,9.734620,62.966572,65.306625
5.5972281,3.596091,7.785944,4.503493,9.686808,62.295605,65.209221
5.6068606,3.432088,7.656657,4.487931,9.515522,61.858986,65.855743
5.6174417,3.544616,7.657854,4.504691,9.565525,61.905334,65.161842
5.6269960,3.602077,7.650671,4.529830,9.593075,61.822941,64.788086
5.6372118,3.641581,7.682993,4.574122,9.654641,61.720413,64.640015
5.6469316,3.586514,7.721301,4.631583,9.691911,61.452881,65.085312
5.6571078,3.586514,7.902063,4.689044,9.863712,61.615692,65.588097
5.6672397,3.586514,7.957129,4.657919,9.893189,61.912411,65.737495
5.6769490,3.587711,8.007407,4.593276,9.903960,62.368591,65.865280
5.6870565,3.575740,8.066066,4.556166,9.930055,62.688633,66.091972
5.6971917,3.587711,8.094796,4.578911,9.968141,62.654533,66.096504
5.7069998,3.673903,8.098388,4.712986,10.064476,62.077339,65.598175
5.7169657,3.739743,8.094796,4.884171,10.166934,61.288624,65.203369
5.7270470,3.803190,8.058883,4.991910,10.214157,60.743210,64.736198
5.7369838,3.864242,7.990648,5.027823,10.201070,60.470463,64.191795
5.7472219,3.877410,7.957129,5.029021,10.180435,60.396908,64.020607
5.7571998,3.883395,7.996634,5.008670,10.203611,60.602070,64.097458
5.7669587,3.852271,8.106767,4.977545,10.263313,60.988560,64.583305
5.7768750,3.902549,8.246828,4.952406,10.381059,61.506321,64.675636
5.7873311,3.928885,8.335413,4.929661,10.450685,61.854839,64.763222
5.7969666,3.936068,8.340201,4.890157,10.438641,62.065178,64.735542
5.8071728,3.897760,8.280347,4.843470,10.354510,62.110729,64.792496
5.8168840,3.859453,8.175002,4.814740,10.242449,61.960705,64.727806
5.8271151,3.780444,8.067263,4.838682,10.138309,61.492935,64.891487
5.8372669,3.705027,8.008605,4.836287,10.062537,61.273895,65.173286
5.8472905,3.664326,7.981071,4.803966,10.010139,61.320477,65.338867
5.8571467,3.597288,7.995437,4.756082,9.974357,61.521374,65.776176
5.8671360,3.524265,8.000225,4.692636,9.921939,61.773685,66.225517
5.8769121,3.454833,8.009802,4.556166,9.841313,62.421520,66.668221
5.8870692,3.359065,8.024167,4.406528,9.751311,63.134937,67.284912
5.8970165,3.283648,8.055291,4.280833,9.695132,63.797531,67.822296
5.9077568,3.250129,8.139089,4.198233,9.717678,64.404167,68.232018
5.9168816,3.300407,8.518570,4.583699,10.221008,63.355167,68.821800
5.9268517,2.650381,8.919599,4.378995,10.283937,64.798111,73.451141
5.9375067,3.228581,8.385692,3.241749,9.552617,70.162285,68.942764
5.9469857,3.241749,8.237251,3.798401,9.632710,66.776230,68.518013
5.9571190,2.995146,8.161834,4.232949,9.669762,64.039520,69.848389
5.9668427,2.962825,8.014590,4.186262,9.515081,63.898628,69.711708
5.9769421,2.972401,7.971495,4.120421,9.452924,64.158157,69.550583
5.9869146,2.954445,8.063671,4.112041,9.521576,64.413986,69.877693
5.9972277,2.905364,8.167819,4.050989,9.568956,64.953918,70.419090
6.0074477,2.839523,8.198944,4.025850,9.565200,65.109520,70.897598
6.0169945,2.867057,8.207323,4.062960,9.596240,64.951149,70.744209
6.0275755,2.914941,8.215703,4.159925,9.659173,64.489853,70.465256
6.0382361,2.973598,8.258799,4.272453,9.762371,64.046280,70.198479
6.0474939,3.106477,8.335413,4.367024,9.909602,63.852333,69.560371
6.0570550,3.181894,8.370130,4.396951,9.975805,63.847519,69.185760
6.0673108,3.208230,8.304289,4.393360,9.927516,63.733704,68.876755
6.0770464,3.198653,8.222886,4.396951,9.858013,63.510860,68.744263
6.0870295,3.293224,8.318654,4.405331,9.972576,63.784756,68.402168
6.0972109,3.207033,8.459911,4.408922,10.064480,64.019348,69.238991
6.1068907,2.914941,8.457518,4.350265,9.947426,64.066628,70.983139
6.1170707,2.825158,8.416816,4.270059,9.851787,64.314575,71.445343
6.1269445,2.882619,8.370130,4.255693,9.822397,64.325104,70.996620
6.1369410,2.929306,8.353370,4.222175,9.807466,64.500313,70.675583
6.1473188,2.964022,8.349778,4.210204,9.809690,64.583946,70.456047
6.1569090,3.019088,8.334216,4.291606,9.848449,64.166039,70.086967
6.1672249,3.072958,8.295909,4.398149,9.879721,63.565826,69.674438
6.1770778,3.101688,8.276755,4.449624,9.895671,63.278538,69.456673
6.1869049,3.064578,8.344990,4.453215,9.942918,63.392376,69.834961
6.1970539,3.062184,8.426393,4.399345,9.986756,63.863068,70.028656
6.2069016,3.155558,8.518570,4.152743,9.988436,65.433128,69.673714
6.2172704,3.172317,8.504205,4.103662,9.961181,65.671646,69.543015
6.2271242,3.181894,8.549694,4.112041,10.006528,65.736359,69.586510
6.2369299,3.202245,8.578424,4.156334,10.055787,65.585960,69.529869
6.2470851,3.138798,8.573636,4.163517,10.034648,65.486092,69.892380
6.2569599,3.098097,8.585608,4.124012,10.015904,65.685410,70.158134
6.2669840,3.059790,8.643068,4.104859,10.045636,65.881760,70.505196
6.2771139,3.062184,8.725668,4.096479,10.114119,66.107254,70.662003
6.2877049,3.078943,8.712500,4.110844,10.113683,66.017120,70.536903
6.2972126,3.101688,8.616732,4.150349,10.054547,65.620209,70.203094
6.3076649,3.153164,8.553286,4.164714,10.022274,65.446304,69.763618
6.3172970,3.165135,8.518570,4.145560,9.988482,65.478539,69.617096
6.3277960,3.143587,8.573636,4.060566,9.993876,66.027046,69.864166
6.3370891,3.126827,8.655039,4.011485,10.038862,66.447098,70.136604
6.3474188,3.101688,8.686164,4.017470,10.060317,66.463181,70.349174
6.3581357,3.021482,8.665813,4.065354,10.037569,66.108009,70.778030
6.3671088,2.983175,8.631097,4.083311,10.003429,65.908745,70.933258
6.3771319,2.952051,8.603564,4.065354,9.963083,65.918114,71.061905
6.3871870,3.009511,8.657434,4.047398,10.019468,66.174446,70.831444
6.3982592,3.027468,8.695741,4.022259,10.047887,66.402504,70.804169
6.4078927,3.035848,8.729259,4.025850,10.080864,66.462097,70.823433
6.4171300,2.961627,8.663419,4.023456,10.000713,66.276901,71.126785
6.4271212,2.908955,8.620323,4.030639,9.950781,66.105270,71.352875
6.4377737,2.844312,8.566454,4.019865,9.880969,65.994209,71.632332
6.4471259,2.821567,8.508993,4.007894,9.819746,65.911552,71.654572
6.4575620,2.809596,8.494628,4.040215,9.817122,65.697891,71.698380
6.4670558,2.862268,8.516175,4.043807,9.852421,65.767654,71.422615
6.4770088,2.910152,8.532935,4.013879,9.868698,66.000519,71.168091
6.4881349,2.869451,8.504205,3.938462,9.801364,66.307495,71.354805
6.4971957,2.831144,8.461109,3.859453,9.721169,66.608276,71.499413
6.5072536,2.738967,8.432379,3.842694,9.662983,66.567299,72.005402
6.5170279,2.643199,8.389283,3.876213,9.612055,66.217506,72.512001
6.5273900,2.636016,8.413225,3.876213,9.630989,66.267136,72.603279
6.5371928,2.665944,8.482656,3.892972,9.706593,66.355240,72.553024
6.5470109,2.673126,8.529344,3.860650,9.736526,66.639687,72.598824
6.5576286,2.661155,8.560468,3.798401,9.736077,67.036995,72.731323
6.5671377,2.664747,8.597578,3.761291,9.755334,67.321335,72.779617
6.5778451,2.664747,8.579621,3.791218,9.751108,67.120224,72.745712
6.5881462,2.622848,8.530540,3.834314,9.713466,66.750107,72.909134
6.5972290,2.603694,8.537724,3.860650,9.725048,66.610474,73.040207
6.6072507,2.643199,8.549694,3.936068,9.776318,66.258400,72.820633
6.6174951,2.677915,8.583213,3.942053,9.817461,66.325836,72.672371
6.6270685,2.724602,8.633492,3.958812,9.880933,66.381073,72.485077
6.6372428,2.798822,8.696938,4.011485,9.978083,66.294876,72.160950
6.6471982,2.856283,8.722076,4.095282,10.050090,65.952919,71.867546
6.6572590,2.869451,8.708909,4.140772,10.061055,65.696854,71.763748
6.6671829,2.850297,8.700529,4.137180,10.046873,65.682808,71.861183
6.6770978,2.869451,8.699332,4.140772,10.052767,65.675522,71.745003
6.6873808,2.851494,8.701726,4.143166,10.050715,65.655258,71.856392
6.6970859,2.816778,8.681376,4.163517,10.031719,65.478470,72.023712
6.7079120,2.768894,8.675390,4.065354,9.972777,65.943008,72.298660
6.7172828,2.759317,8.700529,4.065354,9.992003,65.992218,72.403908
6.7271814,2.788048,8.704121,4.043807,9.994364,66.133392,72.239037
6.7372451,2.816778,8.635885,4.070143,9.953835,65.864120,71.935158
6.7475986,2.811990,8.586804,4.097676,9.921262,65.605331,71.867516
6.7570767,2.849100,8.409634,4.299986,9.865556,64.160065,71.284134
6.7673368,2.449268,8.540117,3.397372,9.511817,69.073265,73.997337
6.7772126,2.318784,8.473080,2.989161,9.279274,71.208031,74.694893
