Keuwl Accelerometer Data File
2019-06-27 16-04-37

Time (s), X (m/s2), Y (m/s2), Z (m/s2), R (m/s2), Theta (deg), Phi (deg)
0.0000000,1.632846,9.157822,2.845509,9.727734,72.991409,79.890366
0.0095400,2.115277,9.080010,3.084929,9.820273,71.691170,76.886276
0.0193010,2.537854,8.972271,3.530250,9.970206,69.262932,74.206169
0.0291890,2.414552,8.771158,3.857059,9.881305,67.024399,74.608665
0.0391180,2.275689,8.620323,4.296395,9.896855,64.270866,75.211800
0.0498220,2.290054,8.508993,4.754885,10.012804,61.648434,74.936714
0.0591820,2.335544,8.491036,5.090073,10.171593,59.972183,74.620560
0.0692400,2.354697,8.498219,5.203797,10.239327,59.454880,74.512939
0.0792570,2.472013,8.542512,5.214571,10.309079,59.613987,73.860733
0.0892090,2.691083,8.737639,5.171476,10.503924,60.505665,72.881828
0.0994240,2.765303,8.780735,5.001487,10.476789,61.485092,72.519302
0.1092900,2.661155,8.469488,4.671088,10.031602,62.248528,72.557022
0.1192720,2.560599,8.655039,4.331111,10.011238,64.365738,73.519119
0.1292860,2.389413,8.911219,4.021062,10.064197,66.450493,74.990044
0.1392590,2.100912,8.924387,3.824737,9.934140,67.355675,76.753052
0.1496250,1.908179,8.816648,3.671508,9.739322,67.853394,77.787880
0.1594130,1.863886,8.702923,3.602077,9.601557,67.966080,77.911705
0.1695160,2.051831,8.777143,3.677494,9.735103,67.805244,76.842262
0.1793240,2.146402,9.261970,3.724181,10.210810,68.609077,76.952393
0.1894720,1.756147,9.032125,3.608062,9.883393,68.588539,78.997070
0.1999430,1.660379,8.692149,3.605668,9.555687,67.831474,79.185608
0.2093050,1.996764,8.528147,3.961207,9.612883,65.664894,76.822258
0.2197600,2.522291,8.447941,4.228160,9.777884,64.378708,73.376015
0.2294490,2.900575,8.579621,3.965995,9.886979,66.350967,71.320770
0.2392220,2.950854,8.720880,4.047398,10.056973,66.268761,71.305901
0.2496930,2.661155,8.798691,4.112041,10.070134,65.899384,73.172112
0.2593250,2.367866,8.787917,4.040215,9.957791,66.062866,74.920036
0.2707140,2.110489,8.744822,3.873818,9.794516,66.702278,76.431610
0.2795730,1.962048,8.694544,3.779247,9.681293,67.022728,77.283394
0.2901690,1.971625,8.674192,3.804387,9.674828,66.844666,77.194366
0.3000130,2.030283,8.668207,3.896563,9.718183,66.362045,76.817711
0.3093410,2.099715,8.677784,3.961207,9.767492,66.074402,76.397888
0.3194270,2.184709,8.704121,4.011485,9.829887,65.915054,75.909996
0.3296250,2.243367,8.734048,4.061763,9.890106,65.751839,75.594803
0.3392670,2.328361,8.756793,4.094085,9.943048,65.684967,75.110031
0.3492800,2.403779,8.801085,4.104859,10.004355,65.775871,74.723785
0.3592640,2.481590,8.820239,4.116830,10.045058,65.805450,74.285957
0.3699380,2.529474,8.819042,4.183867,10.083575,65.485779,73.996071
0.3794320,2.540248,8.787917,4.183867,10.059080,65.422142,73.877457
0.3899140,2.449268,8.765172,4.183867,10.016582,65.310905,74.387947
0.3991810,2.449268,8.746018,4.186262,10.000827,65.254303,74.355423
0.4091970,2.358289,8.726865,4.170700,9.955624,65.233009,74.877968
0.4192270,2.309207,8.707711,4.156334,9.921279,65.232864,75.147545
0.4291950,2.275689,8.657434,4.108450,9.849329,65.346481,75.272430
0.4397540,2.244564,8.621520,4.076128,9.797117,65.414299,75.407303
0.4496590,2.237381,8.610746,4.046201,9.773564,65.543999,75.434586
0.4591970,2.256535,8.643068,4.027047,9.798555,65.733353,75.367821
0.4699830,2.266112,8.672996,3.998317,9.815430,65.961517,75.356918
0.4793780,2.298434,8.686164,3.970783,9.823409,66.157967,75.178734
0.4897120,2.298434,8.667010,3.971981,9.806961,66.107841,75.147423
0.4992390,2.304419,8.656237,3.955221,9.792067,66.176476,75.092751
0.5092350,2.315193,8.670602,3.944447,9.802964,66.273392,75.049873
0.5196590,2.323573,8.708909,3.940856,9.837399,66.384346,75.061234
0.5292750,2.311602,8.740033,3.938462,9.861195,66.459953,75.185387
0.5391890,2.287660,8.724471,3.930082,9.838461,66.455505,75.307144
0.5495600,2.257732,8.710106,3.942053,9.823598,66.341522,75.468277
0.5593490,2.268506,8.719683,3.962404,9.842745,66.260994,75.417236
0.5695380,2.287660,8.777143,3.981557,9.905778,66.300301,75.391533
0.5792980,2.323573,8.827422,4.019865,9.974050,66.232117,75.252998
0.5897870,2.341529,8.822633,4.060566,9.990486,66.018402,75.136345
0.5991610,2.372654,8.817844,4.084508,10.003353,65.901039,74.939880
0.6093810,2.387019,8.827422,4.091691,10.018143,65.893875,74.868553
0.6193130,2.382231,8.834604,4.077325,10.017477,65.982155,74.909241
0.6293060,2.379837,8.836999,4.056975,10.010756,66.092476,74.927612
0.6396310,2.377442,8.841787,4.059369,10.015384,66.089233,74.949875
0.6492260,2.365471,8.815451,4.060566,9.989786,66.016609,74.979515
0.6593850,2.378639,8.798691,4.062960,9.979105,65.974274,74.872261
0.6697180,2.382231,8.760384,4.059369,9.944738,65.908653,74.787285
0.6794360,2.385822,8.749610,4.064157,9.938068,65.861206,74.747536
0.6893390,2.371457,8.746018,4.061763,9.930487,65.856743,74.829185
0.6992830,2.345121,8.732851,4.027047,9.898454,65.993767,74.968414
0.7092350,2.312799,8.730456,3.989937,9.873677,66.165359,75.162506
0.7192789,2.305616,8.746018,3.961207,9.874202,66.348831,75.231735
0.7292620,2.321178,8.767567,3.944447,9.890236,66.495422,75.171371
0.7393770,2.381034,8.796297,3.948039,9.931322,66.575890,74.853806
0.7493300,2.421735,8.784326,3.977966,9.942504,66.415756,74.587097
0.7592330,2.457648,8.762778,4.016273,9.947701,66.187881,74.333076
0.7692700,2.460042,8.730456,4.035427,9.927606,66.015755,74.263382
0.7792350,2.436100,8.687361,4.022259,9.878430,65.972450,74.335495
0.7897740,2.400187,8.672996,4.001908,9.848707,66.024971,74.530968
0.7993460,2.387019,8.681376,4.003105,9.853374,66.029427,74.625954
0.8093380,2.382231,8.706514,3.987543,9.868075,66.166191,74.697563
0.8195690,2.365471,8.723274,3.979163,9.875460,66.238243,74.828079
0.8293670,2.353500,8.725668,3.961207,9.867492,66.331764,74.905296
0.8394080,2.379837,8.746018,3.969586,9.895154,66.348991,74.778061
0.8492280,2.391808,8.737639,3.970783,9.891117,66.331177,74.691093
0.8595780,2.408567,8.714894,3.997120,9.885724,66.150696,74.550606
0.8700070,2.394202,8.689755,4.016273,9.867852,65.983116,74.596054
0.8796309,2.382231,8.674192,4.040215,9.861033,65.813049,74.643234
0.8898230,2.394202,8.687361,4.028244,9.870623,65.914192,74.592010
0.8993670,2.422932,8.701726,4.003105,9.880054,66.098198,74.440529
0.9094050,2.469619,8.711303,3.997120,9.897614,66.181122,74.172180
0.9199780,2.535460,8.678981,4.039018,9.902875,65.929329,73.714912
0.9295610,2.535460,8.678981,4.028244,9.898486,65.986267,73.714912
0.9399890,2.493561,8.595184,3.977966,9.793838,66.035515,73.821953
0.9497450,2.445677,8.560468,3.955221,9.742008,66.046410,74.055664
0.9597180,2.407370,8.555679,3.926491,9.716604,66.165192,74.284630
0.9693420,2.387019,8.589199,3.894169,9.728142,66.403107,74.468887
0.9792899,2.384625,8.647857,3.890578,9.777958,66.553497,74.583939
0.9903950,2.371457,8.686164,3.882198,9.805341,66.676208,74.729515
0.9992760,2.375048,8.724471,3.876213,9.837798,66.795616,74.771492
1.0092440,2.394202,8.746018,3.883395,9.864370,66.816391,74.690483
1.0195210,2.422932,8.791509,3.894169,9.915936,66.876251,74.591843
1.0295280,2.444480,8.799889,3.914520,9.936648,66.799637,74.475487
1.0404350,2.463634,8.798691,3.942053,9.951193,66.662987,74.357750
1.0492549,2.495955,8.783129,3.969586,9.956443,66.503365,74.136116
1.0596260,2.518700,8.749610,3.999514,9.944628,66.285568,73.940781
1.0696319,2.516306,8.729259,4.001908,9.927086,66.225990,73.919785
1.0794040,2.533065,8.704121,3.989937,9.904430,66.243927,73.773994
1.0899620,2.530671,8.671799,3.993528,9.876875,66.150780,73.731293
1.0993450,2.546233,8.655039,3.995923,9.867138,66.110573,73.606598
1.1093570,2.559402,8.645462,3.989937,9.859723,66.129532,73.509148
1.1194539,2.577358,8.687361,4.005499,9.907424,66.153183,73.475479
1.1293960,2.616863,8.754398,4.028244,9.985701,66.209015,73.357559
1.1394410,2.665944,8.819042,4.056975,10.066867,66.233971,73.180244
1.1493880,2.657564,8.816648,4.059369,10.063519,66.210678,73.225845
1.1595470,2.608483,8.753201,4.080917,10.003830,65.924789,73.405769
1.1706129,2.557007,8.662222,4.072537,9.907468,65.728729,73.553894
1.1800790,2.515109,8.608353,4.077325,9.851604,65.551552,73.713181
1.1892480,2.437297,8.598776,4.082114,9.825630,65.451988,74.174774
1.1993520,2.407370,8.621520,4.068946,9.832719,65.555161,74.398781
1.2094660,2.396596,8.671799,4.024653,9.856044,65.899170,74.550980
1.2195259,2.349909,8.693346,3.975572,9.843856,66.180084,74.873802
1.2296469,2.313996,8.696938,3.926491,9.818789,66.428345,75.100494
1.2394090,2.305616,8.711303,3.898957,9.818581,66.602997,75.175468
1.2493709,2.310405,8.742428,3.879804,9.839761,66.777763,75.196594
1.2594510,2.325967,8.763975,3.867833,9.857865,66.898567,75.136314
1.2700210,2.335544,8.763975,3.882198,9.865773,66.827438,75.077835
1.2795399,2.352303,8.737639,3.927688,9.864401,66.536308,74.932358
1.2897580,2.334347,8.713697,3.958812,9.851390,66.305916,75.002953
1.2992569,2.340332,8.695741,3.987543,9.848531,66.115952,74.936600
1.3094960,2.357092,8.717288,4.001908,9.877360,66.098869,74.869453
1.3193319,2.373851,8.731653,4.004303,9.895018,66.129005,74.790749
1.3293909,2.385822,8.742428,4.005499,9.907887,66.154373,74.735588
1.3392920,2.398990,8.731653,4.011485,9.903985,66.106522,74.637260
1.3494279,2.410961,8.735245,4.016273,9.911998,66.096771,74.570290
1.3594630,2.412158,8.748413,4.027047,9.928260,66.070351,74.585121
1.3698729,2.379837,8.763975,4.040215,9.939528,66.016121,74.807808
1.3795429,2.360683,8.777143,4.029441,9.942206,66.090919,74.946083
1.3900269,2.340332,8.784326,4.021062,9.940346,66.138992,75.081703
1.3994299,2.316390,8.761581,3.992331,9.903014,66.225189,75.190948
1.4092931,2.303222,8.742428,3.988740,9.881545,66.193100,75.240608
1.4193209,2.288857,8.734048,3.987543,9.870307,66.171913,75.315208
1.4293350,2.319981,8.744822,3.992331,9.889030,66.189491,75.141838
1.4393109,2.353500,8.753201,4.006697,9.910152,66.152588,74.950623
1.4493020,2.379837,8.750807,4.052186,9.932797,65.923233,74.786011
1.4593949,2.383428,8.737639,4.066552,9.927936,65.819855,74.742226
1.4692519,2.364274,8.710106,4.059369,9.896172,65.782860,74.813538
1.4793969,2.342726,8.700529,4.046201,9.877212,65.817139,74.929817
1.4899179,2.347515,8.730456,4.011485,9.890587,66.072136,74.949829
1.4992980,2.359486,8.747216,4.007894,9.906775,66.136383,74.904236
1.5094349,2.371457,8.747216,4.022259,9.915451,66.067780,74.831169
1.5194130,2.365471,8.713697,4.036624,9.890314,65.912010,74.812172
1.5296519,2.357092,8.716091,4.049792,9.895804,65.842690,74.867470
1.5394189,2.382231,8.711303,4.050989,9.898098,65.841049,74.705582
1.5497010,2.391808,8.723274,4.061763,9.915351,65.817535,74.667068
1.5593230,2.391808,8.695741,4.052186,9.887207,65.805130,74.620819
1.5694330,2.372654,8.655039,4.025850,9.835988,65.839256,74.669807
1.5792530,2.334347,8.609550,3.994725,9.774014,65.876251,74.829849
1.5893660,2.305616,8.616732,3.962404,9.760357,66.048126,75.020042
1.5995541,2.294842,8.638280,3.936068,9.766208,66.232307,75.122467
1.6099210,2.315193,8.681376,3.934870,9.808649,66.349075,75.067604
1.6193300,2.318784,8.729259,3.957615,9.861007,66.338036,75.123863
1.6293550,2.341529,8.757990,3.998317,9.908162,66.200478,75.031540
1.6394210,2.348712,8.728063,4.046201,9.902892,65.883850,74.938560
1.6494539,2.351106,8.692149,4.095282,9.892042,65.543793,74.864464
1.6596259,2.348712,8.662222,4.122815,9.876646,65.327515,74.829338
1.6694089,2.361880,8.652645,4.121618,9.870891,65.319817,74.732140
1.6794480,2.373851,8.661025,4.107253,9.875123,65.422783,74.672539
1.6899189,2.387019,8.676587,4.092888,9.885988,65.543076,74.617867
1.6994840,2.414552,8.693346,4.062960,9.895048,65.757126,74.477516
1.7094190,2.426523,8.713697,4.035427,9.904606,65.956551,74.438950
1.7194190,2.433706,8.724471,4.029441,9.913411,66.017120,74.413467
1.7294610,2.408567,8.708909,4.019865,9.889671,66.016663,74.540497
1.7399869,2.369063,8.684967,4.034230,9.864893,65.861221,74.742210
1.7494979,2.324770,8.682572,4.042610,9.855674,65.783798,75.010582
1.7596771,2.315193,8.700529,4.031836,9.864838,65.876320,75.099007
1.7693629,2.336741,8.734048,4.041412,9.903381,65.915466,75.021667
1.7793510,2.363077,8.749610,4.076128,9.937536,65.784172,74.886261
1.7894399,2.367866,8.734048,4.076128,9.924979,65.751564,74.831299
1.7991499,2.357092,8.690952,4.086902,9.888948,65.588966,74.825714
1.8091829,2.340332,8.661025,4.085705,9.858169,65.515396,74.878983
1.8191540,2.339135,8.665813,4.076128,9.858129,65.576439,74.894333
1.8290859,2.343924,8.664616,4.041412,9.843909,65.760643,74.862831
1.8390770,2.335544,8.674192,4.036624,9.848387,65.802910,74.930374
1.8491369,2.334347,8.687361,4.013879,9.850413,65.953163,74.959549
1.8592980,2.318784,8.693346,3.988740,9.841803,66.090981,75.065147
1.8693169,2.297236,8.717288,3.969586,9.850179,66.234367,75.236687
1.8791430,2.299631,8.772355,3.982754,9.904789,66.290230,75.310715
1.8891510,2.308010,8.815451,3.997120,9.950681,66.315933,75.328461
1.8992050,2.325967,8.810662,4.015076,9.957848,66.221169,75.211617
1.9093699,2.334347,8.768764,4.052186,9.937837,65.936218,75.092926
1.9191890,2.336741,8.696938,4.068946,9.881973,65.684906,74.960648
1.9291239,2.315193,8.657434,4.073734,9.844114,65.554695,75.028160
1.9395299,2.313996,8.665813,4.058172,9.844778,65.655907,75.049370
1.9491960,2.329558,8.695741,4.048595,9.870859,65.785347,75.002815
1.9594129,2.322376,8.698134,4.033033,9.864903,65.868866,75.050919
1.9699640,2.263718,8.700529,4.005499,9.842136,65.985077,75.416039
1.9793739,2.240973,8.700529,3.997120,9.833521,66.016159,75.556412
1.9893169,2.219425,8.718486,3.974375,9.835319,66.165749,75.717827
1.9993309,2.240973,8.748413,3.979163,9.868659,66.220863,75.632187
2.0092130,2.254141,8.775947,3.976769,9.895104,66.303452,75.594727
2.0195818,2.296039,8.769960,3.983952,9.902317,66.276382,75.328835
2.0292931,2.321178,8.767567,4.034230,9.926384,66.020180,75.171371
2.0394330,2.351106,8.671799,4.037821,9.850472,65.800728,74.830582
2.0492649,2.345121,8.645462,4.037821,9.825864,65.736221,74.823448
2.0593269,2.337938,8.661025,4.009091,9.826094,65.920456,74.893745
2.0692549,2.345121,8.681376,3.976769,9.832627,66.143570,74.883354
2.0795541,2.347515,8.698134,3.965995,9.843652,66.240479,74.896454
2.0894721,2.346318,8.742428,3.960010,9.880128,66.371452,74.976822
2.0992849,2.342726,8.759187,3.979163,9.901791,66.305305,75.026192
2.1094749,2.360683,8.780735,4.005499,9.935701,66.225250,74.951965
2.1195319,2.345121,8.790312,4.042610,9.955494,66.041916,75.062271
2.1294050,2.312799,8.778340,4.056975,9.943206,65.919815,75.239899
2.1394310,2.285265,8.762778,4.053383,9.921625,65.886833,75.383270
2.1494038,2.278083,8.755595,4.040215,9.908252,65.935631,75.415802
2.1594858,2.312799,8.767567,4.034230,9.924428,66.015160,75.222557
2.1694450,2.345121,8.793902,4.028244,9.952842,66.125595,75.068092
2.1796830,2.371457,8.799889,4.030639,9.965335,66.142334,74.917816
2.1895480,2.377442,8.789114,4.017470,9.951925,66.191078,74.863808
2.2005279,2.353500,8.765172,4.012682,9.923145,66.147964,74.970245
2.2096949,2.321178,8.719683,4.013879,9.875828,66.018936,75.093559
2.2193010,2.304419,8.699332,4.012682,9.853443,65.968643,75.163338
2.2295008,2.279280,8.711303,4.000711,9.853304,66.044479,75.337463
2.2397580,2.296039,8.735245,3.988740,9.873518,66.172546,75.273056
2.2493088,2.322376,8.755595,3.981557,9.894780,66.272346,75.144669
2.2594399,2.343924,8.747216,3.977966,9.891006,66.285461,74.999306
2.2692218,2.345121,8.732851,3.989937,9.883414,66.190292,74.968414
2.2792518,2.336741,8.730456,4.019865,9.891438,66.021210,75.015785
2.2895439,2.333150,8.723274,4.017470,9.883277,66.015358,75.026016
2.2992408,2.316390,8.724471,4.011485,9.877958,66.039627,75.130745
2.3093748,2.299631,8.705317,4.007894,9.855661,66.004868,75.202545
2.3194528,2.282871,8.693346,3.993528,9.835346,66.043785,75.286346
2.3292038,2.302025,8.701726,3.973178,9.838978,66.182785,75.181969
2.3395610,2.305616,8.725668,3.961207,9.856181,66.302940,75.198799
2.3496828,2.315193,8.761581,3.977966,9.896951,66.300575,75.198265
2.3594160,2.331953,8.795100,4.019865,9.947417,66.164543,75.150162
2.3693089,2.366668,8.778340,4.035427,9.947113,66.065735,74.911621
2.3794208,2.372654,8.762778,4.067749,9.947982,65.864128,74.849579
2.3893600,2.342726,8.723274,4.078523,9.910511,65.698700,74.967331
2.4000618,2.339135,8.704121,4.067749,9.888370,65.709267,74.957794
2.4092600,2.336741,8.698134,4.050989,9.875648,65.782608,74.962624
2.4195268,2.357092,8.699332,4.021062,9.869306,65.956436,74.839661
2.4293649,2.375048,8.693346,3.989937,9.855695,66.119171,74.719513
2.4395649,2.382231,8.701726,3.967192,9.855641,66.263557,74.689537
2.4504220,2.367866,8.688558,3.960010,9.837657,66.263199,74.755569
2.4604039,2.336741,8.686164,3.957615,9.827131,66.251457,74.942841
2.4700019,2.322376,8.694544,3.946841,9.826804,66.319237,75.045021
2.4791911,2.311602,8.724471,3.950433,9.852199,66.361191,75.160126
2.4893811,2.323573,8.748413,3.969586,9.883892,66.320396,75.125694
2.4993358,2.351106,8.746018,3.992331,9.897436,66.210960,74.953453
2.5097539,2.369063,8.747216,4.012682,9.910997,66.116913,74.845779
2.5198431,2.376245,8.736442,4.010288,9.902240,66.109627,74.784081
2.5291739,2.430115,8.730456,4.030639,9.918285,66.022079,74.445503
2.5392649,2.414552,8.702923,4.027047,9.888783,65.968811,74.493774
2.5491550,2.379837,8.698134,4.027047,9.876146,65.936119,74.698181
2.5594339,2.381034,8.694544,4.011485,9.866936,66.011185,74.684822
2.5694649,2.394202,8.716091,3.997120,9.883289,66.144455,74.640396
2.5793018,2.416947,8.729259,3.987543,9.896570,66.239044,74.523720
2.5896020,2.442086,8.708909,3.993528,9.887221,66.177284,74.335846
2.5994821,2.461239,8.676587,4.015076,9.872270,66.002144,74.163246
2.6092880,2.445677,8.662222,4.021062,9.858213,65.927673,74.233597
2.6193569,2.436100,8.662222,4.023456,9.856819,65.908806,74.292282
2.6292531,2.413355,8.667010,4.013879,9.851527,65.956047,74.439980
2.6393430,2.415750,8.689755,3.989937,9.862418,66.136459,74.464081
2.6492741,2.448071,8.699332,3.961207,9.867249,66.331146,74.282913
2.6601977,2.482787,8.694544,3.955221,9.869301,66.374298,74.062943
2.6697431,2.511518,8.688558,3.930082,9.861252,66.513199,73.877518
2.6794128,2.503138,8.687361,3.950433,9.866198,66.396767,73.926422
2.6892509,2.493561,8.695741,3.965995,9.877392,66.326607,73.999405
2.6993840,2.513912,8.707711,3.970783,9.895004,66.341042,73.896599
2.7100327,2.506729,8.717288,3.985149,9.907382,66.281693,73.956970
2.7195389,2.469619,8.705317,3.963601,9.878852,66.345482,74.161842
2.7292001,2.434903,8.708909,3.967192,9.874840,66.312531,74.379669
2.7393448,2.427721,8.736442,3.971981,9.899286,66.344337,74.470222
2.7496960,2.443283,8.786720,3.969586,9.946542,66.478569,74.460594
2.7592409,2.482787,8.811859,3.995923,9.989018,66.419846,74.264542
2.7692318,2.503138,8.826224,4.058172,10.031784,66.138237,74.166542
2.7793360,2.486378,8.780735,4.092888,10.001756,65.844345,74.189842
2.7896399,2.461239,8.720880,4.128801,9.957833,65.504082,74.239677
2.7993209,2.422932,8.645462,4.139575,9.886894,65.247894,74.344215
2.8097689,2.413355,8.603564,4.135983,9.846419,65.162285,74.330849
2.8202381,2.414552,8.604761,4.091691,9.829237,65.400208,74.325531
2.8296068,2.439692,8.644265,4.027047,9.843400,65.850975,74.239212
2.8393168,2.461239,8.674192,3.980360,9.856093,66.181061,74.159096
2.8492780,2.485181,8.696938,3.946841,9.868658,66.425758,74.052521
2.8599129,2.519897,8.731653,3.931279,9.901849,66.607689,73.902214
2.8695428,2.534262,8.769960,3.915717,9.933153,66.783485,73.882248
2.8794739,2.540248,8.773552,3.915717,9.937853,66.795105,73.852432
2.8894799,2.539051,8.765172,3.924097,9.933456,66.731628,73.845024
2.8993919,2.539051,8.728063,3.950433,9.911195,66.510384,73.779938
2.9092228,2.524686,8.683769,3.975572,9.878616,66.269058,73.788940
2.9194858,2.535460,8.647857,3.997120,9.858547,66.080849,73.659424
2.9293990,2.548628,8.644265,4.015076,9.866086,65.986153,73.572662
2.9396758,2.549825,8.646660,4.025850,9.872882,65.935265,73.569672
2.9492548,2.578555,8.663419,4.027047,9.895498,65.986153,73.425041
2.9594369,2.582147,8.681376,4.027047,9.912158,66.029045,73.435669
2.9698207,2.530671,8.694544,4.023456,9.908965,66.043556,73.771606
2.9795699,2.499547,8.701726,4.030639,9.910288,66.001511,73.973434
2.9895768,2.479196,8.720880,4.006697,9.912304,66.158089,74.130463
2.9994290,2.455254,8.742428,4.003105,9.923869,66.210258,74.312950
3.0096760,2.427721,8.774749,4.013879,9.949939,66.208633,74.534767
3.0195940,2.442086,8.810662,4.029441,9.991394,66.215912,74.508011
3.0299010,2.440889,8.838196,4.028244,10.014909,66.282669,74.561180
3.0394299,2.472013,8.836999,4.039018,10.025820,66.242805,74.371864
3.0494452,2.497152,8.814254,4.078523,10.028020,66.001503,74.182129
3.0594249,2.491167,8.753201,4.109647,9.985672,65.697479,74.113609
3.0693359,2.461239,8.695741,4.150349,9.944798,65.333321,74.196381
3.0795488,2.444480,8.672996,4.140772,9.916770,65.319839,74.259537
3.0891728,2.434903,8.669404,4.094085,9.891858,65.550926,74.311981
3.0992460,2.420538,8.676587,4.064157,9.882284,65.716187,74.412308
3.1092529,2.412158,8.671799,4.025850,9.860329,65.902687,74.455498
3.1195991,2.398990,8.662222,3.989937,9.834065,66.063362,74.520004
3.1297169,2.400187,8.604761,3.988740,9.783296,65.938988,74.414238
3.1393600,2.365471,8.607155,3.965995,9.767686,66.044174,74.633011
3.1492600,2.349909,8.629900,3.948039,9.776720,66.182777,74.767746
3.1592779,2.336741,8.681376,3.927688,9.810881,66.400566,74.934914
3.1694589,2.339135,8.732851,3.913323,9.851311,66.594322,75.005051
3.1792929,2.333150,8.735245,3.914520,9.852489,66.589706,75.045616
3.1893680,2.310405,8.719683,3.910928,9.831897,66.560555,75.159683
3.1995561,2.305616,8.705317,3.906140,9.816127,66.551109,75.165726
3.2092941,2.319981,8.729259,3.903746,9.839793,66.626053,75.116524
3.2194800,2.337938,8.742428,3.915717,9.860469,66.602203,75.028061
3.2297249,2.347515,8.759187,3.931279,9.883781,66.562370,74.996964
3.2394240,2.336741,8.774749,3.965995,9.908870,66.406380,75.088043
3.2493470,2.315193,8.779537,3.980360,9.913812,66.328239,75.227219
3.2593961,2.309207,8.792706,4.004303,9.933707,66.227722,75.284859
3.2695658,2.321178,8.786720,4.040215,9.945736,66.032028,75.202278
3.2794349,2.331953,8.783129,4.073734,9.958748,65.854141,75.130814
3.2893269,2.353500,8.756793,4.098873,9.950937,65.675240,74.956512
3.2993009,2.376245,8.712500,4.113238,9.923352,65.512108,74.744217
3.3102808,2.414552,8.689755,4.107253,9.910169,65.515419,74.471413
3.3199921,2.437297,8.672996,4.077325,9.888673,65.649162,74.303497
3.3297598,2.455254,8.640674,4.050989,9.853934,65.725815,74.137459
3.3404977,2.474407,8.621520,3.999514,9.820866,65.968018,73.986328
3.3494499,2.488773,8.593987,3.958812,9.783803,66.132111,73.849266
3.3598149,2.483984,8.572439,3.895366,9.738109,66.421036,73.840317
3.3699799,2.468422,8.537724,3.861847,9.690186,66.513573,73.874390
3.3793070,2.472013,8.538920,3.836708,9.682166,66.655075,73.854294
3.3895190,2.467225,8.523358,3.828329,9.663898,66.662445,73.856049
3.3993220,2.494758,8.510190,3.818752,9.655569,66.703003,73.661530
3.4096580,2.522291,8.493430,3.801992,9.641341,66.775017,73.460175
3.4194748,2.578555,8.444349,3.799598,9.612124,66.715797,73.019493
3.4299459,2.661155,8.389283,3.801992,9.587334,66.636444,72.400513
3.4393117,2.777274,8.289924,3.778050,9.524166,66.629181,71.478226
3.4494340,2.895787,8.140285,3.774459,9.428487,66.401505,70.417732
3.4605579,3.034651,7.985860,3.807978,9.353275,65.975471,69.193062
3.4693959,3.196259,7.850587,3.811569,9.293861,65.787827,67.846977
3.4801068,3.394978,7.777564,3.806781,9.300965,65.839836,66.418289
3.4901910,3.618836,7.746439,3.794810,9.354351,66.066681,64.959846
3.4997489,3.835511,7.722497,3.822343,9.431777,66.092438,63.587917
3.5106719,4.010288,7.650671,3.840300,9.453205,66.030952,62.337612
3.5193851,4.128801,7.557298,3.846285,9.431524,65.932564,61.350765
3.5293701,4.193444,7.450756,3.901352,9.397834,65.472305,60.628262
3.5395420,4.231751,7.417237,3.974375,9.419065,65.042236,60.293972
3.5497010,4.234146,7.496245,4.048595,9.513822,64.814598,60.540695
3.5599930,4.240131,7.733272,4.028244,9.695822,65.451591,61.264164
3.5694349,4.350265,8.066066,3.948039,9.978639,66.693542,61.660721
3.5795069,4.468778,8.346188,3.849876,10.220096,67.870781,61.834183
3.5894530,4.497508,8.518570,3.811569,10.359617,68.412254,62.167507
3.5995069,4.485537,8.573636,3.807978,10.398459,68.518181,62.382427
3.6093869,4.425682,8.458714,3.782839,10.268709,68.383949,62.380997
3.6195459,4.299986,8.184579,3.788824,9.991617,67.715843,62.283615
3.6294057,4.168305,7.886500,3.791218,9.692522,66.973999,62.141903
3.6404438,3.833117,7.681796,3.688268,9.343773,66.750862,63.481396
3.6496029,3.833117,7.603985,3.688268,9.279908,66.581352,63.247639
3.6593027,3.657143,7.599196,3.628413,9.180841,66.720573,64.300629
3.6696088,3.424906,7.576451,3.442862,8.999216,67.506813,65.674835
3.6800728,3.434482,7.536947,3.266888,8.903583,68.474312,65.501900
3.6896529,3.351882,7.388506,3.154361,8.704891,68.754402,65.598022
3.7001379,3.244143,7.189788,2.989161,8.435200,69.245316,65.714371
3.7094510,3.076549,6.926425,2.855086,8.098891,69.357986,66.050377
3.7192848,2.869451,6.590040,2.712631,7.682496,69.323425,66.470619
3.7295940,2.671929,6.268020,2.579752,7.285767,69.262863,66.912437
3.7392697,2.495955,5.992687,2.519897,6.963618,68.785156,67.388260
3.7496979,2.246958,5.679047,2.492364,6.596383,67.800179,68.413391
3.7593808,1.990779,5.379771,2.439692,6.233557,66.959587,69.693062
3.7702320,1.765724,5.114015,2.398990,5.918283,66.086792,70.951668
3.7804580,1.595735,4.898537,2.355895,5.665004,65.426003,71.956589
3.7895868,1.352724,4.617218,2.189497,5.286063,65.530930,73.670799
3.7995000,1.112107,4.319140,2.116474,4.936721,64.613602,75.560928
3.8092310,0.858321,4.031836,2.068590,4.612101,63.351639,77.981941
3.8205440,0.735020,3.831920,1.898602,4.339188,64.052483,79.141693
3.8296640,0.664391,3.697845,1.812411,4.171367,64.247253,79.814354
3.8400459,0.663194,3.557784,1.769315,4.028415,63.946594,79.440887
3.8493340,0.693121,3.469198,1.581370,3.875111,65.915474,78.701477
3.8594589,0.656011,3.493140,1.349133,3.801649,69.213860,79.363747
3.8698299,0.499191,3.600879,1.216254,3.833380,71.501495,82.107376
3.8793190,0.277727,3.722984,1.059434,3.880740,74.157257,85.733749
3.8894458,0.031125,3.763685,0.931344,3.877331,76.101509,89.526192
3.9000487,-0.241814,3.719392,0.903811,3.835261,76.369568,93.719818
3.9094219,-0.617704,3.622427,0.814029,3.763798,77.509460,99.677116
3.9198148,-0.987608,3.548207,0.647632,3.739595,80.027107,105.554016
3.9296451,-1.382651,3.541024,0.605733,3.849349,80.946312,111.328979
3.9397068,-1.692701,3.721786,0.299275,4.099573,85.813591,114.456451
3.9495049,-1.933318,4.174291,0.046687,4.600500,89.418541,114.851158
3.9595909,-2.126051,4.899734,-0.225055,5.345852,92.412811,113.456581
3.9693439,-2.299631,5.744887,-0.155623,6.190012,91.440628,111.815819
3.9793887,-2.442086,6.518214,0.052672,6.960867,89.566444,110.538742
3.9902568,-2.618060,7.164649,0.344765,7.635790,87.412148,110.072990
3.9993048,-2.883816,7.672219,0.380678,8.205136,87.340805,110.600121
4.0093141,-3.138798,8.136695,0.270545,8.725311,88.223152,111.094536
4.0192919,-3.392584,8.470686,0.119710,9.125594,89.248367,111.826538
4.0294342,-3.576937,8.785523,-0.013168,9.485783,90.079536,112.153198
4.0392790,-3.748123,9.200917,0.026336,9.935089,89.848122,112.164215
4.0497036,-3.954024,9.744401,-0.062249,10.516252,90.339157,112.086037
4.0593290,-4.185065,10.278308,0.120907,11.098333,89.375801,112.154900
4.0693717,-4.266468,10.825383,0.381875,11.642057,88.120285,111.510246
4.0793829,-4.218584,11.222820,0.559046,12.002527,87.330345,110.600906
4.0895090,-3.988740,11.469423,1.064223,12.189761,84.991440,109.176224
4.0999889,-3.673903,11.567586,1.462857,12.224833,83.127357,107.620018
4.1096578,-3.436877,11.445481,1.768118,12.080455,81.583847,106.714088
4.1202269,-3.441665,11.091140,2.068590,11.795656,79.899879,107.239517
4.1299167,-3.485958,10.553641,2.175132,11.325301,78.927002,108.278831
4.1399388,-3.381810,9.957485,2.288857,10.762296,77.720917,108.758766
4.1492257,-4.085705,9.927557,2.838326,11.104300,75.190498,112.369713
4.1592526,-4.156334,10.626664,2.792836,11.747384,76.246742,111.361618
4.1693430,-4.285621,11.719617,2.461239,12.719028,78.842392,110.086418
4.1800427,-4.113238,12.874820,2.469619,13.739677,79.645172,107.717606
4.1900921,-3.080141,13.692439,2.589329,14.271467,79.546700,102.677765
4.1994658,-3.080141,14.245501,2.589329,14.802911,79.925980,102.200592
4.2093816,-2.401384,14.124593,3.129222,14.665019,77.679497,99.648849
4.2194448,-1.559822,12.379220,3.476381,12.952350,74.431061,97.181610
4.2303367,-1.410185,11.858481,3.770868,12.523244,72.475746,96.781639
4.2395496,-1.276109,11.933898,4.009091,12.653821,71.528763,96.103531
4.2496052,-1.154005,12.423512,4.171896,13.155992,71.511757,95.306908
4.2595286,-1.082179,12.872425,4.163517,13.572226,72.135475,94.805534
4.2696710,-0.630872,13.092692,3.992331,13.702383,73.060585,92.758667
4.2815280,-0.390255,13.656527,4.655525,14.433535,71.182838,91.636864
4.2907391,-0.386664,14.085089,4.938041,14.930622,70.686760,91.572487
4.2999549,-0.294487,13.491326,4.431667,14.203601,71.819588,91.250443
4.3096843,-0.407014,12.501324,4.187459,13.190284,71.490288,91.864761
4.3193545,-0.533907,11.854890,4.019865,12.529277,71.286407,92.578682
4.3302641,-0.701501,11.763910,3.590106,12.319519,73.057251,93.412598
4.3392739,-0.885855,12.227188,3.286042,12.692003,74.994812,94.143814
4.3494911,-1.055843,13.092692,2.912546,13.454231,77.497742,94.610565
4.3594556,-1.270124,14.044387,3.005920,14.418515,77.966919,95.167564
4.3695726,-1.533486,14.969747,3.070564,15.358166,78.467110,95.848923
4.3794718,-1.883040,15.735890,2.922123,16.115299,79.552994,96.823868
4.3895898,-2.194286,15.849615,2.815581,16.246620,80.020103,97.882156
4.4001150,-2.481590,15.132552,2.859874,15.599080,79.435860,99.313049
4.4098611,-3.157952,14.210784,3.076549,14.878984,78.066780,102.528809
4.4194140,-3.748123,13.412318,3.420117,14.340011,76.201874,105.613220
4.4293528,-3.963601,13.166912,3.122039,14.100526,77.207962,106.753235
4.4404068,-4.235343,13.833697,2.953248,14.765872,78.462753,107.022560
4.4495316,-4.829105,14.732720,3.615245,15.919903,76.874214,108.148155
4.4594841,-5.096058,15.168465,4.214992,16.547455,75.242920,108.570496
4.4693127,-4.715380,15.108610,4.191050,16.372837,75.168587,107.333084
4.4796472,-3.720589,14.945804,4.304775,15.992214,74.384560,103.978996
4.4903069,-2.406173,14.891934,4.091691,15.630141,74.824173,99.178276
4.4997568,-1.059434,14.949395,3.800795,15.461335,75.769356,94.053665
4.5099778,-0.180762,15.018827,3.473987,15.416433,76.976944,90.689560
4.5194521,0.119710,14.993689,3.518279,15.401406,76.794823,89.542557
4.5298023,-0.280122,14.851233,4.101267,15.409672,74.564766,91.080574
4.5393929,-0.938527,14.791378,4.847061,15.593578,71.890320,93.630608
4.5503550,-1.265336,14.618996,4.801571,15.439274,71.880661,94.946861
4.5594597,-1.356315,14.532804,4.024653,15.140668,74.584473,95.331848
4.5701098,-1.594538,14.557943,3.524265,15.063091,76.469269,96.250717
4.5794668,-1.933318,14.518439,3.149572,14.981408,77.864044,97.585052
4.5894442,-2.188300,14.391546,2.790442,14.822005,79.148544,98.645859
4.5992875,-2.479196,14.344859,2.674323,14.801128,79.590408,99.805466
4.6094298,-2.883816,14.165295,2.828749,14.730030,78.928162,101.507202
4.6198702,-3.495534,13.954604,2.840720,14.663541,78.829643,104.062843
4.6295509,-4.027047,13.681665,2.337938,14.452372,80.690437,106.401207
4.6392970,-4.528633,13.409924,1.775301,14.264861,82.850845,108.660217
4.6493587,-4.979939,13.299790,1.276109,14.258776,84.865364,110.527779
4.6604548,-5.329493,13.256695,1.089362,14.329347,85.639992,111.901253
4.6701789,-5.507861,13.175292,0.837971,14.304790,86.641708,112.687111
4.6793032,-5.525817,13.146562,0.703895,14.278032,87.174217,112.798187
4.6896386,-5.383362,13.074736,0.689530,14.156439,87.208138,112.378815
4.7001786,-5.159505,13.032837,0.866701,14.043736,86.461777,111.597870
4.7092814,-4.893748,13.001713,1.007959,13.928721,85.850136,110.625969
4.7194729,-4.645948,12.926295,1.019930,13.773678,85.753403,109.769371
4.7294741,-4.462792,12.802994,0.820014,13.583283,86.538986,109.217232
4.7401557,-4.304775,12.648567,0.069432,13.361218,89.702263,108.795334
4.7492509,-4.304775,12.648567,0.069432,13.361218,89.702263,108.795334
4.7595687,-4.199430,12.744335,-0.529119,13.428822,92.258133,108.237747
4.7694507,-4.061763,12.785037,-0.520739,13.424837,92.223015,107.624878
4.7795901,-3.695450,12.793417,-0.155623,13.317361,90.669556,106.111656
4.7892990,-3.117251,12.933477,0.223858,13.305720,89.036003,103.551079
4.7993212,-2.837129,12.852075,0.438139,13.168793,88.093361,102.448540
4.8094530,-3.007117,12.587516,0.444124,12.949346,88.034538,103.435951
4.8193350,-3.640384,11.971008,0.174777,12.513512,89.199722,106.914520
4.8293862,-4.487931,11.025299,-0.161609,11.904825,90.777817,112.149155
4.8392968,-5.035006,10.119094,-0.034716,11.302590,90.175987,116.453781
4.8494110,-5.188235,9.521740,0.027533,10.843527,89.854515,118.585220
4.8592730,-4.971560,9.141062,0.005986,10.405549,89.967041,118.540497
4.8701868,-4.440047,8.992621,-0.137667,10.029965,90.786438,116.277550
4.8795476,-3.920505,8.955511,-0.440533,9.785991,92.580139,113.642632
4.8903017,-3.666720,8.984241,-0.897826,9.745128,95.286201,112.201744
4.9005208,-3.713407,9.015367,-1.189918,9.822532,96.958000,112.386642
4.9099855,-3.732560,9.071630,-1.434127,9.913789,98.317581,112.364922
4.9200420,-3.588908,9.105149,-1.707066,9.934690,99.894165,111.512497
4.9295106,-3.555390,9.072827,-2.087744,9.965724,102.092613,111.398834
4.9395647,-3.421314,8.960299,-2.461239,9.902023,104.392273,110.898376
4.9501047,-3.424906,8.695741,-2.857480,9.772977,107.000847,111.497505
4.9597301,-3.499126,8.355764,-3.489549,9.707710,111.067131,112.722366
4.9694490,-3.675100,8.061277,-3.708618,9.604395,112.714386,114.508026
4.9798107,-3.578135,8.002619,-3.087323,9.293897,109.401649,114.090393
4.9895039,-2.317587,8.119935,-2.619257,8.841101,107.233055,105.929771
4.9998298,-0.860716,8.185776,-2.564190,8.621069,107.303482,96.002464
5.0096641,-0.948104,8.080431,-2.858677,8.623474,109.359810,96.692108
5.0195050,-2.234987,7.738060,-4.159925,9.065193,117.315498,106.110329
5.0294948,-3.596091,7.226898,-4.715380,9.348515,120.291458,116.454849
5.0402107,-4.347870,6.670246,-4.119224,8.964606,117.354759,123.097542
5.0497971,-4.459201,6.117185,-3.049016,8.160939,111.938484,126.090660
5.0596466,-4.140772,5.693412,-2.207454,7.377925,107.409386,126.028091
5.0700440,-3.381810,5.492299,-1.599327,6.645286,103.926140,121.622131
5.0796418,-2.256535,5.474342,-1.347936,6.072669,102.824623,112.401558
5.0899115,-1.373075,5.566519,-1.397017,5.901112,103.694084,103.856354
5.1003819,-0.978031,5.762844,-1.759738,6.104391,106.754662,99.632080
5.1093822,-0.899023,6.047753,-2.290054,6.529006,110.533241,98.455330
5.1192918,-0.775721,6.339846,-2.665944,6.921174,112.655327,96.975838
5.1293569,-0.616507,6.483498,-2.785654,7.083480,113.157532,95.431847
5.1395249,-0.733823,6.330269,-2.640805,6.898163,112.508919,96.612373
5.1496420,-0.737414,5.974730,-2.280477,6.437528,110.747322,97.035988
5.1594291,-0.742203,5.533000,-1.699883,5.835629,106.935440,97.640106
5.1703367,-0.847547,5.124789,-1.024718,5.294511,101.159653,99.390686
5.1793175,-0.967257,4.769250,-0.588974,4.901859,96.900940,101.464729
5.1893559,-0.978031,4.478354,-0.369904,4.598808,94.613556,102.319443
5.1992602,-0.993594,4.276044,-0.174777,4.393442,92.279900,103.081276
5.2095089,-1.039083,4.200627,-0.007183,4.327240,90.095100,103.894005
5.2192311,-1.191115,4.261679,0.095768,4.426041,88.760170,105.615379
5.2292418,-1.325191,4.407725,0.293290,4.611962,86.353912,106.733498
5.2400136,-1.369483,4.649539,0.520739,4.874923,83.867973,106.411903
5.2495308,-1.175553,4.906917,0.766145,5.103600,81.366211,103.472473
5.2603846,-1.052252,5.069722,1.060631,5.285287,78.423492,101.725601
5.2696004,-1.177947,5.155913,1.374272,5.464396,75.433968,102.869225
5.2801647,-1.420959,5.224148,1.508347,5.620139,74.431961,105.216232
5.2902627,-1.498770,5.306748,1.492785,5.712818,74.852524,105.771126
5.2993560,-1.013944,5.639542,1.611298,5.952209,74.293732,100.192429
5.3092580,-0.478840,5.826290,1.717840,6.093103,73.624466,94.698357
5.3193650,-0.064643,6.027403,1.878251,6.313604,72.692924,90.614471
5.3294592,0.190339,6.179435,2.149993,6.545541,70.824257,88.235733
5.3401170,0.269348,6.311116,2.398990,6.757061,69.204437,87.556198
5.3493948,0.231040,6.491878,2.645593,7.014059,67.840622,87.961754
5.3593912,0.191536,6.726510,2.833538,7.301476,67.165077,88.368958
5.3698230,0.256180,7.030573,3.016694,7.654739,66.790459,87.913185
5.3792939,0.494403,7.405266,3.099294,8.042886,67.334778,86.180389
5.3903852,0.915782,7.854179,3.180697,8.523123,68.087852,83.349449
5.3995829,1.364695,8.261193,3.301604,9.000572,68.480270,80.619827
5.4097824,1.685518,8.590396,3.450045,9.409499,68.490501,78.899040
5.4194527,1.912967,8.779537,3.632004,9.691810,67.991150,77.707985
5.4293818,1.960851,8.901642,3.811569,9.879890,67.307167,77.577293
5.4397302,1.984793,8.878897,3.997120,9.937363,66.282249,77.399231
5.4496589,1.810017,8.682572,4.316746,9.863951,64.047333,78.224457
5.4594464,1.523909,8.439561,4.696227,9.777680,61.294956,79.764542
5.4697862,1.285686,8.258799,4.921282,9.699472,59.510780,81.151520
5.4793959,1.176750,8.209718,5.056554,9.713545,58.629688,81.842995
5.4900188,1.177947,8.275558,5.064934,9.773740,58.787167,81.898911
5.5007467,1.279701,8.456321,4.990714,9.902233,59.735085,81.394684
5.5097799,1.397017,8.586804,4.873397,9.971703,60.743340,80.759315
5.5197248,1.555034,8.623915,4.754885,9.969903,61.515312,79.778465
5.5303597,1.596933,8.623915,4.637568,9.921146,62.131569,79.509094
5.5393848,1.650802,8.652645,4.598064,9.936580,62.435867,79.198586
5.5500450,1.778892,8.635885,4.562151,9.927547,62.642269,78.360535
5.5595150,1.810017,8.578424,4.507085,9.857958,62.793251,78.085556
5.5694427,1.821988,8.537724,4.444836,9.796373,63.017227,77.953529
5.5793772,1.763330,8.567651,4.407725,9.794999,63.256477,78.370209
5.5894580,1.762132,8.641871,4.435259,9.872111,63.303043,78.475021
5.6004291,1.824382,8.684967,4.458004,9.931305,63.327900,78.136818
5.6098957,1.819593,8.694544,4.484340,9.950644,63.214077,78.179741
5.6193738,1.758541,8.641871,4.450821,9.878472,63.220535,78.497879
5.6294427,1.795651,8.638280,4.459201,9.885783,63.187511,78.257080
5.6393275,1.885434,8.638280,4.458004,9.901946,63.242527,77.687439
5.6497059,1.885434,8.633492,4.462792,9.899927,63.205597,77.680817
5.6613979,1.783680,8.667010,4.460398,9.909275,63.248390,78.370834
5.6703916,1.622072,8.724471,4.455609,9.929751,63.338856,79.467705
5.6795878,1.539472,8.780735,4.380192,9.932641,63.832958,80.055756
5.6892900,1.446098,8.804677,4.288015,9.899527,64.332138,80.672897
5.7000399,1.320402,8.798691,4.242526,9.856949,64.506439,81.465424
5.7103286,1.201889,8.819042,4.232949,9.855856,64.565079,82.239349
5.7200880,1.157596,8.854955,4.214992,9.875040,64.733261,82.552032
5.7293940,1.138443,8.899248,4.183867,9.899364,64.998627,82.709991
5.7395945,1.180341,8.959103,4.182671,9.957582,65.162331,82.494637
5.7493539,1.265336,8.985439,4.204218,10.000732,65.140724,81.984276
5.7593975,1.344344,8.986636,4.216189,10.017142,65.108742,81.492004
5.7693887,1.456872,8.939949,4.260482,10.009839,64.809494,80.744324
5.7793007,1.549049,8.854955,4.316746,9.972165,64.349564,80.077324
5.7893977,1.571793,8.728063,4.323928,9.866406,64.007881,79.791306
5.7991900,1.568202,8.640674,4.338294,9.794963,63.710258,79.713318
5.8091960,1.572991,8.601170,4.380192,9.779596,63.391556,79.636215
5.8191986,1.580173,8.616732,4.351461,9.781627,63.585575,79.608315
5.8291879,1.574188,8.669404,4.346673,9.824978,63.742222,79.708382
5.8391867,1.635240,8.725668,4.399345,9.907852,63.638950,79.385567
5.8491907,1.710657,8.813056,4.393360,9.994894,63.924160,79.015205
5.8591852,1.750161,8.807071,4.435259,10.014943,63.713234,78.760475
5.8693328,1.792060,8.746018,4.516662,10.005226,63.164516,78.420364
5.8791919,1.783680,8.682572,4.575319,9.975076,62.698349,78.391106
5.8893366,1.782483,8.620323,4.665102,9.962449,62.078033,78.317207
5.8991928,1.759738,8.588001,4.674679,9.934942,61.931355,78.420006
5.9091778,1.681927,8.693346,4.559757,9.959645,62.753265,79.050110
5.9192419,1.610101,8.838196,4.367024,9.988845,64.075264,79.675354
5.9291468,1.577779,8.942344,4.334702,10.062035,64.481804,79.993767
5.9391389,1.517924,8.983045,4.276044,10.063982,64.856560,80.408958
5.9492102,1.416170,8.953117,4.198233,9.989445,65.148560,81.011635
5.9595528,1.340753,8.910022,4.201824,9.941903,64.998764,81.442513
5.9693270,1.278504,8.834604,4.232949,9.879406,64.630013,81.765579
5.9791441,1.325191,8.912416,4.271256,9.971505,64.637352,81.542633
5.9891911,1.431733,9.077616,4.303577,10.147597,64.906410,81.037071
5.9991179,1.541866,9.253590,4.253299,10.300331,65.611076,80.540085
6.0092268,1.678335,9.457097,4.214992,10.489025,66.306252,79.936592
6.0191598,1.634043,9.489418,4.150349,10.485445,66.682877,80.229698
6.0292521,1.454478,9.252393,4.173094,10.253633,65.984306,81.066208
6.0391250,1.158794,8.773552,4.231751,9.809472,64.443916,82.476036
6.0491624,0.912191,8.335413,4.315548,9.430544,62.766754,83.754654
6.0590897,0.816423,8.166622,4.406528,9.315458,61.768581,84.291069
6.0693026,0.981623,8.269572,4.472369,9.452592,61.761898,83.230499
6.0791569,1.213860,8.537724,4.519056,9.735915,62.343906,81.908142
6.0893564,1.379060,8.752005,4.535815,9.953543,62.890110,81.045486
6.0992017,1.489193,8.783129,4.454412,9.960062,63.434067,80.376930
6.1091738,1.567005,8.790312,4.416105,9.961279,63.683643,79.892342
6.1192317,1.613692,8.783129,4.368221,9.941263,63.934204,79.589363
6.1291337,1.632846,8.823831,4.328717,9.963130,64.248199,79.516037
6.1392250,1.576582,8.836999,4.292804,9.950192,64.441704,79.884460
6.1491127,1.517924,8.847773,4.214992,9.917325,64.848511,80.265106
6.1591487,1.490391,8.853758,4.158728,9.894711,65.146591,80.444740
6.1691308,1.479617,8.860941,4.107253,9.878009,65.430443,80.520103
6.1791201,1.467646,8.847773,4.039018,9.836195,65.755699,80.581680
6.1890926,1.497573,8.856153,3.988740,9.827726,66.054596,80.402092
6.1990957,1.523909,8.881291,4.015076,9.865113,65.983643,80.263634
6.2093196,1.514333,8.931569,4.067749,9.930393,65.818649,80.377106
6.2192068,1.527501,8.989030,4.125209,10.007661,65.656563,80.355888
6.2296658,1.541866,9.022549,4.127604,10.040958,65.727516,80.302383
6.2390995,1.587356,9.015367,4.150349,10.050966,65.610954,80.014160
6.2490931,1.662773,8.966286,4.173094,10.028649,65.410309,79.494003
6.2591329,1.704672,8.901642,4.242526,10.007205,64.915962,79.159065
6.2692447,1.641225,8.821436,4.317943,9.957709,64.301971,79.460640
6.2790899,1.610101,8.793902,4.310760,9.925109,64.257416,79.624474
6.2895031,1.570596,8.773552,4.345476,9.915904,64.008804,79.850708
6.2991638,1.514333,8.731653,4.303577,9.851688,64.097786,80.161049
6.3091197,1.525106,8.699332,4.249708,9.801243,64.304474,80.056351
6.3193998,1.577779,8.495825,4.431667,9.711236,62.848537,79.479324
6.3292298,1.734599,8.720880,4.890157,10.147719,61.190620,78.750580
