Keuwl Accelerometer Data File
2019-06-27 16-03-29

Time (s), X (m/s2), Y (m/s2), Z (m/s2), R (m/s2), Theta (deg), Phi (deg)
0.0000000,3.220201,6.949171,4.565742,8.916651,59.199738,65.137291
0.0099500,3.256114,7.290344,4.739322,9.285072,59.307934,65.932846
0.0198030,3.712210,7.072472,5.389348,9.635633,55.991604,62.305847
0.0297280,3.997120,6.756437,5.493496,9.581488,55.016201,59.391369
0.0397270,4.091691,6.354211,5.365406,9.268523,54.627865,57.221153
0.0497840,4.499902,6.368577,5.643134,9.625634,54.107880,54.755775
0.0597650,5.272032,6.873753,5.920861,10.492826,55.647896,52.512508
0.0699290,6.160281,7.526173,6.092046,11.476296,57.937954,50.699181
0.0799910,6.573281,7.714118,6.082469,11.819986,59.029816,49.565334
0.0900470,6.775591,7.887698,6.002264,12.006314,60.004925,49.337177
0.0998970,6.526594,7.592013,6.068104,11.707133,58.780010,49.315479
0.1099160,5.693412,6.716933,5.674258,10.475177,57.201500,49.714695
0.1199510,4.827908,6.248867,5.385756,9.558420,55.704803,52.310135
0.1300060,3.973178,5.942409,5.172673,8.823543,54.109692,56.232758
0.1400680,3.550601,6.344635,5.023035,8.836969,55.360470,60.767635
0.1499610,3.543418,6.910863,5.092467,9.287037,56.746700,62.854351
0.1597940,3.699042,7.056910,5.212177,9.521012,56.808479,62.337685
0.1700100,3.913323,6.944382,5.228937,9.533117,56.735676,60.597717
0.1800870,4.112041,7.012617,5.352238,9.733043,56.639584,59.613594
0.1899210,4.066552,7.163452,5.462371,9.883794,56.450348,60.417271
0.1997930,3.919308,7.183802,5.748478,10.000649,54.913639,61.384190
0.2097900,3.980360,7.067683,5.901707,10.031229,53.961166,60.612766
0.2198960,4.219780,6.975507,5.875371,10.049090,54.220535,58.828476
0.2300530,4.503493,6.885724,5.749675,10.037601,55.053333,56.813972
0.2400190,4.624401,6.864176,5.578490,9.981060,56.019718,56.031822
0.2500520,4.590882,6.947973,5.482722,9.970495,56.640217,56.545219
0.2599680,4.487931,7.068881,5.456386,9.994136,56.909798,57.589119
0.2698440,4.436456,7.184999,5.555745,10.108049,56.657974,58.306293
0.2797660,4.428076,7.115568,5.675455,10.121757,55.894505,58.105656
0.2900380,4.437653,6.964733,5.697003,10.032752,55.400227,57.496319
0.3003460,4.432865,6.843825,5.634754,9.911543,55.354015,57.068169
0.3100700,4.365827,6.829460,5.580884,9.841150,55.451981,57.410690
0.3200070,4.267664,6.898892,5.562928,9.836353,55.559662,58.259007
0.3297980,4.214992,6.904878,5.489904,9.776632,55.838100,58.598568
0.3399090,4.250905,6.858191,5.474342,9.750559,55.844639,58.208168
0.3498820,4.243722,6.793547,5.511452,9.723043,55.469536,58.008232
0.3600800,4.213795,6.744466,5.527015,9.684616,55.200912,58.003757
0.3700410,4.237737,6.737284,5.564125,9.711276,55.043449,57.830196
0.3801320,4.376601,6.749255,5.606023,9.804824,55.126831,57.038330
0.3900020,4.410120,6.738481,5.679047,9.854331,54.809307,56.796539
0.3998270,4.296395,6.727707,5.734113,9.828586,54.309128,57.437210
0.4099200,4.198233,6.713342,5.707777,9.760780,54.213509,57.979927
0.4199950,4.104859,6.823475,5.729325,9.809936,54.265301,58.969769
0.4300970,4.335899,6.756437,5.543774,9.756172,55.372936,57.309948
0.4400210,4.547786,6.767211,5.591658,9.886563,55.557316,56.097610
0.4500160,4.728549,6.981492,5.588067,10.115675,56.467041,55.890305
0.4601010,4.892551,7.596802,5.527015,10.592278,58.547157,57.217342
0.4698770,4.129998,7.299921,5.558139,10.061742,56.467957,60.500587
0.4798870,4.050989,6.859388,5.741296,9.819582,54.219738,59.434925
0.4903860,4.181473,6.563704,5.917270,9.776554,52.753090,57.500420
0.5001120,4.314352,6.490681,5.926847,9.791327,52.748417,56.388039
0.5099560,4.423288,6.592434,5.799953,9.831842,53.849007,56.139801
0.5202310,4.522647,6.782773,5.656301,9.922403,55.246037,56.305267
0.5305930,4.498705,6.932411,5.621585,9.994944,55.775085,57.018929
0.5401530,4.302381,6.945579,5.620389,9.916669,55.475281,58.224205
0.5499009,4.121618,6.883330,5.622783,9.797125,54.975845,59.087559
0.5599160,4.083311,6.819883,5.601235,9.724097,54.829189,59.089516
0.5702500,4.175488,6.793547,5.594052,9.740657,54.949425,58.424053
0.5799650,4.299986,6.797139,5.619191,9.811539,55.060402,57.681854
0.5903100,4.398149,6.787562,5.661090,9.872317,55.010193,57.057903
0.6005220,4.426879,6.745663,5.612009,9.828320,55.179741,56.724892
0.6098650,4.430470,6.683414,5.612009,9.787325,55.012650,56.459389
0.6200560,4.398149,6.639122,5.542577,9.702670,55.163090,56.477142
0.6313319,4.350265,6.645107,5.486313,9.653076,55.364845,56.788963
0.6399760,4.355053,6.793547,5.432444,9.727806,56.051678,57.337803
0.6500990,4.361038,6.841431,5.482722,9.792042,55.950005,57.484718
0.6598899,4.339490,6.843825,5.688623,9.900988,54.931797,57.622288
0.6701260,4.384980,6.862979,5.756858,9.973462,54.744923,57.424168
0.6803980,4.467580,6.818686,5.723339,9.960441,54.927883,56.767319
0.6900450,4.527435,6.730101,5.643134,9.881138,55.172920,56.070713
0.7000880,4.507085,6.651093,5.589264,9.787272,55.174797,55.876633
0.7099250,4.452018,6.625953,5.564125,9.730530,55.122669,56.102604
0.7200679,4.394557,6.636727,5.554548,9.706250,55.091675,56.489178
0.7307920,4.356250,6.695385,5.538986,9.720363,55.261402,56.950573
0.7399820,4.371812,6.803124,5.665878,9.874078,54.983421,57.274456
0.7501240,4.505888,6.936002,5.749675,10.073227,55.194817,56.990734
0.7613249,4.663905,7.022193,5.720945,10.187857,55.837254,56.409222
0.7702810,4.723760,6.973113,5.695806,10.167616,55.931000,55.885311
0.7800120,4.795586,6.867768,5.732916,10.150379,55.611721,55.074390
0.7901050,4.693832,6.739678,5.746084,10.023613,55.022491,55.144810
0.8000900,4.519056,6.640318,5.722142,9.861978,54.533798,55.762833
0.8101479,4.369418,6.636727,5.683835,9.769542,54.423367,56.640316
0.8211589,4.272453,6.715736,5.657499,9.765360,54.595612,57.536079
0.8312740,4.250905,6.791153,5.649119,9.803188,54.812557,57.955597
0.8399680,4.276044,6.824672,5.560534,9.786737,55.377266,57.930519
0.8502220,4.254497,6.795941,5.507861,9.727388,55.512806,57.951996
0.8603630,4.258088,6.789956,5.543774,9.745165,55.328236,57.907532
0.8702190,4.310760,6.816292,5.610812,9.824750,55.173763,57.689919
0.8803450,4.355053,6.877345,5.626374,9.895475,55.348705,57.656116
0.8901900,4.357447,6.907272,5.644331,9.927548,55.350662,57.754253
0.8999380,4.352659,6.913258,5.645528,9.930295,55.353222,57.805058
0.9102010,4.344279,6.901287,5.623980,9.906042,55.407761,57.810066
0.9201330,4.294001,6.842628,5.699397,9.886513,54.796513,57.890217
0.9300709,4.156334,6.748057,5.752069,9.792737,54.028610,58.369820
0.9399480,3.967192,6.660669,5.683835,9.612966,53.752987,59.221352
0.9499100,3.870227,6.678626,5.610812,9.542741,53.987164,59.907940
0.9603410,3.890578,6.740875,5.571307,9.571596,54.403969,60.008083
0.9700380,3.974375,6.792350,5.546168,9.627650,54.825634,59.667027
0.9800780,4.185065,6.821081,5.584476,9.758497,55.091469,58.468861
0.9904230,4.456807,6.845023,5.627571,9.919023,55.434265,56.931778
0.9999599,4.801571,6.897695,5.612009,10.105837,56.267002,55.157745
1.0101140,4.955997,6.861782,5.583278,10.139969,56.590382,54.160885
1.0200120,5.030218,6.799533,5.639542,10.165686,56.305634,53.506382
1.0301180,5.090073,6.745663,5.756858,10.225176,55.735909,52.962906
1.0400510,5.128380,6.678626,5.790377,10.219236,55.485458,52.480080
1.0501209,5.158308,6.618771,5.706580,10.147970,55.782425,52.069099
1.0599270,5.214571,6.598420,5.574899,10.090114,56.460552,51.681534
1.0699680,5.297171,6.667852,5.493496,10.134040,57.174416,51.535160
1.0799739,5.297171,6.737284,5.500679,10.183736,57.306591,51.823895
1.0900329,5.276821,6.811504,5.543774,10.245724,57.242691,52.235325
1.1002830,5.190629,6.876147,5.505467,10.224197,57.420166,52.951771
1.1100750,5.035006,6.901287,5.464766,10.141139,57.393185,53.886444
1.1200340,4.891354,6.859388,5.383362,9.997857,57.421703,54.507751
1.1300789,4.790798,6.829460,5.357026,9.914182,57.293232,54.950726
1.1399519,4.727351,6.787562,5.358223,9.855425,57.065315,55.143845
1.1505369,4.692636,6.746861,5.407305,9.837678,56.656818,55.180279
1.1605300,4.666299,6.730101,5.407305,9.813642,56.564438,55.264587
1.1701169,4.588488,6.740875,5.398925,9.779673,56.491837,55.757030
1.1799960,4.514267,6.760028,5.368997,9.741803,56.555450,56.265469
1.1900530,4.440047,6.769605,5.359420,9.709015,56.495361,56.739941
1.2004139,4.377798,6.812701,5.329493,9.694406,56.650185,57.275459
1.2100739,4.296395,6.835446,5.301960,9.658835,56.706825,57.848732
1.2209270,4.224569,6.827066,5.331887,9.637678,56.410866,58.250896
1.2301120,4.224569,6.809110,5.379771,9.651575,56.123940,58.183338
1.2400140,4.309563,6.781576,5.421670,9.693122,55.990410,57.564816
1.2502530,4.428076,6.740875,5.486313,9.754326,55.774647,56.699116
1.2599330,4.534618,6.690597,5.536592,9.796973,55.588482,55.872158
1.2703929,4.557363,6.619968,5.567716,9.777167,55.287350,55.455437
1.2800100,4.487931,6.598420,5.567716,9.730371,55.096233,55.778324
1.2901469,4.377798,6.639122,5.536592,9.690041,55.154236,56.599377
1.2999589,4.325125,6.755240,5.471948,9.709902,55.698818,57.370098
1.3100590,4.322731,6.860585,5.426458,9.757052,56.209522,57.785709
1.3199619,4.401740,6.930017,5.371391,9.810825,56.804577,57.577507
1.3301570,4.515464,6.949171,5.372589,9.876493,57.045193,56.984806
1.3410879,4.617218,6.931214,5.415684,9.934287,56.965034,56.330490
1.3499430,4.678270,6.876147,5.487510,9.963954,56.582466,55.770111
1.3601770,4.744111,6.831854,5.554548,10.001691,56.264427,55.223484
1.3702339,4.782418,6.821081,5.597643,10.036547,56.101318,54.964813
1.3800970,4.782418,6.816292,5.584476,10.025952,56.151279,54.945896
1.3901860,4.768053,6.801927,5.548563,9.989348,56.258430,54.970100
1.3999850,4.726154,6.786365,5.516241,9.940834,56.295677,55.145905
1.4100699,4.684256,6.816292,5.523423,9.945466,56.263729,55.502583
1.4199460,4.653131,6.841431,5.517438,9.944795,56.302601,55.778812
1.4304860,4.654328,6.870162,5.463568,9.935415,56.639271,55.883545
1.4400359,4.649539,6.902483,5.452795,9.949647,56.767414,56.035641
1.4503709,4.654328,6.941988,5.453991,9.979980,56.873234,56.159714
1.4601179,4.650737,6.973113,5.505467,10.028151,56.701481,56.298584
1.4701329,4.678270,7.012617,5.597643,10.119122,56.414906,56.291878
1.4800320,4.649539,7.009026,5.670667,10.144019,56.012241,56.441113
1.4904029,4.572925,6.977901,5.693412,10.100381,55.689125,56.761414
1.4999290,4.462792,6.902483,5.650316,9.974310,55.494389,57.115360
1.5100939,4.340688,6.843825,5.604826,9.853607,55.332745,57.615135
1.5200070,4.235343,6.791153,5.565322,9.748369,55.187145,58.050026
1.5301049,4.159925,6.785168,5.515044,9.682933,55.280220,58.487911
1.5399469,4.158728,6.833052,5.475539,9.693665,55.607605,58.674492
1.5503449,4.192247,6.895301,5.445612,9.735235,55.987667,58.700977
1.5600729,4.270059,6.964733,5.433641,9.811491,56.371635,58.487652
1.5704839,4.378995,7.012617,5.439626,9.896561,56.657120,58.017479
1.5799750,4.489128,7.025785,5.463568,9.968175,56.763161,57.423439
1.5902029,4.578911,6.989872,5.491102,9.998847,56.689671,56.772079
1.5999960,4.627992,6.910863,5.495890,9.969110,56.544304,56.191002
1.6103549,4.661511,6.843825,5.489904,9.935123,56.456127,55.740185
1.6200829,4.659117,6.805518,5.462371,9.892419,56.483471,55.604118
1.6303068,4.629189,6.785168,5.476737,9.872312,56.306004,55.696186
1.6402260,4.598064,6.797139,5.434838,9.842802,56.484425,55.922806
1.6518960,4.605247,6.891710,5.418078,9.902502,56.828812,56.247967
1.6599209,4.605247,6.891710,5.418078,9.902502,56.828812,56.247967
1.6702640,4.617218,6.915652,5.428853,9.930629,56.860619,56.271042
1.6798240,4.662708,6.949171,5.401319,9.960224,57.160408,56.139442
1.6899029,4.683059,6.968324,5.396531,9.980537,57.268326,56.096947
1.7001269,4.662708,6.939594,5.419276,9.963300,57.048851,56.102879
1.7098730,4.590882,6.892907,5.507861,9.946099,56.373898,56.335197
1.7199669,4.386178,6.847417,5.485116,9.808781,55.999184,57.358025
1.7298830,4.371812,6.871359,5.442020,9.795095,56.248894,57.533974
1.7402179,4.452018,6.908469,5.385756,9.826179,56.763042,57.201092
1.7506659,4.520253,6.934805,5.347449,9.854918,57.138012,56.902843
1.7600149,4.632780,6.967127,5.341464,9.926467,57.445389,56.378143
1.7706790,4.746505,6.969521,5.340267,9.981081,57.653450,55.743671
1.7798610,4.833893,6.939594,5.401319,10.034876,57.435093,55.140198
1.7901189,4.826711,6.860585,5.458780,10.008149,56.945705,54.871998
1.7999320,4.765658,6.793547,5.448006,9.926961,56.714653,54.950424
1.8099949,4.681861,6.743269,5.432444,9.843929,56.505478,55.227695
1.8199099,4.613626,6.734890,5.368997,9.770896,56.668056,55.587540
1.8298880,4.581305,6.740875,5.300763,9.722440,56.961044,55.798771
1.8398489,4.589684,6.732495,5.272032,9.704948,57.096115,55.716919
1.8498439,4.607641,6.731298,5.226542,9.688006,57.351353,55.607967
1.8598489,4.616021,6.698977,5.220557,9.666341,57.311203,55.430691
1.8698219,4.665102,6.684611,5.212177,9.675433,57.404667,55.089321
1.8798050,4.778827,6.721721,5.272032,9.788414,57.411667,54.588966
1.8899480,4.893748,6.805518,5.316325,9.926085,57.615978,54.280643
1.8998470,4.951209,6.861782,5.305551,9.987362,57.911640,54.187172
1.9098350,4.991910,6.909666,5.383362,10.081828,57.726124,54.153648
1.9204130,5.038598,6.941988,5.380968,10.125881,57.899403,54.027302
1.9301379,5.100847,6.989872,5.373785,10.185996,58.158852,53.879967
1.9404899,5.140351,7.041347,5.371391,10.239903,58.361721,53.869667
1.9511139,5.091270,7.079654,5.462371,10.289803,57.936905,54.278538
1.9602580,5.063736,7.126341,5.479131,10.317317,57.922791,54.603691
1.9706649,4.966772,7.176620,5.475539,10.303117,57.896866,55.313789
1.9800539,4.842273,7.241263,5.493496,10.298640,57.763206,56.229134
1.9899629,4.687847,7.269993,5.489904,10.245378,57.598965,57.185211
2.0000749,4.595670,7.267599,5.505467,10.210208,57.369984,57.692764
2.0101960,4.587290,7.268796,5.574899,10.244907,57.032520,57.744244
2.0200260,4.545392,7.222109,5.560534,10.185233,56.911030,57.814846
2.0305700,4.471172,7.140707,5.510255,10.066975,56.813942,57.947155
2.0400360,4.408922,7.049727,5.445612,9.939413,56.778263,57.978004
2.0506260,4.370615,6.937200,5.398925,9.817098,56.636333,57.788013
2.0598819,4.344279,6.797139,5.337873,9.672990,56.507164,57.415993
2.0703549,4.344279,6.671443,5.293580,9.560487,56.379219,56.928818
2.0799370,4.314352,6.585252,5.329493,9.506980,55.903568,56.769043
2.0900180,4.313154,6.554127,5.377377,9.511890,55.574642,56.651798
2.0998800,4.303577,6.542156,5.476737,9.555901,55.031490,56.662182
2.1100180,4.316746,6.568492,5.511452,9.599766,54.961720,56.687496
2.1198719,4.377798,6.591237,5.527015,9.651809,55.065453,56.408504
2.1298299,4.401740,6.587646,5.542577,9.669155,55.024754,56.249908
2.1398580,4.423288,6.546945,5.507861,9.631433,55.119751,55.956005
2.1498859,4.452018,6.520608,5.499481,9.622011,55.141468,55.676254
2.1598971,4.460398,6.530185,5.538986,9.654989,54.991947,55.665241
2.1698060,4.490325,6.604405,5.626374,9.769200,54.835224,55.788277
2.1803188,4.502296,6.698977,5.748478,9.909185,54.541286,56.095459
2.1900709,4.503493,6.800730,5.862203,10.044740,54.295200,56.487179
2.2002890,4.486734,6.903681,5.896919,10.127450,54.389580,56.979977
2.2103989,4.495114,6.973113,5.808333,10.127541,55.004044,57.192749
2.2199738,4.471172,6.955156,5.880159,10.146027,54.580894,57.264771
2.2299190,4.450821,6.936002,5.823895,10.091368,54.752010,57.311779
2.2407758,4.420894,6.900089,5.821501,10.052135,54.610565,57.352276
2.2504029,4.407725,6.927623,5.868188,10.092356,54.447487,57.533295
2.2602391,4.376601,6.968324,5.870583,10.108211,54.495026,57.868271
2.2701371,4.331111,6.981492,5.834670,10.076860,54.618591,58.185760
2.2800570,4.259285,6.974309,5.803545,10.023155,54.618793,58.587143
2.2900429,4.182671,6.931214,5.813122,9.966386,54.318935,58.890942
2.3005209,4.143166,6.865374,5.849035,9.925241,53.892006,58.889549
2.3098938,4.164714,6.770802,5.887342,9.891886,53.475330,58.404369
2.3199360,4.250905,6.678626,5.932832,9.893064,53.151867,57.523495
2.3300338,4.339490,6.602011,5.947197,9.888725,53.028915,56.683151
2.3399680,4.380192,6.556521,5.936423,9.869913,53.024994,56.254444
2.3504398,4.387374,6.561310,5.870583,9.836848,53.359295,56.230400
2.3600240,4.370615,6.643910,5.813122,9.850696,53.834263,56.661572
2.3700719,4.340688,6.773197,5.786786,9.909826,54.271561,57.345715
2.3799701,4.328717,6.877345,5.793968,9.980267,54.511295,57.812996
2.3901618,4.298789,6.864176,5.829881,9.979179,54.253189,57.942551
2.4000959,4.272453,6.754043,5.851429,9.905058,53.789639,57.683491
2.4101088,4.265270,6.641516,5.856217,9.828404,53.427021,57.290878
2.4206679,4.278439,6.567295,5.826290,9.766271,53.375175,56.916698
2.4301848,4.295198,6.552930,5.779603,9.736192,53.585648,56.756672
2.4400969,4.290410,6.613982,5.728127,9.744938,53.998569,57.029018
2.4501719,4.298789,6.727707,5.716156,9.819169,54.398617,57.422726
2.4600759,4.334702,6.839037,5.767632,9.941210,54.537216,57.632755
2.4699697,4.390966,6.865374,5.825093,10.017267,54.443520,57.397774
2.4799538,4.401740,6.774394,5.844246,9.971105,54.117973,56.985741
2.4900749,4.412514,6.666655,5.846641,9.904431,53.821308,56.500290
2.5007758,4.416105,6.598420,5.828684,9.849604,53.717400,56.206905
2.5100269,4.407725,6.584054,5.823895,9.833390,53.682655,56.199490
2.5199208,4.401740,6.646304,5.796362,9.856292,53.978588,56.484135
2.5300488,4.401740,6.725313,5.734113,9.873459,54.495964,56.795120
2.5399549,4.441244,6.783970,5.725733,9.926274,54.772388,56.788540
2.5509031,4.479551,6.763620,5.743690,9.939965,54.701374,56.483456
2.5599658,4.489128,6.692991,5.759252,9.905421,54.449223,56.149422
2.5704360,4.505888,6.592434,5.799953,9.869280,54.007633,55.647640
2.5799081,4.481946,6.530185,5.808333,9.821807,53.745628,55.536522
2.5904360,4.423288,6.534974,5.802348,9.794826,53.673275,55.907345
2.6001589,4.370615,6.576872,5.758055,9.773061,53.901428,56.394249
2.6108959,4.314352,6.655881,5.664681,9.746948,54.466782,57.048634
2.6199417,4.301183,6.731298,5.590461,9.750067,55.013973,57.422127
2.6301928,4.349067,6.809110,5.559336,9.807374,55.468956,57.433098
2.6401720,4.460398,6.823475,5.628768,9.906462,55.375786,56.827988
2.6506050,4.583699,6.804321,5.720945,10.001915,55.111240,56.034008
2.6599491,4.695030,6.740875,5.770026,10.038720,54.915977,55.142731
2.6701550,4.739322,6.655881,5.817910,10.030454,54.547722,54.547222
2.6806200,4.696227,6.569689,5.851429,9.972692,54.073624,54.441589
2.6902540,4.595670,6.569689,5.874174,9.939160,53.771069,55.026199
2.6999328,4.511873,6.666655,5.829881,9.939256,54.087357,55.910557
2.7099361,4.473566,6.799533,5.791574,9.989432,54.565628,56.658180
2.7199450,4.448427,6.872556,5.770026,10.015675,54.823322,57.086067
2.7306218,4.446033,6.831854,5.760449,9.981193,54.751038,56.944736
2.7399621,4.418499,6.727707,5.742493,9.887436,54.494099,56.704628
2.7500951,4.414908,6.616376,5.711368,9.792220,54.320141,56.286015
2.7601478,4.446033,6.575675,5.700594,9.772588,54.315254,55.936066
2.7699378,4.473566,6.579266,5.656301,9.761827,54.589497,55.786293
2.7799048,4.442441,6.600814,5.606023,9.733115,54.832115,56.058887
2.7904909,4.309563,6.654684,5.536592,9.670108,55.071972,57.072964
2.8000019,4.274847,6.701371,5.547365,9.693088,55.089153,57.465939
2.8101690,4.285621,6.726510,5.589264,9.739218,54.977890,57.497807
2.8199959,4.371812,6.703765,5.646725,9.794830,54.795216,56.889908
2.8300748,4.453215,6.634333,5.707777,9.819584,54.460457,56.128994
2.8399558,4.507085,6.557718,5.706580,9.791963,54.353546,55.499466
2.8502021,4.541800,6.524199,5.667076,9.762627,54.515213,55.156418
2.8600559,4.614824,6.555324,5.626374,9.794128,54.937897,54.855179
2.8699739,4.686650,6.630742,5.614403,9.871825,55.338291,54.747089
2.8799400,4.786009,6.768408,5.607220,10.007905,55.924896,54.735485
2.8901110,4.866215,6.915652,5.622783,10.154899,56.378674,54.867775
2.8999529,4.934450,7.003040,5.711368,10.296168,56.309387,54.830887
2.9099729,4.930859,7.013814,5.801151,10.351827,55.916622,54.891975
2.9211159,4.851850,6.940791,5.841852,10.287967,55.400715,55.045139
2.9300549,4.732140,6.856994,5.826290,10.166472,55.034111,55.389717
2.9399590,4.617218,6.786365,5.803545,10.052590,54.737850,55.769924
2.9503269,4.556166,6.750452,5.754464,9.972015,54.755890,55.982918
2.9600198,4.563348,6.752846,5.749675,9.974158,54.798256,55.950481
2.9700410,4.608838,6.786365,5.756858,10.021853,54.940243,55.818314
2.9802480,4.671088,6.833052,5.776011,10.093164,55.091354,55.643410
2.9901681,4.708198,6.817489,5.827487,10.129407,54.879086,55.370815
3.0001369,4.667496,6.720524,5.847837,10.057244,54.447041,55.219490
3.0100420,4.582502,6.600814,5.805939,9.913576,54.150696,55.230347
3.0200498,4.461595,6.459556,5.722142,9.714659,53.912403,55.367283
3.0300839,4.370615,6.388927,5.610812,9.560433,54.064201,55.624275
3.0399129,4.301183,6.375759,5.515044,9.463942,54.356312,55.995804
3.0502160,4.291606,6.409278,5.444415,9.441313,54.784126,56.194019
3.0600219,4.347870,6.477513,5.476737,9.531882,54.930454,56.129490
3.0704608,4.398149,6.539762,5.538986,9.632890,54.899830,56.078213
3.0808260,4.430470,6.606800,5.586870,9.720698,54.918606,56.154491
3.0903418,4.420894,6.679823,5.604826,9.776422,55.019306,56.502293
3.1004589,4.389769,6.746861,5.628768,9.822079,55.035206,56.950413
3.1098428,4.388572,6.829460,5.662287,9.897605,55.104137,57.275433
3.1198578,4.434062,6.848614,5.700594,9.952949,55.057484,57.079395
3.1299000,4.481946,6.787562,5.738902,9.954588,54.794678,56.562523
3.1399548,4.538209,6.687006,5.747281,9.916785,54.581047,55.836796
3.1499720,4.584896,6.606800,5.753267,9.887930,54.419415,55.240658
3.1600518,4.623203,6.585252,5.773617,9.903242,54.337982,54.929070
3.1699991,4.607641,6.629545,5.773617,9.925516,54.430191,55.200073
3.1799140,4.562151,6.691794,5.729325,9.920609,54.723877,55.715668
3.1901388,4.514267,6.789956,5.692214,9.944015,55.080414,56.382259
3.1999209,4.521450,6.839037,5.683835,9.976067,55.267410,56.530361
3.2098958,4.564546,6.812701,5.689820,9.981083,55.245560,56.177704
3.2204919,4.632780,6.713342,5.740098,9.973983,54.864841,55.391003
3.2310550,4.659117,6.574478,5.764040,9.907335,54.423092,54.676048
3.2399769,4.648343,6.458359,5.731719,9.806635,54.234188,54.255905
3.2499399,4.616021,6.435614,5.685032,9.749070,54.328598,54.349567
3.2601228,4.569334,6.463148,5.661090,9.731343,54.427139,54.740349
3.2703738,4.526238,6.525397,5.623980,9.731227,54.694836,55.253502
3.2801650,4.495114,6.574478,5.595249,9.733274,54.910320,55.638733
3.2899148,4.483143,6.580463,5.583278,9.724920,54.961922,55.734150
3.3001018,4.510676,6.564901,5.601235,9.737452,54.884544,55.507442
3.3109679,4.507085,6.545747,5.723339,9.793735,54.240246,55.450581
3.3198969,4.507085,6.523003,5.723339,9.778547,54.176136,55.357368
3.3299069,4.474763,6.497863,5.650316,9.704216,54.390785,55.446701
3.3407159,4.531027,6.485892,5.584476,9.684181,54.784065,55.061954
3.3500490,4.625597,6.476315,5.491102,9.669075,55.395840,54.464329
3.3611031,4.754885,6.453571,5.410896,9.671365,55.980434,53.617821
3.3710918,4.891354,6.370971,5.303157,9.624868,56.565395,52.484516
3.3801270,5.048174,6.256049,5.172673,9.559224,57.240192,51.099007
3.3902409,5.169082,6.150704,5.085284,9.508453,57.668488,49.956146
3.4002848,5.272032,6.178237,5.015852,9.545875,58.301651,49.525112
3.4106350,5.336676,6.366182,4.985925,9.688541,59.027885,50.027397
3.4201357,5.384560,6.663064,4.983531,9.910877,59.812294,51.057606
3.4300420,5.367800,7.025785,5.000290,10.157649,60.510208,52.619656
3.4400880,5.324705,7.264008,5.007473,10.305002,60.926811,53.757626
3.4504261,5.374983,7.322666,5.021838,10.379341,61.064144,53.720585
3.4601159,5.450400,7.107188,5.043386,10.278849,60.616245,52.515919
3.4714680,5.488708,6.720524,5.046977,10.038095,59.815746,50.761204
3.4801438,5.489904,6.332664,5.040992,9.780250,58.974087,49.077370
3.4902830,5.406107,6.062119,5.038598,9.558386,58.187653,48.273891
3.5004449,5.264850,5.947197,5.001487,9.386302,57.801807,48.482635
3.5100899,5.170279,6.013038,4.963180,9.355296,57.959343,49.309586
3.5199919,5.087678,6.244078,4.908113,9.431996,58.643028,50.826832
3.5305710,5.013458,6.566098,4.844667,9.577015,59.611279,52.636932
3.5403709,5.003881,6.856994,4.800375,9.751963,60.511620,53.879955
3.5501339,5.026627,7.031770,4.820725,9.897079,60.850792,54.441105
3.5599940,5.009867,7.030573,4.936844,9.944856,60.236446,54.526974
3.5702789,4.971560,6.874950,5.066131,9.881651,59.157452,54.127758
3.5814409,4.950012,6.688202,5.194221,9.808904,58.025528,53.494450
3.5898659,4.981137,6.517017,5.281609,9.755954,57.222855,52.608318
3.5999978,5.019444,6.376956,5.298368,9.691909,56.860485,51.792931
3.6098371,5.062540,6.294356,5.275623,9.647820,56.850857,51.190342
3.6201558,5.123591,6.305130,5.075707,9.579597,58.004974,50.902454
3.6299279,5.099649,6.379351,5.274426,9.722248,57.145264,51.361179
3.6397970,5.100847,6.501455,5.250484,9.790564,57.569233,51.883331
3.6498539,5.070919,6.588843,5.284003,9.851282,57.562641,52.417324
3.6597900,5.018247,6.609194,5.317522,9.855977,57.348854,52.791225
3.6716108,4.958392,6.588843,5.372589,9.841910,56.914577,53.036945
3.6807878,4.941632,6.574478,5.468357,9.876558,56.380825,53.070057
3.6901329,4.920084,6.635530,5.600038,9.979876,55.865810,53.443962
3.7007840,4.906917,6.740875,5.649119,10.071235,55.880814,53.947826
3.7106340,4.999093,6.831854,5.656301,10.181302,56.250858,53.805836
3.7205670,5.039794,6.836643,5.657499,10.205219,56.332455,53.603333
3.7299829,5.018247,6.745663,5.638345,10.123127,56.153034,53.353630
3.7405109,4.944026,6.581660,5.565322,9.936522,55.938145,53.086773
3.7502339,4.833893,6.428432,5.465962,9.724608,55.800560,53.058472
3.7606099,4.703409,6.285976,5.284003,9.463416,56.057472,53.194752
3.7718959,4.570531,6.199785,5.319916,9.361014,55.367847,53.602066
3.7803378,4.460398,6.197391,5.185841,9.230155,55.817078,54.256611
3.7899671,4.404134,6.264429,5.099649,9.200319,56.338142,54.891312
3.8002040,4.335899,6.341043,5.035006,9.184777,56.757050,55.636330
3.8100390,4.258088,6.337452,5.001487,9.127402,56.772560,56.103134
3.8199899,4.198233,6.274005,4.985925,9.046975,56.556450,56.211655
3.8301978,4.165911,6.241684,4.989516,9.011587,56.380302,56.279514
3.8408360,4.361038,6.478710,4.997896,9.272071,57.382576,56.054173
3.8508620,4.490325,6.563704,5.079299,9.436340,57.434052,55.623402
3.8599730,4.490325,6.563704,5.137957,9.468042,57.134892,55.623402
3.8702400,4.635174,6.469133,5.193024,9.502737,56.874374,54.378166
3.8801138,4.598064,6.338649,5.203797,9.402137,56.394627,54.042816
3.8900888,4.583699,6.238092,5.199009,9.324902,56.114132,53.691860
3.9002619,4.612430,6.187814,5.176264,9.292861,56.150375,53.298958
3.9109249,4.663905,6.160281,5.187038,9.306258,56.125824,52.870895
3.9200339,4.362236,6.042965,5.061342,9.009090,55.819355,54.175610
3.9299760,4.134786,6.057330,4.938041,8.841491,56.047340,55.682217
3.9408569,4.041412,6.171055,4.783615,8.791923,57.037361,56.779285
3.9505699,4.054581,6.385336,4.693832,8.901921,58.177933,57.585140
3.9614730,4.045004,6.550536,4.707001,9.023715,58.558643,58.304367
3.9700768,3.891775,6.532579,4.763264,8.972692,57.936264,59.215691
3.9801149,3.697845,6.404490,4.857835,8.848169,56.700092,59.998585
3.9907219,3.473987,6.241684,4.829105,8.622498,55.940144,60.900631
4.0007358,3.238158,6.124368,4.766856,8.409308,55.468819,62.133095
4.0103259,3.075352,6.151901,4.556166,8.249990,56.477585,63.439407
4.0199656,3.187880,6.451177,4.292804,8.379046,59.181107,63.703503
4.0300679,3.350685,6.897695,4.153940,8.721267,61.555973,64.090965
4.0400262,3.307590,7.207744,4.252102,8.998450,61.800884,65.349899
4.0508018,3.204639,7.229292,4.364630,9.032296,61.103767,66.092995
4.0601377,3.104083,7.029376,4.292804,8.802024,60.810055,66.174362
4.0700479,2.970007,6.764817,4.167108,8.482244,60.575634,66.296730
4.0800657,2.820370,6.512228,4.046201,8.169170,60.310379,66.583130
4.0911527,2.610877,6.368577,3.921702,7.921817,60.326897,67.708214
4.1007247,2.436100,6.448782,3.785233,7.864437,61.229000,69.305374
4.1101117,2.312799,6.798336,3.683479,8.070590,62.844456,71.211655
4.1204839,2.365471,7.430405,3.535039,8.561710,65.613533,72.341110
4.1301680,2.543839,8.086416,3.351882,9.115721,68.425941,72.537376
4.1402020,2.670732,8.560468,3.209427,9.524434,70.307762,72.672897
4.1500649,2.686294,8.674192,3.117251,9.600783,71.053383,72.792870
4.1601028,2.553416,8.374918,2.995146,9.253653,71.114876,73.044136
4.1699028,2.384625,7.830236,2.752135,8.635583,71.415855,73.062378
4.1807208,2.229002,7.211336,2.584541,7.978199,71.098000,72.823784
4.1905322,2.097321,6.698977,2.343924,7.400609,71.535301,72.615662
4.1999831,1.974019,6.281188,2.130840,6.920300,72.066589,72.553383
4.2099638,1.918953,5.996278,1.905785,6.577974,73.158676,72.254082
4.2205396,1.917756,5.866991,1.634043,6.385097,75.172188,71.898880
4.2300987,1.871069,5.931635,1.271321,6.348342,78.447815,72.492699
4.2401047,1.679533,6.154295,0.888249,6.440898,82.073212,74.735451
4.2500358,1.385046,6.567295,0.612916,6.739687,84.782242,78.090813
4.2599750,1.069011,7.107188,0.519542,7.205888,85.865410,81.446114
4.2704520,0.890643,7.820660,0.240617,7.874887,88.249054,83.502953
4.2809377,0.940921,8.676587,0.040701,8.727551,89.732796,83.810822
4.2905717,1.063026,9.520543,-0.047884,9.579825,90.286392,83.628975
4.3003731,1.243788,10.023325,-0.049081,10.100320,90.278419,82.926361
4.3100519,1.331176,9.847352,0.098162,9.937405,89.434021,82.301361
4.3202610,1.373075,9.093178,0.308852,9.201446,88.076469,81.413177
4.3300371,1.340753,8.244433,0.561440,8.371590,86.154572,80.763123
4.3405600,1.144428,7.826645,0.665588,7.937827,85.190094,81.681046
4.3505697,0.870292,7.906851,0.779313,7.992686,84.404587,83.718842
4.3600039,0.697910,8.413225,0.750582,8.475424,84.919235,85.257950
4.3709626,0.591368,9.178172,0.299275,9.202072,88.136261,86.313416
4.3801160,0.646434,9.844957,0.299275,9.870696,88.262550,86.243263
4.3907919,0.648829,9.876082,0.282516,9.901404,88.364960,86.241241
4.4006419,0.612916,9.618706,0.287304,9.642495,88.292587,86.353973
4.4107027,0.629675,9.520543,0.178368,9.543011,88.929024,86.216049
4.4203019,0.573411,9.575610,0.243011,9.595840,88.548851,86.573082
4.4300528,0.598550,9.698911,0.165200,9.718766,89.026039,86.468575
4.4411139,0.654814,9.822212,-0.057461,9.844183,90.334442,86.185928
4.4501486,0.499191,9.701305,-0.192733,9.716052,91.136627,87.054382
4.4604268,0.243011,9.402030,-0.243011,9.408309,91.480080,88.519424
4.4705238,0.021548,8.978256,-0.125696,8.979162,90.802086,89.862488
4.4799781,-0.191536,8.615535,-0.023942,8.617697,90.159180,91.273560
4.4900866,-0.332794,8.524555,-0.007183,8.531052,90.048241,92.235664
4.5003729,-0.393846,8.765172,0.055067,8.774188,89.640411,92.572746
4.5109158,-0.300472,9.150639,0.150835,9.156813,89.056160,91.880699
4.5202971,0.020351,9.520543,0.132878,9.521492,89.200378,89.877525
4.5310426,0.381875,9.697714,0.130484,9.706107,89.229721,87.744980
4.5407209,0.517148,9.630676,0.288501,9.648866,88.286598,86.926285
4.5510073,0.664391,9.339781,0.339977,9.369552,87.920547,85.931084
4.5601931,0.695516,8.993818,0.341174,9.027121,87.834030,85.577965
4.5708232,0.645237,8.801085,0.269348,8.828815,88.251762,85.806953
4.5806580,0.644040,8.840590,0.094571,8.864522,89.388733,85.833344
4.5904078,0.660800,9.052477,-0.004788,9.076564,90.030228,85.825012
4.6021500,0.757765,9.379285,0.009577,9.409850,89.941689,85.381027
4.6102147,0.968455,9.606734,-0.001197,9.655426,90.007103,84.243462
4.6200213,0.944513,9.390059,0.004788,9.437444,89.970932,84.256142
4.6302071,0.910994,9.312247,0.404620,9.365446,87.523849,84.412674
4.6412473,1.088165,9.831789,0.339977,9.897665,88.031548,83.684311
4.6505327,1.072602,10.152613,0.469264,10.219893,87.368240,83.969193
4.6601691,0.885855,10.450690,0.469264,10.498660,87.438171,85.154892
4.6708426,0.691924,10.748769,0.322020,10.775829,88.287544,86.316811
4.6807795,0.567426,10.996569,0.172383,11.012548,89.103096,87.046143
4.6907425,0.543484,11.048044,-0.064643,11.061593,90.334839,87.183731
4.7002358,0.706290,11.097125,-0.295684,11.123509,91.523209,86.358253
4.7106442,1.059434,11.311406,-0.033519,11.360961,90.169044,84.649246
4.7200618,1.350330,11.481394,0.563834,11.574269,87.207764,83.292244
4.7300801,1.635240,11.374852,1.161188,11.550309,84.230133,81.819252
4.7402048,1.662773,10.775105,1.543063,11.011300,81.944374,81.227531
4.7500057,1.351527,10.019734,1.780089,10.265984,80.014626,82.317940
4.7602906,0.916979,9.709685,1.778892,9.913794,79.663086,84.605011
4.7705736,0.672771,10.025720,1.796848,10.207661,79.861435,86.160950
4.7802668,0.820014,10.806230,1.714248,10.972040,81.011406,85.660515
4.7901149,1.279701,11.639412,1.764527,11.841752,81.430504,83.725784
4.8005309,1.728614,12.211626,1.757344,12.457936,81.890686,81.943039
4.8102126,1.778892,12.403162,1.887828,12.671494,81.432045,81.838158
4.8199806,1.515530,12.252327,2.112883,12.525200,80.288307,82.948715
4.8302655,1.143231,12.039244,1.985990,12.255387,80.674072,84.575531
4.8408589,0.567426,11.876437,1.821988,12.028772,81.287926,87.264633
4.8500166,-0.217872,11.822568,1.638831,11.937602,82.109337,91.055756
4.8611732,-0.920571,11.889606,1.594538,12.031322,82.384056,94.427376
4.8700137,-1.216254,12.047623,1.691504,12.226434,82.047729,95.764702
4.8799229,-0.993594,12.225991,1.382651,12.343979,83.568794,94.646156
4.8909459,-0.764947,12.338518,1.240196,12.424261,84.271164,93.547607
4.9006319,-0.618901,12.423512,1.240196,12.500591,84.306259,92.851944
4.9101419,-0.343568,12.504915,1.605312,12.612215,82.687424,91.573784
4.9200282,0.092177,12.570756,1.831564,12.703820,81.710533,89.579880
4.9303889,0.772130,12.686874,2.117671,12.885554,80.540833,86.517242
4.9399858,0.772130,12.723985,1.994370,12.902460,81.107979,86.527374
4.9505811,0.809240,12.583924,1.527501,12.702097,83.093132,86.320518
4.9611917,0.551863,12.575544,1.085770,12.634388,85.070053,87.487251
4.9703145,0.243011,12.585121,0.951695,12.623393,85.676292,88.893791
4.9799719,-0.134075,12.661736,0.774524,12.686110,86.499748,90.606682
4.9901357,-0.636858,12.868834,0.608127,12.898927,87.297760,92.833160
5.0000248,-1.291672,13.433866,0.774524,13.518026,86.715401,95.492126
5.0100670,-1.636437,13.850457,0.870292,13.973923,86.429321,96.738281
5.0212541,-1.752556,14.086286,1.431733,14.266912,84.240479,97.092056
5.0300398,-1.271321,14.160506,2.269703,14.397491,80.929726,95.130226
5.0400028,-0.870292,14.604630,2.436100,14.831966,80.546532,93.410233
5.0501709,-0.899023,15.309723,2.407370,15.523894,81.078850,93.360680
5.0603676,-1.070208,15.878345,2.607286,16.126535,80.695763,93.855934
5.0704427,-1.066617,16.129736,3.037045,16.447786,79.359413,93.783310
5.0801258,-0.879869,16.239870,3.585317,16.654190,77.568031,93.101227
5.0907569,-0.596156,16.205154,4.042610,16.712423,76.001740,92.106850
5.0999761,-0.410606,16.187199,3.994725,16.677885,76.141655,91.453056
5.1110840,-0.490811,16.224308,3.587711,16.623501,77.536263,91.732758
5.1200509,-0.909797,16.209942,3.157952,16.539728,78.992859,93.212402
5.1300111,-1.556231,16.061502,2.841918,16.385061,80.011780,95.534225
5.1401639,-2.209848,15.710752,2.627636,16.081530,80.596008,98.006599
5.1504416,-2.711433,15.279796,2.286463,15.686043,81.618469,100.062515
5.1601949,-3.076549,14.921862,2.026692,15.369925,82.422859,101.649841
5.1704159,-3.320758,14.713567,2.014721,15.217607,82.392044,102.718201
5.1806307,-3.435679,14.653711,2.110489,15.198333,82.017929,103.195114
5.1919918,-3.385401,14.596251,2.194286,15.143526,81.668556,103.058090
5.2002230,-3.201048,14.464569,2.313996,14.994167,81.122269,102.478592
5.2102008,-2.992752,14.226347,2.260126,14.712365,81.163177,101.879913
5.2201304,-2.881422,13.894750,2.179921,14.356835,81.266510,101.715645
5.2300558,-2.926912,13.548787,1.796848,13.977307,82.613922,102.190140
5.2401690,-3.056198,13.263878,1.347936,13.678001,84.344452,102.975357
5.2501979,-3.110068,13.123816,0.885855,13.516354,86.242172,103.331955
5.2600069,-3.002329,13.178884,0.433351,13.523488,88.163681,102.833733
5.2701330,-2.773683,13.336901,0.216675,13.623993,89.088730,101.748367
5.2799587,-2.571373,13.464991,0.226252,13.710183,89.054436,100.811447
5.2907257,-2.579752,13.453019,0.328006,13.702060,88.628296,100.855270
5.3011518,-2.782062,13.189657,0.448913,13.487344,88.092613,101.910667
5.3102679,-3.129222,12.666524,0.495600,13.056741,87.824677,103.876869
5.3199830,-3.501520,12.016499,0.403423,12.522764,88.153885,106.245735
5.3300509,-3.836708,11.416751,0.217872,12.046162,88.963669,108.575417
5.3399677,-4.015076,10.894814,-0.026336,11.611137,90.129959,110.230400
5.3500576,-4.080917,10.553641,-0.377087,11.321459,91.908722,111.140656
5.3601627,-4.080917,10.377667,-0.758962,11.177026,93.893593,111.466751
5.3710394,-4.109647,10.372879,-0.869095,11.191119,94.454041,111.613052
5.3808546,-4.188656,10.503363,-1.009156,11.352703,95.099823,111.741714
5.3900390,-4.297592,10.705673,-1.051055,11.583845,95.205864,111.872070
5.4000545,-4.307169,10.791864,-1.137246,11.675161,95.589890,111.757561
5.4110179,-4.244920,10.712855,-1.286883,11.594855,96.372238,111.615723
5.4199605,-4.230555,10.516531,-1.493982,11.433591,97.508080,111.913773
5.4299898,-4.230555,10.289082,-1.602918,11.239757,98.198990,112.350960
5.4399872,-4.203021,10.035296,-1.582567,10.994411,98.276070,112.725098
5.4507027,-3.974375,9.604341,-1.206678,10.463989,96.621918,112.480278
5.4602461,-3.974375,9.604341,-1.206678,10.463989,96.621918,112.480278
5.4703350,-4.159925,8.968679,-0.861913,9.923965,94.982506,114.883194
5.4806428,-4.424485,8.584411,-0.919373,9.701207,95.438026,117.266998
5.4900708,-4.788404,8.268375,-1.021127,9.609242,96.100060,120.076103
5.4999785,-5.037400,8.009802,-1.174356,9.534749,97.074852,122.165970
5.5099182,-5.025429,7.781156,-1.401805,9.368371,98.605583,122.856239
5.5200386,-4.817134,7.578846,-1.641225,9.128926,100.357117,122.440147
5.5306697,-4.551377,7.395689,-1.756147,8.859757,101.432663,121.608536
5.5400286,-4.319140,7.111976,-1.729811,8.498672,101.743980,121.270523
5.5521207,-4.025850,6.845023,-1.742979,8.130177,102.379387,120.461601
5.5611076,-3.727772,6.631939,-1.812411,7.820724,103.399803,119.340073
5.5700598,-3.554192,6.578069,-2.070984,7.758367,105.482002,118.382767
5.5802331,-3.660734,6.617573,-2.275689,7.897595,106.747208,118.950661
5.5911679,-3.819949,6.697779,-2.675520,8.161535,109.136559,119.697441
5.5999670,-4.029441,6.737284,-2.691083,8.298754,108.921692,120.882843
5.6101456,-4.146757,6.622362,-2.853889,8.318411,110.064697,122.053764
5.6197987,-4.285621,6.372168,-2.784456,8.168492,109.930351,123.922928
5.6298575,-4.340688,6.100426,-2.875436,8.020281,111.009369,125.433319
5.6399188,-4.314352,5.819107,-2.908955,7.806258,111.878777,126.553658
5.6498828,-4.259285,5.661090,-2.785654,7.612444,111.465088,126.957031
5.6600609,-4.246117,5.518635,-2.433706,7.376162,109.265259,127.575195
5.6701751,-4.206613,5.462371,-2.297236,7.267075,108.428177,127.600136
5.6799970,-4.072537,5.482722,-2.281674,7.200822,108.473320,126.604767
5.6902575,-3.958812,5.579687,-2.328361,7.226781,108.795120,125.355865
5.7001910,-3.916914,5.724536,-2.428918,7.349298,109.298920,124.381203
5.7106609,-3.916914,5.892130,-2.501941,7.504607,109.474503,123.614784
5.7203779,-3.800795,6.099229,-2.487576,7.604911,109.092926,121.929512
5.7302618,-3.665523,6.305130,-2.334347,7.657670,107.748405,120.171822
5.7401819,-3.519476,6.490681,-2.105700,7.677866,105.917679,118.468117
5.7499499,-3.459621,6.606800,-1.832761,7.679700,103.806885,117.638603
5.7610512,-3.392584,6.652289,-1.520318,7.620626,101.507744,117.021011
5.7702250,-3.287239,6.630742,-1.192312,7.496284,99.151978,116.370255
5.7801785,-3.123236,6.600814,-0.883460,7.355668,96.898224,115.321602
5.7901344,-2.912546,6.567295,-0.636858,7.212342,95.065880,113.916931
5.8002477,-2.711433,6.562507,-0.387861,7.111175,93.126602,112.448967
5.8115072,-2.561796,6.599617,-0.193930,7.082044,91.569145,111.214890
5.8200035,-2.410961,6.676231,0.023942,7.098266,89.806747,109.855972
5.8301458,-2.278083,6.783970,0.313640,7.163120,87.490479,108.562248
5.8402915,-2.142811,6.898892,0.635661,7.251925,84.971336,107.254906
5.8499146,-2.030283,6.968324,0.910994,7.315019,82.845955,106.243950
5.8602629,-1.905785,6.965930,1.167173,7.315633,80.819504,105.300934
5.8700328,-1.703475,6.845023,1.358709,7.183471,79.097176,103.974930
5.8799729,-1.464054,6.594829,1.482011,6.916038,77.626350,102.516693
5.8900490,-1.349133,6.313510,1.561020,6.642089,76.407234,102.062111
5.9000139,-1.381454,6.053739,1.614889,6.415921,75.421852,102.854698
5.9103045,-1.510741,5.839458,1.771709,6.286538,73.630791,104.505104
5.9201670,-1.628057,5.702989,2.164358,6.313406,69.951256,105.932686
5.9302816,-1.561020,5.641936,2.504335,6.367097,66.838486,105.465782
5.9401450,-1.373075,5.629965,2.700660,6.393387,65.012878,103.706116
5.9501228,-1.168370,5.708974,2.876633,6.498653,63.726871,101.566162
5.9605098,-0.962469,5.866991,3.087323,6.699216,62.558128,99.316284
5.9726810,-0.469264,6.009446,3.308787,6.876170,61.236446,94.465034
5.9904575,-0.342371,6.361394,3.341109,7.193577,62.324902,93.080688
6.0000744,-0.251391,6.560112,3.432088,7.407935,62.399815,92.194565
6.0117655,-0.192733,7.030573,3.790021,7.989391,61.680901,91.570290
6.0212097,-0.110133,7.255628,3.979163,8.275868,61.261345,90.869629
6.0311818,-0.023942,7.337031,4.232949,8.470564,60.018219,90.186966
6.0401149,-0.092177,7.286753,4.509479,8.569753,58.250347,90.724747
6.0502472,-0.284910,7.177817,4.627992,8.545205,57.208103,92.273056
6.0615020,-0.591368,7.168240,4.740520,8.614285,56.611782,94.716125
6.0700288,-0.780510,7.320271,4.675876,8.721203,57.578037,96.086060
6.0805340,-0.840365,7.653066,4.503493,8.919477,59.674919,96.266403
6.0900016,-0.768539,8.072051,4.213795,9.138092,62.540329,95.438728
6.1008019,-0.652420,8.558074,3.985149,9.462964,65.093979,94.359482
6.1099730,-0.482432,9.057265,3.878607,9.864603,66.847221,93.048958
6.1202168,-0.428562,9.526528,3.732560,10.240625,68.624069,92.575783
6.1301160,-0.389058,9.842564,3.628413,10.497276,69.778351,92.263611
6.1401610,-0.377087,9.947908,3.475184,10.544192,70.756546,92.170822
6.1501756,-0.326809,9.843760,3.402161,10.420227,70.943779,91.901497
6.1601057,-0.351948,9.580399,3.584120,10.234932,69.501366,92.103882
6.1700540,-0.447716,9.308656,3.876213,10.093391,67.416176,92.753616
6.1801610,-0.456095,9.138668,4.077325,10.017378,65.981903,92.857162
6.1907587,-0.374693,9.016563,4.180276,9.945528,65.145386,92.379616
6.2008748,-0.245406,8.974665,4.255693,9.935580,64.638466,91.566322
6.2118936,-0.067038,9.035717,4.420894,10.059472,63.929565,90.425079
6.2202940,0.052672,9.107543,4.663905,10.232406,62.883739,89.668640
6.2300305,0.059855,9.169792,4.784812,10.343264,62.444878,89.626015
6.2400389,-0.016759,9.191340,4.847061,10.391103,62.195076,90.104469
6.2501225,-0.011971,9.241618,4.820725,10.423389,62.452026,90.074219
6.2608156,0.070629,9.276335,4.830302,10.458833,62.494133,89.563766
6.2707410,0.215478,9.248801,4.791995,10.418732,62.616745,88.665367
6.2802377,0.360327,9.190144,4.730943,10.342649,62.779202,87.754692
6.2907381,0.506374,9.111135,4.606444,10.221962,63.215130,86.818916
6.3002501,0.656011,8.991425,4.399345,10.031466,63.988304,85.827110
6.3103428,0.723049,8.914810,4.144363,9.857605,65.138710,85.363091
6.3199821,0.685939,8.997410,4.042610,9.887699,65.867233,85.640350
6.3308191,0.629675,9.182961,4.025850,10.046429,66.376518,86.077370
6.3401737,0.585382,9.350554,3.954024,10.169064,67.118362,86.417732
6.3503041,0.422577,9.451111,3.885789,10.227484,67.670280,87.439903
6.3601289,0.288501,9.509769,3.872621,10.272105,67.851791,88.262329
6.3699031,0.104148,9.504981,3.938462,10.289169,67.494171,89.372223
6.3801699,-0.057461,9.391256,4.067749,10.234529,66.580925,90.350563
6.3900285,-0.184354,9.222465,4.217386,10.142692,65.429955,91.145164
6.3999777,-0.259771,9.075222,4.295198,10.043697,64.681419,91.639595
6.4100971,-0.256180,9.014170,4.254497,9.971039,64.742607,91.627892
6.4201956,-0.112527,9.012972,4.138378,9.918291,65.339096,90.715302
6.4300442,0.038307,9.136273,4.054581,9.995628,66.069054,89.759766
6.4400859,0.069432,9.301474,3.980360,10.117584,66.833145,89.572319
6.4502969,-0.028730,9.443929,3.924097,10.226786,67.436462,90.174309
6.4600706,-0.168791,9.516952,3.815161,10.254575,68.158226,91.016083
6.4703999,-0.418985,9.512163,3.667917,10.203451,68.931854,92.522095
6.4813657,-0.606930,9.477448,3.616442,10.162137,69.152977,93.664185
6.4902210,-0.650026,9.417592,3.673903,10.129715,68.734772,93.948433
6.5002017,-0.535104,9.319430,3.732560,10.053364,68.205742,93.286209
6.5103254,-0.389058,9.239224,3.898957,10.035762,67.138405,92.411263
6.5199494,-0.248997,9.160215,4.089296,10.034635,65.950974,91.557053
6.5300288,-0.162806,9.121908,4.191050,10.039951,65.327103,91.022491
6.5407219,-0.092177,9.123106,4.086902,9.997116,65.870018,90.578880
6.5505648,-0.113725,9.294291,3.940856,10.095896,67.024193,90.701035
6.5600185,-0.107739,9.374496,3.806781,10.118516,67.900307,90.658463
6.5703449,-0.055067,9.422380,3.748123,10.140646,68.308197,90.334846
6.5818038,-0.053870,9.400833,3.746926,10.120178,68.269394,90.328316
6.5900769,-0.079009,9.315839,3.816358,10.067555,67.723610,90.485924
6.5999880,-0.090980,9.210494,3.906140,10.004970,67.019363,90.565941
6.6099768,-0.061052,9.144653,4.019865,9.989381,66.270836,90.382515
6.6200886,-0.019154,9.091981,4.104859,9.975688,65.701767,90.120705
6.6303673,0.035913,9.078813,4.106056,9.964227,65.664452,89.773354
6.6400557,0.046687,9.071630,4.133589,9.969113,65.503380,89.705132
6.6501017,-0.014365,9.045294,4.152743,9.953031,65.339920,90.090996
6.6600590,-0.148441,9.022549,4.143166,9.929463,65.338295,90.942558
6.6699548,-0.238223,9.022549,4.088099,9.908364,65.632317,91.512436
6.6803079,-0.300472,9.083601,3.991134,9.926291,66.291908,91.894569
6.6909566,-0.347159,9.143456,3.847482,9.926048,67.193840,92.174362
6.6999855,-0.375890,9.170990,3.748123,9.914473,67.787323,92.347061
6.7103076,-0.408211,9.214086,3.685874,9.932355,68.216675,92.536713
6.7203722,-0.445322,9.216479,3.701436,9.941953,68.142174,92.766266
6.7307172,-0.465672,9.184157,3.748123,9.930459,67.824989,92.902634
6.7407475,-0.514753,9.145850,3.782839,9.910671,67.561378,93.221367
6.7502351,-0.501585,9.090784,3.796007,9.864260,67.367172,93.158104
6.7599640,-0.317232,9.076419,4.242526,10.024023,64.960953,92.001740
6.7699718,-0.250194,8.969876,3.819949,9.752604,66.940613,91.597717
6.7801061,-0.252588,8.941146,3.423708,9.577561,69.054985,91.618179
6.7908540,-0.354342,9.006987,3.627216,9.716381,68.080147,92.252899
6.8002939,-0.557849,9.066842,3.655946,9.792077,68.077164,93.520760
6.8109355,-0.756568,9.034520,3.476381,9.709798,69.020851,94.786888
6.8199668,-0.839168,9.035717,3.447650,9.707455,69.197060,95.305969
6.8301220,-0.799663,9.107543,3.381810,9.747997,69.700737,95.017838
6.8407102,-0.826000,9.153033,3.314772,9.769750,70.166412,95.156593
6.8501716,-0.925359,9.127894,3.294421,9.748229,70.247925,95.788696
6.8611169,-1.019930,9.093178,3.351882,9.744806,69.881310,96.399796
6.8704219,-0.990002,9.077616,3.533842,9.791387,68.843704,96.224068
6.8800931,-0.883460,9.101558,3.672705,9.854320,68.117767,95.544159
6.8901095,-0.727837,9.181764,3.742137,9.941736,67.888710,94.532349
6.9000769,-0.621295,9.321824,3.769670,10.074365,68.026085,93.813095
6.9106650,-0.231040,9.503783,3.763685,10.224510,68.401253,91.392609
6.9211488,0.905008,10.546458,3.845088,11.261950,70.036407,85.095375
6.9300570,0.483629,10.505757,3.943250,11.231833,69.446732,87.364273
6.9404469,-0.420182,9.860519,3.817555,10.582066,68.853302,92.440048
6.9501376,-1.159991,9.249998,3.720589,10.037472,68.243057,97.147827
6.9602947,-1.507150,8.866926,3.693056,9.722785,67.676521,99.646614
6.9701109,-1.374272,8.643068,3.678691,9.493367,67.200897,99.034554
6.9804568,-1.048660,8.662222,3.848679,9.536567,66.198410,96.902718
6.9902139,-0.723049,8.880095,3.973178,9.755256,65.965546,94.654961
7.0000267,-0.639252,9.124303,3.895366,9.941601,66.931908,94.007614
7.0100656,-0.684742,9.301474,3.769670,10.059657,67.992279,94.210320
7.0208459,-0.548272,9.343372,3.766079,10.088735,68.080994,93.358284
7.0308447,-0.325611,9.209297,3.897760,10.005485,67.072731,92.024956
7.0409126,-0.289698,9.030929,4.033033,9.894794,65.946381,91.837334
7.0520916,-0.616507,8.827422,3.992331,9.707841,65.716736,93.995049
7.0652242,-0.732626,8.844181,3.775656,9.644265,66.952614,94.735397
7.0802894,-0.845153,8.832211,3.739743,9.628494,67.144791,95.465981
7.0899596,-0.845153,8.832211,3.739743,9.628494,67.144791,95.465981
7.1000109,-0.647632,8.859743,3.828329,9.673188,66.686180,94.180786
7.1100359,-0.568623,8.921992,3.896563,9.752357,66.449890,93.646683
7.1200500,-0.526724,8.950723,3.877410,9.768683,66.614075,93.367805
7.1303120,-0.532710,8.929175,3.764882,9.705066,67.174263,93.414192
7.1399646,-0.629675,8.943541,3.954024,9.798863,66.201668,94.027298
7.1507177,-0.766145,8.981848,3.904943,9.823907,66.578400,94.875481
7.1599851,-0.816423,8.913613,3.829526,9.735723,66.837029,95.233276
7.1701360,-0.788889,8.820239,3.824737,9.646117,66.640106,95.110985
7.1824994,-0.676362,8.784326,3.879804,9.626771,66.232742,94.402885
7.1958075,-0.316035,8.932767,3.956418,9.774837,66.124199,92.026237
7.2106009,-0.081403,9.052477,3.954024,9.878677,66.405663,90.515205
7.2201285,-0.034716,9.241618,3.922899,10.039813,66.999802,90.215233
7.2304091,0.061052,9.215282,3.937265,10.021338,66.865677,89.620415
7.2400646,-0.089783,9.068039,3.946841,9.890144,66.480064,90.567268
7.2501178,-0.426168,8.916007,3.835511,9.715345,66.747185,92.736542
7.2600980,-0.818817,8.838196,3.849876,9.675005,66.551796,95.293076
7.2701120,-0.932542,8.853758,3.746926,9.659095,67.175056,96.012634
7.2799597,-0.793678,8.950723,3.661932,9.703356,67.828011,95.067276
7.2903991,-0.559046,9.132683,3.703830,9.871007,67.961899,93.502922
7.3001294,-0.430956,9.235633,3.815161,10.001904,67.576881,92.671616
7.3099227,-0.241814,9.311050,3.927688,10.108456,67.135399,91.487679
7.3206491,-0.216675,9.248801,4.022259,10.087906,66.501762,91.342049
7.3302107,-0.359130,9.089587,4.060566,9.961816,65.945023,92.262581
7.3400946,-0.508768,8.955511,4.084508,9.856127,65.517639,93.251511
7.3500018,-0.530316,8.834604,4.086902,9.748550,65.213905,93.435181
7.3600039,-0.323217,8.728063,4.115633,9.655153,64.769379,92.120804
7.3703384,-0.373495,8.841787,4.264073,9.823391,64.273651,92.418854
7.3813977,-0.355539,8.844181,4.074931,9.744281,65.279823,92.302071
7.3901291,-0.407014,8.858546,4.101267,9.770358,65.180161,92.630661
7.4000030,-0.608127,8.844181,4.132392,9.780901,65.007729,93.933472
7.4100928,-0.691924,8.816648,4.091691,9.744432,65.171700,94.487335
7.4206614,-0.505177,8.912416,4.070143,9.810832,65.489365,93.244186
7.4301972,-0.287304,8.937555,3.985149,9.789988,65.979485,91.841179
7.4400020,-0.062249,8.921992,3.863045,9.722599,66.588860,90.399750
7.4506607,0.070629,8.945934,3.784036,9.713581,67.072792,89.547653
7.4602995,0.055067,9.010578,3.790021,9.775368,67.187828,89.649849
7.4703736,-0.122104,9.090784,3.909731,9.896629,66.730476,90.769531
7.4808059,-0.302867,9.107543,3.988740,9.947317,66.360138,91.904640
7.4909368,-0.310049,9.066842,3.989937,9.910769,66.260056,91.958519
7.5000086,-0.253785,9.052477,4.009091,9.903765,66.121109,91.605858
7.5100946,-0.227449,9.108741,4.036624,9.965703,66.105637,91.430405
7.5200377,-0.354342,9.052477,3.960010,9.887091,66.389107,92.241592
7.5300446,-0.456095,9.053674,3.933673,9.881843,66.542366,92.883942
7.5413675,-0.573411,9.023746,3.993528,9.884588,66.170540,93.635956
7.5505590,-0.581791,8.985439,4.062960,9.878473,65.713829,93.704628
7.5604348,-0.602142,8.965088,4.056975,9.858723,65.700195,93.842506
7.5699859,-0.566229,9.051279,3.986346,9.906424,66.271690,93.579636
7.5800657,-0.496797,9.166202,3.952827,9.994543,66.702934,93.102325
7.5900617,-0.509965,9.156625,3.939659,9.981220,66.752289,93.187714
7.6000719,-0.480037,9.156625,3.910928,9.968430,66.900352,93.000992
7.6098685,-0.436942,9.156625,3.998317,10.001061,66.434998,92.732002
7.6198082,-0.542287,9.080010,4.040215,9.953090,66.050850,93.417824
7.6299295,-0.666785,9.006987,4.012682,9.882915,66.044807,94.233871
7.6398659,-0.719458,9.039309,3.879804,9.863042,66.835777,94.550697
7.6498919,-0.584185,9.099164,3.915717,9.923149,66.758705,93.673470
7.6599679,-0.477643,9.120711,3.981557,9.963348,66.445549,92.997787
7.6702528,-0.415394,9.056067,3.971981,9.897552,66.339943,92.626266
7.6800261,-0.363919,9.069236,3.890578,9.875225,66.798027,92.297859
7.6899080,-0.420182,9.033323,3.871424,9.836941,66.823822,92.663177
7.6999779,-0.568623,8.953117,3.858256,9.765643,66.728745,93.634041
7.7100048,-0.794875,8.959103,3.501520,9.651838,68.728813,95.070152
