Keuwl Accelerometer Data File
2019-06-26 17-42-59

Time (s), X (m/s2), Y (m/s2), Z (m/s2), R (m/s2), Theta (deg), Phi (deg)
0.0000000,2.998738,8.510190,-0.070629,9.023344,90.448479,70.589058
0.0098760,3.707421,8.129512,0.433351,8.945486,87.223305,65.484894
0.0204410,4.582502,8.279149,0.591368,9.481211,86.423988,61.035511
0.0297640,5.055357,8.571242,0.647632,9.972074,86.276329,59.467705
0.0396990,4.952406,8.639477,0.647632,9.979294,86.279030,60.177376
0.0497150,4.681861,8.508993,0.821211,9.746649,85.166771,61.179306
0.0599460,4.596867,8.434772,0.831985,9.642032,85.049942,61.410053
0.0701250,4.789600,8.418014,0.988805,9.735551,84.170616,60.361404
0.0799550,5.128380,8.516175,1.197101,10.012920,83.133545,58.943951
0.0899970,5.500679,9.006987,1.294066,10.632868,83.009529,58.587070
0.1000160,5.665878,9.926360,0.979228,11.471429,85.103134,60.282658
0.1097870,5.324705,10.699687,0.502782,11.961964,87.591049,63.542744
0.1198510,4.638766,10.366894,0.208296,11.359314,88.949310,65.893417
0.1300410,3.821146,9.143456,0.642843,9.930619,86.288452,67.319443
0.1399490,3.598485,8.517372,1.086968,9.310007,83.295280,67.096542
0.1498500,3.744531,8.361750,1.126472,9.230888,82.990562,65.876366
0.1602990,3.875015,8.574833,0.846350,9.447742,84.860420,65.681519
0.1699490,3.948039,8.993818,0.596156,9.840283,86.526711,66.299850
0.1799890,4.028244,9.323022,0.421380,10.164795,87.624138,66.632034
0.1899780,4.135983,9.384073,0.292093,10.259265,88.368507,66.214752
0.1999870,4.207809,9.249998,0.260968,10.165442,88.528938,65.539284
0.2102630,4.211401,9.017760,0.331597,9.958205,88.091766,64.966866
0.2203450,4.127604,8.750807,0.417788,9.684435,87.527481,64.747559
0.2299080,4.007894,8.544906,0.430956,9.447981,87.385628,64.871590
0.2404140,3.956418,8.476671,0.420182,9.363960,87.428146,64.979561
0.2498380,3.951630,8.508993,0.402226,9.390428,87.545067,65.089546
0.2599930,3.960010,8.586804,0.354342,9.462582,87.853966,65.242088
0.2699050,3.936068,8.661025,0.311246,9.518553,88.126160,65.560226
0.2799790,3.951630,8.747216,0.290895,9.602801,88.264084,65.688522
0.2898520,4.007894,8.786720,0.325611,9.663110,88.068977,65.480812
0.3001290,4.102465,8.803479,0.392649,9.720372,87.684937,65.014252
0.3099000,4.164714,8.815451,0.509965,9.763046,87.005836,64.712379
0.3203000,4.234146,8.835801,0.603339,9.816486,86.476280,64.396103
0.3298200,4.279635,8.847773,0.687136,9.852437,86.000786,64.187111
0.3407060,4.305972,8.883685,0.764947,9.901838,85.569313,64.140274
0.3499550,4.317943,8.944737,0.786495,9.963511,85.472504,64.231743
0.3605290,4.289212,8.965088,0.773327,9.968359,85.550629,64.431915
0.3698160,4.277241,8.979453,0.746991,9.974135,85.704941,64.529831
0.3799520,4.302381,8.986636,0.690727,9.987352,86.034248,64.417084
0.3899020,4.349067,8.971074,0.681150,9.992924,86.091499,64.136459
0.4006250,4.484340,8.913613,0.761356,10.007071,85.636620,63.293541
0.4105610,4.493917,8.923190,0.791284,10.022212,85.471611,63.269161
0.4202760,4.442441,8.904037,0.791284,9.982148,85.453400,63.484272
0.4300800,4.338294,8.911219,0.732626,9.938177,85.772415,64.041557
0.4403950,4.235343,8.957906,0.647632,9.929835,86.260468,64.694977
0.4501790,4.173094,8.993818,0.547075,9.929893,86.841759,65.108894
0.4603380,4.171896,9.029732,0.477643,9.958360,87.250809,65.202225
0.4700340,4.191050,9.016563,0.468066,9.954015,87.304794,65.070206
0.4798770,4.203021,8.971074,0.464475,9.917727,87.315697,64.896530
0.4899240,4.220978,8.899248,0.476446,9.861049,87.230621,64.624680
0.5001390,4.223372,8.858546,0.529119,9.828055,86.913841,64.510208
0.5099640,4.247314,8.869320,0.591368,9.851610,86.558609,64.411308
0.5198790,4.283227,8.918402,0.641646,9.914415,86.289307,64.346497
0.5303430,4.294001,8.931569,0.641646,9.930915,86.295486,64.323303
0.5399770,4.278439,8.919599,0.644040,9.913580,86.275131,64.374496
0.5499120,4.226963,8.876503,0.652420,9.853181,86.203430,64.536354
0.5600530,4.189853,8.822633,0.641646,9.788025,86.241325,64.597038
0.5700270,4.134786,8.737639,0.626084,9.686835,86.294250,64.675766
0.5805010,4.072537,8.680179,0.664391,9.611060,86.036110,64.865128
0.5901620,4.060566,8.672996,0.691924,9.601448,85.867424,64.911713
0.6000230,4.107253,8.699332,0.700304,9.645638,85.836479,64.726395
0.6097780,4.158728,8.780735,0.726640,9.742912,85.722824,64.656845
0.6198310,4.179079,8.838196,0.738611,9.804283,85.679497,64.693207
0.6297500,4.170700,8.827422,0.712275,9.789047,85.827332,64.710632
0.6400819,4.173094,8.827422,0.711078,9.789981,85.834755,64.697929
0.6500520,4.173094,8.848969,0.736217,9.811269,85.696602,64.751862
0.6600890,4.186262,8.911219,0.744597,9.873653,85.675079,64.837067
0.6703410,4.197036,8.938752,0.723049,9.901475,85.812286,64.848412
0.6800420,4.209007,8.791509,0.612916,9.766373,86.401878,64.416847
0.6901990,4.294001,8.487445,0.571017,9.528967,86.564529,63.164066
0.6999640,4.484340,8.184579,0.690727,9.358084,85.767105,61.281616
0.7110250,4.833893,7.947553,0.812831,9.337603,85.006126,58.691025
0.7199390,5.274426,7.773973,0.798466,9.428244,85.141869,55.844189
0.7299780,5.706580,7.679402,0.852336,9.605454,84.909187,53.383881
0.7401320,6.038177,7.603985,0.861913,9.747977,84.927307,51.547596
0.7498850,6.172252,7.432799,0.684742,9.685663,85.946014,50.293507
0.7600190,6.199785,7.264008,0.440533,9.560189,87.358879,49.519451
0.7698200,6.193800,7.219715,0.331597,9.518267,88.003525,49.373676
0.7798240,6.189012,7.236475,0.257377,9.525579,88.451706,49.461208
0.7897950,6.215348,7.072472,-0.057461,9.415610,90.349663,48.690720
0.8005330,6.248867,6.877345,-0.349553,9.298839,92.154320,47.741207
0.8098460,6.295553,6.829460,-0.469264,9.300307,92.892189,47.329430
0.8201980,6.442797,6.894104,-0.605733,9.455433,93.672989,46.938091
0.8302570,6.659472,6.907272,-0.847547,9.632098,95.048096,46.046406
0.8405010,6.841431,6.926425,-0.833182,9.771117,94.891548,45.353706
0.8499050,6.973113,6.959944,-0.945710,9.897449,95.483025,44.945850
0.8600270,7.198167,7.111976,-0.993594,10.167646,95.607956,44.654907
0.8710150,7.681796,7.235278,-1.301249,10.632614,97.029640,43.285458
0.8800380,7.745243,7.140707,-1.489193,10.639369,98.046112,42.674427
0.8899080,7.773973,6.977901,-1.661576,10.577645,99.037666,41.911079
0.9005539,7.722497,6.797139,-1.686715,10.425117,99.311005,41.353382
0.9101639,7.903260,6.640318,-1.661576,10.455438,99.144203,40.036976
0.9207530,8.070854,6.526594,-1.602918,10.502593,98.778854,38.961155
0.9300880,8.021772,6.394913,-1.635240,10.388347,99.056648,38.561661
0.9405140,8.051701,6.277597,-1.760935,10.360454,99.785904,37.942154
0.9500220,8.196549,6.206968,-1.841141,10.445079,100.152504,37.135406
0.9601180,8.429984,6.245275,-1.757344,10.637497,99.509018,36.532551
0.9699559,8.495825,6.180632,-1.578976,10.624143,98.547050,36.035534
0.9804339,8.475474,6.015432,-1.544260,10.507322,98.451370,35.365067
0.9900590,8.312668,5.718551,-1.636437,10.221556,99.212509,34.525330
0.9999900,8.180987,5.432444,-1.726219,9.970949,99.969559,33.585464
1.0105211,8.238448,5.226542,-1.850718,9.930454,100.740898,32.391392
1.0205760,8.456321,5.006276,-2.108095,10.050683,102.107491,30.626204
1.0303559,8.626308,4.770447,-2.331953,10.129579,103.309563,28.943092
1.0409060,8.787917,4.513070,-2.485181,10.186826,104.120399,27.182949
1.0506010,8.772355,4.169502,-2.547431,10.041333,104.696236,25.421751
1.0600140,8.787917,3.806781,-2.592921,9.921809,105.149315,23.421465
1.0705810,8.832211,3.594894,-2.634819,9.893103,105.445930,22.147348
1.0805960,8.917204,3.465607,-2.817975,9.973362,106.412468,21.238256
1.0903510,9.218874,3.452439,-3.088520,10.317264,107.418839,20.530766
1.1002539,9.503783,3.535039,-3.457227,10.713115,108.826881,20.403248
1.1107900,9.985018,3.830723,-4.285621,11.521353,111.837288,20.989164
1.1208700,10.755951,4.164714,-5.108029,12.614567,113.886803,21.166449
1.1298730,11.614272,4.242526,-5.732916,13.629257,114.874557,20.066519
1.1408020,12.362460,3.895366,-5.638345,14.134894,113.509148,17.489449
1.1500450,13.012486,3.371036,-5.038598,14.355353,110.547928,14.523845
1.1602069,14.055161,3.062184,-5.213374,15.300451,109.921562,12.290906
1.1701610,15.643714,3.117251,-5.883750,17.001810,110.246887,11.269456
1.1803740,17.374722,3.224990,-6.675035,18.890144,110.693008,10.515224
1.1908380,19.426552,3.223793,-7.736863,21.157572,111.449326,9.422240
1.2007719,21.228189,2.367866,-8.277952,22.907799,111.183716,6.364660
1.2108209,22.096088,0.629675,-8.273164,23.602518,110.519150,1.632323
1.2202870,22.822727,-1.316811,-8.536526,24.402523,110.476395,356.697845
1.2304900,23.809139,-2.896984,-9.615114,25.840242,111.845093,353.062622
1.2401279,25.622747,-3.354277,-11.598710,28.325014,114.172577,352.541809
1.2509799,28.291084,-2.802413,-12.841301,31.195158,114.308151,354.342926
1.2599701,28.522125,-2.396596,-10.055647,30.337622,109.357292,355.196960
1.2700440,24.982298,-2.791639,-9.321824,26.810537,110.346245,353.623962
1.2809479,21.464018,-3.260903,-11.945869,24.779858,118.821327,351.361450
1.2901250,19.351135,-3.375824,-12.533646,23.301394,122.540291,350.104279
1.3003410,17.687164,-2.816778,-12.691663,21.951044,125.322662,350.951324
1.3107060,15.896302,-1.618480,-10.797850,19.284851,124.049820,354.186462
1.3202569,14.281413,-0.445322,-10.036493,17.461050,125.085152,358.213989
1.3300010,13.186066,1.017536,-8.183381,15.552345,121.747925,4.412627
1.3405091,12.764687,3.483563,-4.684256,14.036192,109.495140,15.264666
1.3501990,12.752715,10.941502,-5.449203,17.664711,107.967628,40.628746
1.3600470,12.026075,15.271416,-7.899669,20.982073,112.116814,51.779949
1.3700470,9.679757,17.899052,-11.760319,23.502741,120.025192,61.595600
1.3802069,7.728483,19.039888,-18.388666,27.575169,131.824875,67.907272
1.3899640,5.359420,22.717382,-19.662382,30.519045,130.110657,76.725662
1.4009941,0.183156,24.661474,-8.869320,26.208525,109.780251,89.574486
1.4107939,-4.253299,20.666750,3.869030,21.451677,79.609253,101.629326
1.4211190,-12.968193,12.879608,20.628443,27.560678,41.541660,135.196365
1.4307110,-27.512968,12.527660,19.045874,35.730255,57.788498,155.518494
1.4401640,-37.950493,14.732720,7.520187,41.398624,79.533936,158.783340
1.4513170,-38.452076,10.558430,7.369353,40.550587,79.529320,164.645767
1.4600729,-29.905973,1.775301,7.566875,30.899458,75.824844,176.602753
1.4700600,-21.115662,-4.811148,8.072051,23.112255,69.558296,192.835571
1.4801359,-13.376405,-9.170990,9.278728,18.685022,60.225586,214.434906
1.4901559,-4.210204,-10.570400,5.712565,12.731558,63.340118,248.282547
1.5000060,6.013038,-9.386468,0.227449,11.149625,88.831100,302.643921
1.5101440,11.069592,-7.795521,-5.688623,14.685586,112.790390,324.845703
1.5201510,10.070012,-6.224925,-5.840655,13.201064,116.259552,328.277100
1.5305830,7.645883,-5.614403,-2.832341,9.899657,106.624908,323.710022
1.5407499,7.356185,-6.724115,-2.545036,10.286126,104.325142,317.570313
1.5499350,9.873688,-8.735245,-4.537012,13.941976,108.991089,318.500824
1.5605869,13.272257,-11.251551,-4.309563,17.925470,103.911072,319.710388
1.5703920,15.235502,-14.277822,-0.045490,20.880106,90.124825,316.858551
1.5810119,14.840459,-15.529989,3.222595,21.721071,81.467949,313.699371
1.5904490,13.409924,-13.285425,3.774459,19.250328,78.692619,315.267212
1.6001979,11.683704,-9.628283,3.478775,15.534306,77.059357,320.508820
1.6108940,10.961852,-6.812701,3.299210,13.321406,75.660782,328.139374
1.6201810,10.783484,-5.413290,2.955642,12.422684,76.236015,333.343414
1.6302240,10.376471,-5.120000,2.964022,11.944495,75.631958,333.737152
1.6408299,9.448717,-5.396531,3.110068,11.316948,74.049004,330.267639
1.6500739,8.400057,-5.726931,2.853889,10.559516,74.319847,325.714905
1.6603529,7.333440,-5.808333,2.381034,9.653258,75.720284,321.619568
1.6698979,6.160281,-5.665878,1.974019,8.599301,76.729080,317.393890
1.6802419,4.999093,-5.230134,1.540669,7.397222,77.978622,313.706116
1.6898319,3.910928,-4.557363,1.158794,6.116185,79.078529,310.634735
1.6999409,2.879028,-4.072537,1.138443,5.115703,77.141800,305.257904
1.7106559,2.291251,-3.884592,1.164779,4.657961,75.518814,300.533386
1.7199640,2.269703,-3.854665,0.866701,4.556442,79.034698,300.490417
1.7301109,2.586935,-3.829526,0.423774,4.640807,84.760757,304.039948
1.7403160,2.962825,-3.824737,-0.028730,4.838158,90.340240,307.763062
1.7501880,3.155558,-3.720589,-0.368707,4.892471,94.322029,310.302399
1.7605540,3.071761,-3.420117,-0.441730,4.618229,95.488693,311.928436
1.7710059,2.560599,-2.291251,-0.095768,3.437392,91.596504,318.177490
1.7801670,2.560599,-2.291251,-0.095768,3.437392,91.596504,318.177490
1.7902229,2.324770,-1.671153,0.035913,2.863319,89.281349,324.289673
1.7999759,2.191892,-1.448492,0.186748,2.633893,85.934219,326.541626
1.8104110,2.822764,-1.094150,-0.073023,3.028282,91.381752,338.812836
1.8202510,3.617639,-0.454898,-0.187945,3.650968,92.950783,352.832977
1.8301140,4.448427,0.460884,0.010774,4.472251,89.861969,5.915084
1.8403299,5.209783,1.607706,0.499191,5.475011,84.768723,17.149899
1.8499389,5.736507,2.838326,1.243788,6.520017,79.002594,26.325422
1.8601080,5.902905,3.585317,1.915361,7.167105,74.499702,31.273737
1.8701180,5.749675,3.859453,2.260126,7.284389,71.924507,33.871376
1.8799750,5.574899,4.325125,2.252944,7.406886,72.291832,37.805073
1.8909919,5.493496,5.289989,1.966837,7.875971,75.538689,43.918835
1.9004949,5.786786,6.696582,1.452083,8.968815,80.682594,49.168385
1.9107410,6.733692,8.541314,0.991199,10.921499,84.792854,51.748913
1.9225730,7.955932,10.767922,0.495600,13.397411,87.880020,53.540977
1.9306428,9.373300,12.946646,0.107739,15.983929,89.613800,54.095669
1.9401109,10.302250,14.089877,0.153229,17.455214,89.497025,53.826439
1.9500980,10.413580,14.500483,0.701501,17.866133,87.749741,54.315830
1.9604359,10.833763,15.363592,1.653196,18.871763,84.974358,54.810108
1.9699630,12.312182,15.959748,2.923320,20.367847,81.748055,52.351532
1.9798850,15.391126,15.326482,4.374207,22.156748,78.613815,44.879421
1.9898580,19.428947,14.539987,4.090494,24.609497,80.432114,36.809978
2.0002799,21.004332,13.081918,4.786009,25.203657,79.053436,31.915478
2.0098300,19.142839,11.568783,7.144298,23.480333,72.285912,31.146246
2.0201781,15.881937,10.570400,8.140285,20.742071,66.892792,33.646194
2.0300558,13.432669,10.857705,7.534553,18.843987,66.431915,38.948811
2.0400889,12.781446,12.799402,5.487510,18.902456,73.123680,45.040218
2.0503330,12.562376,15.128961,3.682282,20.006447,79.393974,50.295357
2.0609899,11.835736,16.242264,2.100912,20.206673,84.032104,53.919182
2.0699151,10.004171,15.160085,2.104503,18.284981,83.390915,56.579098
2.0800788,8.274361,13.145365,2.172738,15.683955,82.037064,57.811604
2.0907600,7.194576,11.901577,2.251747,14.088287,80.802910,58.846783
2.0999179,6.344635,11.492168,2.239776,13.316941,80.317406,61.097645
2.1105609,5.628768,11.483788,2.001553,12.944754,81.105087,63.888260
2.1206930,5.112818,11.538856,1.583764,12.719843,82.847466,66.102074
2.1298649,5.036203,11.447875,1.061828,12.551681,85.147179,66.254120
2.1399839,5.346252,11.149797,0.497994,12.375315,87.693741,64.382599
2.1500499,5.776011,10.682928,0.367510,12.149993,88.266670,61.600941
2.1599989,5.839458,9.953894,0.624887,11.557239,86.900574,59.601955
2.1701739,5.538986,9.042900,0.865504,10.639713,85.334030,58.511566
2.1799669,5.072116,8.107965,0.878672,9.604036,84.750679,57.971050
2.1899440,4.535815,7.147889,0.632069,8.489138,85.730019,57.602135
2.2002292,3.991134,6.162675,0.102951,7.342909,89.196663,57.071690
2.2104130,3.466804,5.282806,-0.460884,6.335549,94.171707,56.725395
2.2199888,2.960430,4.740520,-0.961272,5.671042,99.759064,58.015430
2.2299111,2.346318,4.516662,-1.180341,5.224811,103.056450,62.549000
2.2400150,1.545457,4.594473,-1.376666,5.039130,105.854485,71.408440
2.2509780,0.567426,5.011064,-2.373851,5.573859,115.207016,83.539650
2.2607517,0.567426,5.731719,-2.657564,6.343282,114.768776,84.346283
2.2727649,1.985990,7.151481,-2.397793,7.799823,107.903595,74.479843
2.2901559,4.462792,8.026561,-0.639252,9.206021,93.981735,60.925808
2.3004279,5.194221,8.361750,0.451307,9.854058,87.374985,58.151936
2.3099940,5.436035,8.656237,1.540669,10.337049,81.428505,57.871567
2.3211870,5.342661,9.030929,2.516306,10.790436,76.514587,59.391613
2.3302569,5.091270,9.454702,3.165135,11.195110,73.577110,61.697945
2.3407149,4.825513,9.901221,3.388993,11.524107,72.897713,64.016991
2.3511629,4.566940,10.302250,3.343503,11.754671,73.474602,66.092514
2.3606148,4.264073,10.600328,3.070564,11.831215,74.957779,68.087120
2.3700240,3.854665,10.734404,2.705448,11.722001,76.655777,70.247070
2.3801689,3.338714,10.793061,2.343924,11.538248,78.279137,72.811127
2.3897998,2.743755,10.896012,2.097321,11.430224,79.426949,75.866043
2.3998299,2.115277,11.030087,1.733402,11.364062,81.226212,79.143997
2.4099147,1.487996,11.141418,1.271321,11.312011,83.547073,82.392853
2.4199181,0.820014,11.140221,0.779313,11.197512,86.009163,85.790138
2.4301648,0.231040,11.034876,0.215478,11.039397,88.881569,88.800560
2.4398410,-0.368707,10.822989,-0.178368,10.830736,90.943626,91.951141
2.4497840,-0.843956,10.564415,-0.430956,10.606831,92.328575,94.567467
2.4600718,-1.143231,10.320207,-0.511162,10.395909,92.818344,96.321228
2.4700329,-1.200692,10.108319,-0.486023,10.190976,92.733559,96.774002
2.4799118,-0.956484,9.967062,-0.348356,10.018909,91.992569,95.481575
2.4899042,-0.645237,9.889250,-0.102951,9.910811,90.595184,93.733047
2.4998698,-0.215478,9.904813,0.140061,9.908146,89.190041,91.246269
2.5100729,0.227449,9.940725,0.353145,9.949596,87.965950,88.689270
2.5198729,0.690727,9.998186,0.557849,10.037531,86.814072,86.047989
2.5300200,1.177947,10.047267,0.706290,10.140709,86.006180,83.313133
2.5399621,1.671153,10.053253,0.818817,10.224046,85.406410,80.562019
2.5503738,2.130840,10.059238,0.902614,10.321989,84.983322,78.039886
2.5599749,2.521094,10.068815,0.986411,10.426407,84.571297,75.942924
2.5705338,2.782062,10.085575,0.997185,10.509665,84.555435,74.578712
2.5807328,2.928109,10.096349,0.994791,10.559341,84.594177,73.826965
2.5901098,2.971204,10.108319,0.902614,10.574539,85.103432,73.620010
2.6000378,2.938883,10.127473,0.775721,10.573764,85.792839,73.817848
2.6108458,2.853889,10.117896,0.617704,10.530814,86.637283,74.248184
2.6200738,2.760514,10.071210,0.477643,10.453605,87.381142,74.671722
2.6299489,2.674323,10.024523,0.371101,10.381752,87.951492,75.062622
2.6402969,2.652776,9.993398,0.294487,10.343691,88.368561,75.133530
2.6498749,2.632425,9.977836,0.237026,10.321969,88.684189,75.220573
2.6601758,2.614468,9.979033,0.243011,10.318701,88.650528,75.318703
2.6706269,2.588132,9.955091,0.281319,10.289868,88.433372,75.426819
2.6800439,2.533065,9.897630,0.307655,10.221259,88.275162,75.644615
2.6899929,2.480393,9.806650,0.322020,10.120595,88.176636,75.805878
2.7001741,2.458845,9.737218,0.260968,10.046266,88.511482,75.827927
2.7101629,2.439692,9.671378,0.134075,9.975250,89.229874,75.842010
2.7205570,2.472013,9.642648,0.028730,9.954513,89.834633,75.621170
2.7303829,2.537854,9.637859,-0.040701,9.966478,90.233986,75.247681
2.7401650,2.638410,9.667787,-0.039504,10.021420,90.225861,74.735275
2.7502019,2.712631,9.697714,-0.016759,10.069970,90.095360,74.372711
2.7601769,2.698265,9.698911,0.034716,10.067308,89.802422,74.453278
2.7703869,2.568978,9.586384,0.068235,9.924870,89.606079,74.998245
2.7804439,2.481590,9.510966,0.099359,9.829885,89.420853,75.376488
2.7903202,2.450465,9.455899,0.090980,9.768680,89.466377,75.471588
2.7999499,2.455254,9.434352,0.118513,9.749324,89.303497,75.412575
2.8099709,2.522291,9.419987,0.136469,9.752781,89.198242,75.010139
2.8201919,2.649184,9.398438,0.186748,9.766458,88.904358,74.258186
2.8302641,2.837129,9.414001,0.260968,9.835691,88.479607,73.228592
2.8408680,2.977190,9.391256,0.354342,9.858241,87.940132,72.410492
2.8499949,3.046622,9.357738,0.408211,9.849660,87.624741,71.966179
2.8599510,3.014300,9.299079,0.427365,9.784760,87.496719,72.039879
2.8700869,2.912546,9.233239,0.403423,9.690118,87.613945,72.492561
2.8800330,2.847903,9.223662,0.339977,9.659301,87.982956,72.841377
2.8905609,2.736573,9.246407,0.264559,9.646495,88.428444,73.513321
2.9002297,2.603694,9.306262,0.226252,9.666278,88.658791,74.369507
2.9100537,2.591723,9.386468,0.172383,9.739226,88.985825,74.564491
2.9202440,2.677915,9.453506,0.101754,9.826004,89.406662,74.184052
2.9298658,2.753332,9.493010,0.049081,9.884356,89.715492,73.825844
2.9400120,2.758120,9.471462,0.019154,9.864897,89.888756,73.764267
2.9504559,2.703054,9.400833,0.019154,9.781745,89.887810,73.958290
2.9605329,2.613271,9.331401,-0.001197,9.690419,90.007080,74.355026
2.9703319,2.549825,9.272743,0.009577,9.616936,89.942940,74.624779
2.9815180,2.557007,9.245210,0.053870,9.592449,89.678238,74.539810
2.9901099,2.650381,9.281123,0.128090,9.652987,89.239693,74.062416
2.9998729,2.838326,9.345766,0.202310,9.769359,88.813400,73.106369
3.0099680,3.078943,9.439140,0.299275,9.933118,88.273476,71.934242
3.0202088,3.325546,9.463082,0.395043,10.038189,87.744598,70.637344
3.0300081,3.547010,9.466674,0.531513,10.123324,86.990372,69.459839
3.0401640,3.707421,9.443929,0.687136,10.168820,86.125412,68.566422
3.0507369,3.797204,9.406818,0.851139,10.179952,85.203941,68.017792
3.0603499,3.807978,9.367314,0.992397,10.160320,84.394768,67.877396
3.0702400,3.739743,9.325416,1.089362,10.106224,83.811996,68.147881
3.0800779,3.600879,9.301474,1.119289,10.036760,83.597115,68.837082
3.0900199,3.438074,9.300277,1.074997,9.973520,83.812347,69.711937
3.1002691,3.260903,9.340978,0.942118,9.938558,84.560524,70.756081
3.1101999,3.093309,9.385271,0.796072,9.913909,85.394279,71.758202
3.1201069,2.930503,9.433155,0.633266,9.898146,86.331810,72.742073
3.1297438,2.786851,9.465476,0.489614,9.879347,87.159294,73.594376
3.1398678,2.651578,9.470264,0.355539,9.840894,87.929527,74.358292
3.1497629,2.533065,9.449914,0.251391,9.786751,88.528091,74.994522
3.1600330,2.463634,9.431957,0.187945,9.750212,88.895500,75.361366
3.1702728,2.412158,9.410410,0.166397,9.716069,89.018707,75.622986
3.1799448,2.403779,9.375694,0.150835,9.680111,89.107185,75.620010
3.1899829,2.444480,9.349358,0.149638,9.664800,89.112869,75.347473
3.2001710,2.495955,9.319430,0.191536,9.649780,88.862679,75.006760
3.2098069,2.595315,9.301474,0.252588,9.660066,88.501678,74.409737
3.2199268,2.717419,9.330204,0.325611,9.723328,88.080940,73.761818
3.2298770,2.815581,9.378088,0.393846,9.799548,87.696648,73.288681
3.2400250,2.908955,9.440337,0.503979,9.891208,87.079384,72.873787
3.2505357,2.873042,9.421184,0.567426,9.865852,86.702866,73.040627
3.2600849,2.834735,9.385271,0.584185,9.821421,86.589996,73.193542
3.2700839,2.783259,9.329007,0.585382,9.752927,86.558968,73.387810
3.2801437,2.746149,9.312247,0.551863,9.724394,86.746689,73.569397
3.2906051,2.719813,9.465476,0.902614,9.889759,84.763466,73.968506
3.2999649,2.871845,9.813833,1.564611,10.344411,81.300522,73.688820
3.3101549,2.773683,9.878476,-0.256180,10.263685,91.430237,74.316299
3.3201289,2.512715,9.813833,-0.386664,10.137779,92.185837,75.638618
3.3300579,2.193089,9.627085,-0.131681,9.874601,90.764084,77.166786
3.3401721,2.021903,9.434352,0.028730,9.648623,89.829391,77.903755
3.3500559,2.005144,9.355343,0.129287,9.568686,89.225830,77.902740
3.3600829,2.042254,9.342175,0.237026,9.565732,88.580139,77.668793
3.3701150,2.057816,9.352949,0.357933,9.583339,87.859535,77.591606
3.3812118,2.033874,9.366117,0.481235,9.596478,87.125580,77.748299
3.3901050,2.001553,9.367314,0.578200,9.596202,86.545670,77.938751
3.4006159,2.029086,9.363723,0.623690,9.601327,86.275520,77.773247
3.4101739,2.112883,9.402030,0.681150,9.660560,85.956810,77.334549
3.4210548,2.224213,9.527725,0.610521,9.802929,86.429337,76.859833
3.4304419,2.251747,9.654618,0.478840,9.925286,87.234718,76.871590
3.4410930,2.193089,9.765948,0.441730,10.018908,87.473030,77.343346
3.4504387,2.100912,9.791088,0.496797,10.026268,87.159859,77.889458
3.4601190,2.003947,9.816227,0.538695,10.033160,86.922226,78.461823
3.4704907,2.144008,9.850943,0.579397,10.098195,86.710777,77.721352
3.4801011,2.296039,9.821015,0.673968,10.108332,86.176994,76.841255
3.4900730,2.244564,9.740809,0.539892,10.010640,86.908432,77.023895
3.5005579,2.041057,9.653421,0.372298,9.873857,87.839127,78.061577
3.5106699,1.860295,9.587581,0.266953,9.770039,88.434273,79.019249
3.5204091,1.833959,9.610326,0.258574,9.787167,88.486092,79.196030
3.5307410,1.959654,9.659407,0.294487,9.860583,88.288605,78.531754
3.5402601,2.127248,9.725247,0.341174,9.961025,88.037186,77.661751
3.5504827,2.219425,9.724051,0.366313,9.980842,87.896683,77.143005
3.5601509,2.195483,9.680955,0.343568,9.932728,88.017776,77.222382
3.5702028,2.105700,9.609129,0.317232,9.842255,88.152946,77.639839
3.5806770,2.036268,9.542090,0.300472,9.761566,88.236092,77.953850
3.5899251,2.025495,9.490616,0.288501,9.708638,88.297150,77.952629
3.6015940,2.067393,9.473856,0.313640,9.701878,88.147430,77.689850
3.6100779,2.124854,9.487024,0.361524,9.728789,87.870384,77.375542
3.6200120,2.213439,9.498995,0.393846,9.761420,87.687645,76.883095
3.6298738,2.272097,9.538500,0.402226,9.813623,87.650993,76.601669
3.6407139,2.306813,9.564836,0.411803,9.847692,87.603355,76.440544
3.6500311,2.306813,9.567230,0.410606,9.849968,87.610878,76.443817
3.6600189,2.275689,9.560047,0.385466,9.834726,87.753746,76.610413
3.6698518,2.252944,9.536105,0.365116,9.805425,87.866035,76.707375
3.6806431,2.226608,9.520543,0.356736,9.783955,87.910454,76.836601
3.6900427,2.205060,9.510966,0.356736,9.769751,87.907417,76.946938
3.7000690,2.214637,9.513360,0.363919,9.774511,87.866302,76.895378
3.7100101,2.234987,9.525331,0.379481,9.791380,87.778854,76.795204
3.7199569,2.246958,9.491813,0.439336,9.764033,87.421089,76.681770
3.7301118,2.225410,9.469068,0.470461,9.738430,87.230980,76.774422
3.7406149,2.209848,9.457097,0.457293,9.722614,87.304161,76.847641
3.7499619,2.208651,9.509769,0.451307,9.773307,87.353279,76.924820
3.7603300,2.219425,9.569624,0.416591,9.832452,87.571709,76.942581
3.7703788,2.262521,9.609129,0.384269,9.879374,87.770851,76.750732
3.7801657,2.284068,9.618706,0.345962,9.892227,87.995781,76.641891
3.7901418,2.285265,9.595961,0.310049,9.869196,88.199707,76.604607
3.8001249,2.268506,9.570822,0.278924,9.839947,88.375671,76.665649
3.8101709,2.249352,9.550470,0.248997,9.814941,88.546295,76.747070
3.8203030,2.243367,9.515755,0.250194,9.779820,88.534058,76.734573
3.8300841,2.236184,9.473856,0.256180,9.737561,88.492470,76.719131
3.8406100,2.285265,9.452309,0.252588,9.727918,88.512131,76.408524
3.8500538,2.324770,9.440337,0.247800,9.725530,88.539986,76.165657
3.8614509,2.388216,9.481039,0.245406,9.780281,88.562187,75.861671
3.8701198,2.450465,9.524135,0.235829,9.837151,88.626297,75.571312
3.8803129,2.493561,9.548077,0.263362,9.871827,88.471275,75.363632
3.8900788,2.548628,9.551667,0.304064,9.890516,88.238281,75.060089
3.8999338,2.574964,9.522937,0.359130,9.871461,87.915085,74.869278
3.9105659,2.596512,9.503783,0.398635,9.860156,87.682968,74.719238
3.9205098,2.597709,9.497798,0.416591,9.855446,87.577377,74.703339
3.9299397,2.637213,9.510966,0.403423,9.878063,87.659370,74.502304
3.9403360,2.652776,9.557653,0.385466,9.926456,87.774521,74.487732
3.9499209,2.670732,9.583989,0.373495,9.956161,87.850105,74.428658
3.9606159,2.719813,9.582792,0.353145,9.967547,87.969620,74.154861
3.9703207,2.736573,9.606734,0.384269,9.996291,87.796936,74.099876
3.9805238,2.737770,9.674969,0.403423,10.062960,87.702400,74.199837
3.9900708,2.724602,9.719262,0.317232,10.098918,88.199905,74.340218
4.0002308,2.637213,9.688137,0.190339,10.042466,88.913986,74.772438
4.0100608,2.616863,9.595961,0.114922,9.947042,89.338028,74.746094
4.0199528,2.624045,9.421184,0.164003,9.781166,89.039268,74.436096
4.0302167,2.615665,9.289502,0.281319,9.654828,88.330299,74.274254
4.0399308,2.626439,9.234436,0.363919,9.607572,87.829216,74.123299
4.0503426,2.647987,9.255983,0.378284,9.634737,87.749847,74.035034
4.0603676,2.724602,9.291897,0.360327,9.689821,87.868896,73.657631
4.0709448,2.782062,9.188946,0.554258,9.616850,86.695984,73.155693
4.0805998,2.834735,9.052477,0.858321,9.524693,84.829758,72.612328
4.0905862,2.503138,9.063251,0.518345,9.416842,86.844589,74.560623
4.1001720,2.402581,9.430760,-0.982820,9.781491,95.766670,75.707352
4.1099076,2.329558,9.554062,-1.307234,9.920474,97.571960,76.297005
4.1203251,2.588132,9.701305,-0.804452,10.072780,94.580742,75.062424
4.1297159,2.758120,9.737218,-0.142455,10.121311,90.806450,74.184937
4.1399469,2.809596,9.780313,0.016759,10.175885,89.905632,73.972206
4.1497698,2.777274,9.658210,0.164003,10.050928,89.065056,73.957108
4.1599207,2.632425,9.381680,0.408211,9.752548,87.601074,74.326302
4.1701417,2.486378,9.188946,0.562637,9.536003,86.617508,74.859261
4.1799140,2.475605,9.185355,0.541090,9.528491,86.744621,74.916252
4.1898098,2.637213,9.425972,0.208296,9.790160,88.780884,74.369362
4.1998358,3.017891,10.087969,0.275333,10.533308,88.502159,73.345055
4.2099252,3.066972,10.315418,0.744597,10.787428,86.042038,73.441772
4.2201648,2.943671,10.321404,1.151611,10.794572,83.875786,74.081818
4.2297940,2.747346,10.023325,1.127669,10.454022,83.807487,74.671951
4.2398429,2.679112,9.657013,0.875081,10.059886,85.009697,74.494576
4.2505898,2.628834,9.315839,0.746991,9.708430,85.587158,74.241478
4.2599649,2.600103,9.234436,0.566229,9.610201,86.622200,74.274582
4.2699299,2.565387,9.331401,0.365116,9.684501,87.839378,74.628021
4.2801628,2.545036,9.508572,0.165200,9.844666,89.038498,75.015617
4.2897530,2.512715,9.617508,-0.021548,9.940355,90.124199,75.357933
4.3002167,2.457648,9.601946,-0.167594,9.912895,90.968727,75.643181
4.3098178,2.363077,9.507375,-0.248997,9.799811,91.455948,76.041862
4.3204207,2.252944,9.402030,-0.271742,9.672009,91.609978,76.524689
4.3298149,2.141613,9.324219,-0.254982,9.570401,91.526703,77.064491
4.3404431,2.069787,9.306262,-0.216675,9.536115,91.301964,77.461044
4.3502097,2.061408,9.329007,-0.161609,9.555411,90.969078,77.539719
4.3600588,2.104503,9.380483,-0.087388,9.614054,90.520805,77.355118
4.3699536,2.179921,9.441534,0.014365,9.689934,89.915062,76.999016
4.3805313,2.287660,9.491813,0.126893,9.764424,89.255394,76.449348
4.3906140,2.371457,9.521740,0.215478,9.814977,88.742027,76.014618
4.4003587,2.418144,9.532514,0.264559,9.837999,88.459038,75.765846
4.4104152,2.424129,9.521740,0.305261,9.830215,88.220490,75.716568
4.4204230,2.424129,9.475053,0.324414,9.785616,88.100174,75.649086
4.4298387,2.418144,9.436746,0.354342,9.748084,87.916847,75.627350
4.4398160,2.424129,9.430760,0.385466,9.744959,87.733047,75.584488
4.4500060,2.460042,9.436746,0.409408,9.760717,87.596054,75.388893
4.4599333,2.533065,9.469068,0.413000,9.810720,87.587318,75.023506
4.4697580,2.616863,9.510966,0.390255,9.872120,87.734451,74.616203
4.4814239,2.688689,9.544485,0.365116,9.922679,87.891266,74.267433
4.4897838,2.722207,9.555259,0.347159,9.941525,87.998817,74.098221
4.4999928,2.713828,9.544485,0.344765,9.928793,88.010078,74.127716
4.5096936,2.671929,9.522937,0.331597,9.896236,88.079811,74.327034
4.5202546,2.596512,9.503783,0.320823,9.857317,88.134880,74.719238
4.5299606,2.540248,9.507375,0.311246,9.845806,88.188461,75.040749
4.5407925,2.501941,9.546879,0.331597,9.874845,88.075645,75.314804
4.5505228,2.476802,9.595961,0.360327,9.916998,87.917740,75.527328
4.5601163,2.472013,9.617508,0.386664,9.937646,87.770119,75.585152
4.5701447,2.492364,9.640253,0.432153,9.966600,87.514870,75.504318
4.5798297,2.495955,9.612720,0.469264,9.942554,87.294777,75.444496
4.5897064,2.477999,9.567230,0.500388,9.895593,87.101501,75.478981
4.6002736,2.449268,9.518148,0.488417,9.840356,87.155006,75.569374
4.6098371,2.407370,9.477448,0.445322,9.788552,87.392479,75.747704
4.6202269,2.365471,9.487024,0.363919,9.784248,87.868431,75.999481
4.6297746,2.339135,9.518148,0.305261,9.806114,88.216118,76.192879
4.6400208,2.334347,9.539697,0.247800,9.824275,88.554665,76.250015
4.6498728,2.334347,9.542090,0.201113,9.825534,88.827164,76.253334
4.6613140,2.325967,9.487024,0.207098,9.770192,88.785416,76.224319
4.6698189,2.349909,9.477448,0.250194,9.767634,88.532234,76.074493
4.6806912,2.401384,9.458294,0.286107,9.762572,88.320618,75.754074
4.6903605,2.437297,9.447520,0.325611,9.762279,88.088600,75.534096
4.7006707,2.457648,9.434352,0.363919,9.755997,87.862251,75.398956
4.7099190,2.480393,9.442732,0.384269,9.770629,87.746033,75.282181
4.7202578,2.485181,9.470264,0.393846,9.798834,87.696480,75.296013
4.7299070,2.498349,9.506178,0.402226,9.837223,87.656631,75.274910
4.7399039,2.495955,9.527725,0.389058,9.856912,87.737915,75.320236
4.7497807,2.475605,9.522937,0.379481,9.846773,87.791351,75.427811
4.7609262,2.463634,9.496601,0.392649,9.818813,87.708160,75.456772
4.7704840,2.460042,9.472659,0.395043,9.794853,87.688538,75.441925
4.7800632,2.493561,9.459491,0.434548,9.792275,87.456573,75.232529
4.7900996,2.518700,9.476251,0.430956,9.814729,87.483383,75.115448
4.8001060,2.552219,9.508572,0.441730,9.855043,87.430984,74.975243
4.8098526,2.578555,9.545682,0.445322,9.897843,87.421288,74.883591
4.8203869,2.582147,9.555259,0.463278,9.908838,87.320213,74.877983
4.8298187,2.549825,9.528923,0.453701,9.874605,87.366547,75.019318
4.8399906,2.513912,9.497798,0.451307,9.835222,87.369957,75.174713
4.8501768,2.476802,9.494206,0.430956,9.821417,87.485100,75.378830
4.8616018,2.476802,9.507375,0.440533,9.834571,87.432617,75.398216
4.8702197,2.481590,9.514558,0.414197,9.841578,87.587914,75.381767
4.8802390,2.482787,9.545682,0.397437,9.871284,87.692535,75.420670
4.8899837,2.468422,9.558850,0.390255,9.880133,87.736290,75.520592
4.9005208,2.462436,9.560047,0.387861,9.879703,87.750084,75.555962
4.9116316,2.433706,9.564836,0.401029,9.877745,87.673195,75.724411
4.9207749,2.415750,9.526528,0.407014,9.836475,87.628532,75.770798
4.9303999,2.395399,9.510966,0.417788,9.816872,87.560860,75.863686
4.9410248,2.381034,9.482236,0.416591,9.785482,87.560043,75.904205
4.9509220,2.367866,9.455899,0.415394,9.756709,87.559883,75.941574
4.9611845,2.351106,9.443929,0.380678,9.739631,87.759995,76.020164
4.9701610,2.351106,9.458294,0.356736,9.752655,87.903748,76.040565
4.9805942,2.358289,9.470264,0.345962,9.765609,87.969780,76.016594
4.9901972,2.354697,9.502586,0.328006,9.795475,88.081070,76.082703
5.0003648,2.345121,9.519346,0.322020,9.809242,88.118744,76.160583
5.0098939,2.349909,9.519346,0.324414,9.810468,88.104988,76.133415
5.0199819,2.351106,9.525331,0.345962,9.817298,87.980476,76.135002
5.0299916,2.364274,9.536105,0.379481,9.832146,87.788063,76.075508
5.0399685,2.389413,9.539697,0.415394,9.843153,87.581322,75.938385
5.0501318,2.400187,9.531317,0.439336,9.838695,87.440666,75.865593
5.0601087,2.412158,9.512163,0.447716,9.823451,87.387772,75.770508
5.0700278,2.420538,9.502586,0.453701,9.816516,87.350952,75.709290
5.0806680,2.434903,9.494206,0.460884,9.812295,87.307823,75.615822
5.0898800,2.450465,9.504981,0.453701,9.826255,87.353577,75.543457
5.1001272,2.461239,9.519346,0.441730,9.842295,87.427658,75.503563
5.1098819,2.464831,9.532514,0.450110,9.856307,87.382553,75.502510
5.1200995,2.472013,9.471462,0.591368,9.806587,86.542786,75.372345
5.1298537,2.554613,9.384073,0.644040,9.746880,86.211334,74.771477
5.1399121,2.394202,9.537302,-0.029928,9.833271,90.174377,75.907928
