Keuwl Accelerometer Data File
2019-06-26 17-42-22

Time (s), X (m/s2), Y (m/s2), Z (m/s2), R (m/s2), Theta (deg), Phi (deg)
0.0000000,1.904588,9.714474,1.030704,9.952929,84.055916,78.907478
0.0089220,1.551443,9.494206,0.906205,9.662719,84.618683,80.719353
0.0188020,1.386243,9.143456,0.999579,9.301807,83.831039,81.379021
0.0286490,1.471237,9.002198,1.083376,9.185740,83.226707,80.718163
0.0388600,1.696292,8.866926,1.122881,9.097288,82.909889,79.169853
0.0486690,2.086547,8.927979,1.191115,9.245606,82.597984,76.845581
0.0589510,2.505532,9.169792,1.252167,9.588050,82.495926,74.717667
0.0687150,2.742558,9.273940,1.267730,9.753703,82.531898,73.525612
0.0791410,2.783259,9.167398,1.248576,9.661608,82.574860,73.111496
0.0898330,2.698265,9.108741,1.221043,9.578139,82.675873,73.499229
0.0990880,2.534262,9.133880,1.212663,9.556191,82.709618,74.492935
0.1087910,2.450465,9.263166,1.218649,9.658993,82.751831,75.182472
0.1191980,2.384625,9.439140,1.262941,9.817272,82.608711,75.821938
0.1287790,2.418144,9.782708,1.227028,10.151571,83.057640,76.115631
0.1389770,2.547431,10.384850,0.939724,10.733945,84.977501,76.217346
0.1489670,2.414552,10.249578,0.869095,10.565947,85.281845,76.744186
0.1588480,2.157176,9.431957,1.589750,9.805229,80.669281,77.117493
0.1686920,2.507926,9.498995,1.928530,10.011984,78.894150,75.210243
0.1787640,3.004723,9.797073,2.200271,10.481040,77.881828,72.949432
0.1888180,3.410540,10.163386,2.310405,10.966502,77.837891,71.449730
0.1987130,3.219004,9.986216,2.821567,10.864977,74.948105,72.133545
0.2091820,2.815581,9.710882,2.827552,10.498752,74.376030,73.830971
0.2189410,2.548628,9.695320,2.455254,10.320998,76.238007,75.271759
0.2287910,2.462436,9.828198,2.195483,10.367122,77.773689,75.934204
0.2390870,2.455254,9.950302,1.868674,10.417712,79.666656,76.139053
0.2487520,2.431312,9.991004,1.516727,10.393840,81.609123,76.322914
0.2588680,2.341529,9.950302,1.392228,10.316471,82.244156,76.757942
0.2689010,2.224213,9.806650,1.392228,10.151641,82.117432,77.221130
0.2820930,2.130840,9.659407,1.315614,9.978750,82.423981,77.559937
0.2998630,1.916559,9.493010,1.114501,9.748464,83.435257,78.585899
0.3097690,1.735796,9.477448,1.061828,9.693424,83.711136,79.621292
0.3202200,1.586159,9.435549,1.010353,9.621138,83.972031,80.457535
0.3287900,1.492785,9.380483,0.961272,9.547036,84.221207,80.957924
0.3390320,1.487996,9.306262,0.981623,9.475454,84.053696,80.915756
0.3494030,1.561020,9.233239,1.077391,9.426042,83.436783,80.404015
0.3589870,1.656788,9.187749,1.181539,9.410404,82.787102,79.777946
0.3688550,1.757344,9.179369,1.292869,9.435072,82.124092,79.162148
0.3790230,1.844732,9.254786,1.335965,9.530945,81.942245,78.727127
0.3887460,1.895011,9.376891,1.316811,9.656663,82.162560,78.574768
0.3988880,1.929727,9.507375,1.307234,9.788917,82.325668,78.526451
0.4086760,1.940500,9.597157,1.304840,9.877934,82.409248,78.569176
0.4188350,1.940500,9.593566,1.338359,9.878930,82.213852,78.565002
0.4286560,1.952471,9.540894,1.401805,9.838996,81.808945,78.434540
0.4388740,1.978808,9.466674,1.503559,9.787456,81.163170,78.193527
0.4494060,2.033874,9.415198,1.608904,9.765817,80.517380,77.810257
0.4589680,2.142811,9.384073,1.705869,9.775605,79.950287,77.137306
0.4696310,2.270900,9.387665,1.823185,9.829000,79.310280,76.401237
0.4798880,2.372654,9.370906,1.884237,9.848538,78.970085,75.791664
0.4890890,2.418144,9.350554,1.978808,9.858802,78.421234,75.500427
0.4990540,2.462436,9.369708,2.054225,9.903275,78.028282,75.275177
0.5088070,2.477999,9.451111,2.097321,9.993134,77.884903,75.308243
0.5190060,2.400187,9.576807,2.043451,10.082253,78.306396,75.930061
0.5288080,2.252944,9.692925,1.932121,10.137142,79.012306,76.914978
0.5388670,2.080561,9.767146,1.863886,10.158737,79.427696,77.974800
0.5487920,1.867477,9.770737,1.788469,10.107096,79.807739,79.179581
0.5591829,1.714248,9.677363,1.792060,9.990069,79.666107,79.954826
0.5690600,1.667562,9.538500,1.891419,9.866165,78.947540,80.083527
0.5800949,1.756147,9.410410,2.084153,9.797120,77.717545,79.429199
0.5888590,1.756147,9.327810,2.084153,9.717808,77.615715,79.337730
0.5990279,1.917756,9.352949,2.116474,9.779310,77.500931,78.412514
0.6092570,2.157176,9.509769,2.055422,9.965635,78.097260,77.219429
0.6205750,2.434903,9.635465,1.950077,10.127870,78.898621,75.818130
0.6288440,2.628834,9.635465,1.974019,10.180849,78.819801,74.739456
0.6392210,2.734178,9.475053,2.112883,10.085466,77.907074,73.903656
0.6487160,2.758120,9.313444,2.310405,9.984260,76.620216,73.503662
0.6587880,2.688689,9.194932,2.491167,9.898572,75.423683,73.700562
0.6687480,2.547431,9.176975,2.652776,9.886531,74.435547,74.485909
0.6805600,2.427721,9.197326,2.671929,9.880477,74.310432,75.213501
0.6889020,2.330755,9.162610,2.398990,9.754025,75.762093,75.727982
0.6992570,2.354697,9.100361,1.995567,9.609550,78.014450,75.493011
0.7089870,2.580950,9.112331,1.690306,9.620448,79.880646,74.185913
0.7189730,2.965219,9.094376,1.678335,9.711694,80.048416,71.941460
0.7289400,3.501520,8.985439,1.624466,9.779450,80.438271,68.709724
0.7407570,3.881001,8.748413,1.514333,9.689691,81.008797,66.076805
0.7491230,4.102465,8.462306,1.282095,9.491291,82.236687,64.136230
0.7591780,4.252102,8.117541,1.106121,9.230295,83.117363,62.353710
0.7688130,4.375403,7.703344,1.019930,8.917731,83.432655,60.403965
0.7804630,4.534618,7.092823,0.922965,8.468929,83.743340,57.408207
0.7887909,4.772841,6.513426,0.683545,8.103824,85.161446,53.767170
0.7991960,5.064934,6.077681,0.588974,7.933388,85.742455,50.193317
0.8087969,5.246893,5.791574,0.621295,7.839530,85.454453,47.824905
0.8192220,5.608418,5.665878,0.538695,7.990414,86.134315,45.292011
0.8288999,6.060922,5.408502,0.368707,8.131581,87.401169,41.744328
0.8396339,6.703765,5.102044,0.094571,8.424978,89.356834,37.273724
0.8488270,7.308300,4.736928,0.011971,8.709184,89.921242,32.949581
0.8606070,7.711724,4.474763,0.031125,8.916005,89.799988,30.124645
0.8689319,7.879318,4.523844,-0.090980,9.086093,90.573715,29.861927
0.8795070,7.994239,4.653131,-0.457293,9.261134,92.830276,30.201996
0.8887600,8.200141,4.787206,-0.903811,9.538161,95.437355,30.276196
0.8994780,8.769960,4.945224,-1.252167,10.145707,97.089432,29.417873
0.9088550,9.518148,5.120000,-1.422156,10.901012,97.496223,28.276686
0.9190609,10.038888,5.142745,-1.455675,11.373042,97.353653,27.125261
0.9288590,10.201694,5.066131,-1.551443,11.495529,97.756340,26.408857
0.9399890,10.119094,5.073313,-1.545457,11.424666,97.774445,26.627375
0.9486990,10.128671,5.110424,-1.584962,11.455065,97.953156,26.773241
0.9587610,10.335769,5.137957,-1.701080,11.667065,98.383720,26.432175
0.9689060,10.760739,5.246893,-1.813608,12.108368,98.614258,25.993675
0.9790260,11.437101,5.546168,-2.000355,12.867350,98.943466,25.870037
0.9891100,12.245145,5.895722,-2.250550,13.775634,99.402657,25.709618
0.9989110,12.910732,6.070498,-2.370260,14.462230,99.432938,25.182446
1.0089309,13.225570,6.147113,-2.254141,14.757502,98.786064,24.928535
1.0188990,13.303382,6.153099,-2.024297,14.796566,97.863213,24.821550
1.0291930,13.163321,6.005855,-1.927332,14.596504,97.587532,24.525167
1.0396570,13.254301,5.755661,-2.136825,14.607196,98.411743,23.472826
1.0487729,13.594277,5.601235,-2.194286,14.865837,98.488213,22.393076
1.0589600,13.874399,5.479131,-2.677915,15.155561,100.177322,21.549530
1.0689249,14.256274,5.318719,-3.313575,15.572729,102.285355,20.459497
1.0792120,14.620193,5.058948,-4.049792,15.991992,104.669250,19.086885
1.0890809,15.253459,4.712986,-6.005855,17.057272,110.615776,17.170008
1.0993841,17.926586,4.436456,-7.551312,19.951614,112.239639,13.900223
1.1095070,20.885818,4.023456,-9.293094,23.211359,113.601212,10.903918
1.1199480,24.366987,3.250129,-9.496601,26.353346,111.122093,7.597409
1.1294500,26.258408,1.649605,-8.529344,27.658178,107.961876,3.594710
1.1393300,26.435577,-0.572214,-7.757214,27.556152,106.350090,358.759979
1.1488700,27.145458,-2.721010,-8.893262,28.694422,108.055016,354.275909
1.1590179,29.057228,-3.949236,-9.382876,30.788916,107.743034,352.260223
1.1692920,27.858931,-4.793192,-7.143101,29.156792,104.181198,350.237701
1.1799650,23.691822,-5.006276,-7.181408,25.257431,106.518715,348.068451
1.1889169,20.614077,-4.064157,-11.980585,24.186607,119.692146,348.846924
1.2000550,18.911798,-1.910573,-13.618219,23.382950,125.619492,354.231232
1.2092409,18.531120,0.624887,-14.822503,23.738144,128.639420,1.931335
1.2190000,18.325220,3.609259,-13.393165,22.982979,125.643684,11.142126
1.2296349,17.265785,5.791574,-9.935937,20.745420,118.616585,18.543331
1.2394979,16.068686,8.389283,-7.459136,19.601566,112.366997,27.568563
1.2490400,14.422671,12.427104,-6.883330,20.244173,109.877808,40.749397
1.2600249,12.373235,20.117279,-2.566584,23.756878,96.202080,58.406193
1.2689559,9.115923,23.758860,0.468066,25.451965,88.946259,69.008934
1.2790120,6.472724,24.151510,-5.791574,25.665813,103.041298,74.997017
1.2902169,2.331953,23.762451,-12.723985,27.055349,118.053421,84.395164
1.2990539,-3.687071,22.953211,-15.331270,27.847662,123.404114,99.125702
1.3088529,-14.058752,18.731037,0.451307,23.424431,88.896042,126.890396
1.3191530,-21.131224,13.499706,12.394782,27.971437,63.696701,147.427475
1.3291370,-23.880964,9.026140,14.702792,29.460886,60.062077,159.295227
1.3391889,-21.349096,6.003461,8.911219,23.900528,68.108749,164.293777
1.3488790,-18.155231,4.841076,5.116409,19.473728,74.767654,165.069519
1.3598520,-15.947778,3.040636,5.803545,17.241179,70.329559,169.205429
1.3692650,-13.572729,0.410606,6.239290,14.943771,65.322029,178.267197
1.3803099,-8.785523,-2.048239,5.596447,10.616069,58.185726,193.123413
1.3891360,-2.905364,-5.329493,1.929727,6.369339,72.363846,241.403061
1.3993720,1.650802,-8.262390,-3.244143,9.028660,111.058205,281.298767
1.4094510,3.403358,-9.600749,-2.804807,10.565234,105.395187,289.518860
1.4190730,4.115633,-9.673772,-2.178724,10.736253,101.708435,293.046967
1.4288501,5.370194,-9.337387,-2.618060,11.085126,103.661057,299.904419
1.4389529,6.505046,-9.339781,-1.254562,11.450809,96.290009,304.856750
1.4488360,7.964312,-9.727641,-0.779313,12.596213,93.547089,309.308228
1.4589529,9.460688,-10.120291,-0.124498,13.854256,90.514885,313.070679
1.4689029,10.089166,-10.187328,2.044648,14.482870,81.884041,314.722626
1.4789269,10.407595,-10.025720,3.848679,14.954779,75.086853,316.070679
1.4888099,10.739192,-9.885659,4.802769,15.366298,71.786903,317.369751
1.4990439,10.596737,-9.690532,4.988319,15.201334,70.843468,317.557617
1.5088490,9.416395,-9.283517,4.794389,14.065501,70.070625,315.407135
1.5191280,7.912837,-8.783129,4.516662,12.655298,69.090134,312.016113
1.5289559,6.925229,-8.185776,4.118027,11.485811,68.989952,310.231476
1.5390100,6.393716,-7.501034,3.368642,10.415991,71.130692,310.443542
1.5490240,5.924452,-6.696582,2.640805,9.322939,73.545204,311.499115
1.5589830,5.499481,-5.974730,2.142811,8.398413,75.217842,312.628235
1.5689750,5.220557,-5.531803,1.720234,7.798350,77.256340,313.341919
1.5790410,4.775235,-5.479131,1.252167,7.375071,80.224754,311.073181
1.5888450,4.462792,-5.717354,1.194707,7.350644,80.646172,307.974518
1.5993049,4.279635,-5.979519,1.219846,7.453720,80.580833,305.591888
1.6088359,4.212598,-6.235698,1.356315,7.646535,79.783020,304.041443
1.6192451,4.448427,-6.303933,1.387440,7.839200,79.805664,305.209045
1.6288249,4.863821,-6.167464,1.277307,7.957756,80.763451,308.260223
1.6392059,5.426458,-5.837064,1.022324,8.035105,82.690315,312.912231
1.6492170,5.876568,-5.471948,0.913388,8.081493,83.510437,317.041962
1.6596230,6.160281,-5.267244,1.025915,8.169787,82.786079,319.468475
1.6688550,6.364985,-5.201403,1.199495,8.307010,81.697723,320.744629
1.6790520,6.611588,-5.220557,1.403002,8.540241,80.544510,321.705139
1.6888280,6.766014,-5.200206,1.492785,8.663112,80.077553,322.454926
1.6992089,7.003040,-5.116409,1.496376,8.801100,80.210930,323.848206
1.7089731,7.017405,-4.821922,1.307234,8.614161,81.271408,325.505585
1.7189080,6.918046,-4.309563,0.998382,8.211483,83.016495,328.079346
1.7288399,6.639122,-3.636792,0.766145,7.608625,84.220856,331.286865
1.7389920,6.265626,-3.065775,1.247379,7.086113,79.861313,333.927460
1.7488120,6.002264,-2.875436,1.604115,6.846056,76.448914,334.402832
1.7589340,6.126762,-2.896984,1.547851,6.951660,77.134727,334.693298
1.7689880,6.521805,-2.926912,1.447295,7.293519,78.554497,335.830017
1.7798300,6.971915,-2.862268,1.411382,7.667606,79.393044,337.679749
1.7888299,7.325060,-2.646790,1.229423,7.885016,81.029907,340.133514
1.7993439,7.477092,-2.275689,0.764947,7.853076,84.410103,343.072113
1.8088470,7.410054,-1.711854,0.252588,7.609412,88.097763,346.991852
1.8193140,7.076063,-1.035492,0.027533,7.151481,89.779411,351.674591
1.8289510,6.424840,-0.611719,0.292093,6.460503,87.408653,354.561188
1.8389680,5.865794,-0.515950,0.566229,5.915603,84.507362,354.973236
1.8492789,5.756858,-0.490811,0.785298,5.830866,82.259911,355.126923
1.8590829,6.257246,-0.366313,1.115698,6.366482,79.907051,356.649597
1.8691330,7.055712,-0.082600,1.285686,7.172369,79.673607,359.329285
1.8789730,7.873333,0.276530,1.022324,7.944242,82.606247,2.011538
1.8888429,8.470686,0.768539,0.423774,8.516029,87.147675,5.184207
1.8989600,8.950723,1.614889,-0.715866,9.123364,94.500351,10.227279
1.9088680,8.900445,2.653973,-1.467646,9.402950,98.979645,16.603754
1.9190649,8.231265,3.202245,-0.925359,8.880563,95.981102,21.257744
1.9288549,7.668628,3.500323,-0.039504,8.429810,90.268501,24.534187
1.9390579,7.637504,3.937265,1.268927,8.685833,81.599510,27.271885
1.9489770,8.301894,4.511873,2.546233,9.785793,74.918251,28.522982
1.9592760,9.736021,5.284003,2.705448,11.403080,76.275360,28.489887
1.9688770,11.757924,6.382942,2.062605,13.536804,81.235695,28.495895
1.9793010,13.699622,7.428011,1.065420,15.620182,86.088936,28.466793
1.9889469,14.715961,7.808689,0.173580,16.660288,89.403038,27.951637
1.9994589,13.970167,7.437588,0.092177,15.826932,89.666306,28.030426
2.0089209,12.854469,7.374141,0.967257,14.850957,86.265625,29.841324
2.0189769,12.465411,7.906851,3.083732,15.080257,78.200470,32.387089
2.0287790,13.217191,8.319851,5.036203,16.409674,72.127220,32.189262
2.0393519,16.021997,6.066907,2.828749,17.364147,80.624306,20.739727
2.0496290,15.270219,4.617218,2.786851,16.194593,80.090919,16.823610
2.0589199,13.445837,3.957615,3.548207,14.458320,75.793976,16.401138
2.0692039,11.021708,4.463989,4.145560,12.593288,70.780495,22.048830
2.0789399,8.899248,6.004658,4.249708,11.546106,68.403717,34.009022
2.0891819,7.515399,8.269572,4.024653,11.877073,70.192627,47.735394
2.0991509,6.840234,10.965444,3.749320,13.456862,73.822281,58.044121
2.1090500,6.459556,12.709620,3.416526,14.660591,76.523796,63.058434
2.1195109,6.078878,12.577939,2.773683,14.242563,78.770111,64.205673
2.1287689,5.617994,11.331757,2.158373,12.830789,80.315758,63.628967
2.1392329,4.108450,10.309433,2.116474,11.297931,79.202820,68.272041
2.1490829,2.011129,10.226832,2.196680,10.651673,78.098564,78.874619
2.1589308,0.336385,10.966640,1.719037,11.105649,81.095421,88.243088
2.1688209,-0.609324,12.182896,1.171962,12.254293,84.512024,92.863251
2.1794071,-0.814029,13.664907,0.183156,13.690356,89.233444,93.409126
2.1888819,-0.741005,14.759056,-0.684742,14.793502,92.652977,92.874229
2.1992478,-0.730232,14.908694,-0.774524,14.946648,92.970352,92.804123
2.2088041,-0.572214,14.252683,-0.205901,14.265650,90.826996,92.299065
2.2193480,-0.289698,13.067553,0.341174,13.075214,88.504799,91.269997
2.2288420,-0.001197,11.733982,0.262165,11.736911,88.720085,90.005844
2.2389188,0.335188,10.528502,0.089783,10.534219,89.511665,88.176529
2.2496719,0.450110,9.720459,-0.247800,9.734029,91.458740,87.348785
2.2596200,0.617704,9.346964,-0.794875,9.401017,94.850266,86.219048
2.2694221,1.004368,9.057265,-1.185130,9.189524,97.409805,83.672279
2.2790468,1.971625,8.701726,-1.193510,9.001766,97.619064,77.233559
2.2888198,3.920505,8.501810,-0.750582,9.392259,94.583679,65.243790
2.2995110,6.447585,8.404845,0.160412,10.594268,89.132431,52.507206
2.3093619,8.768764,8.136695,1.392228,12.043060,83.361526,42.858799
2.3191030,10.449493,7.685388,2.820370,13.274471,77.733116,36.333717
2.3292520,11.158177,7.231686,4.211401,13.947692,72.425690,32.947529
2.3393228,11.032481,6.856994,5.236119,14.005390,68.045845,31.862101
2.3496029,10.189722,6.643910,5.571307,13.379516,65.392128,33.105183
2.3598421,9.034520,6.805518,5.086482,12.402013,65.786774,36.989964
2.3695450,7.759608,7.322666,3.916914,11.365525,69.840721,43.340572
2.3797350,6.477513,8.034941,2.394202,10.594841,76.939598,51.125347
2.3889201,5.321113,8.834604,0.985214,10.360267,84.543190,58.939297
2.3999307,4.338294,9.625888,-0.165200,10.559630,90.896400,65.739372
2.4096069,3.523068,10.272323,-1.037886,10.909163,95.459320,71.069725
2.4190562,2.782062,10.694899,-1.578976,11.163059,98.131561,75.418816
2.4294231,1.991976,10.916363,-1.879448,11.254655,99.613029,79.658669
2.4389901,1.127669,10.939108,-1.917756,11.163042,99.892204,84.114395
2.4494431,0.369904,10.884041,-1.884237,11.052127,99.816101,88.053497
2.4592738,-0.211887,10.781090,-1.765724,10.926783,99.299545,91.125923
2.4689698,-0.572214,10.661380,-1.503559,10.782075,98.016014,93.072212
2.4794281,-0.694318,10.496181,-1.182736,10.585402,96.415207,93.784584
2.4895060,-0.669179,10.344149,-0.803255,10.396847,94.431053,93.701401
2.4996998,-0.573411,10.237606,-0.041899,10.253737,90.234123,93.205803
2.5101140,-0.345962,10.025720,0.329203,10.037087,88.120438,91.976349
2.5196869,-0.051475,9.889250,0.688333,9.913310,86.018448,90.298233
2.5293241,0.398635,9.793482,1.003170,9.852794,84.156258,87.669113
2.5390270,0.990002,9.767146,1.321599,9.905749,82.332886,84.212242
2.5488708,1.604115,9.825804,1.616086,10.086195,80.779900,80.727951
2.5602140,2.104503,9.910798,1.863886,10.301792,79.576164,78.011627
2.5689380,2.487576,10.031705,2.009932,10.529148,78.995140,76.073204
2.5795488,2.717419,10.116699,2.027889,10.669785,79.043770,74.964828
2.5890718,2.857480,10.111911,1.995567,10.695710,79.246948,74.220474
2.5989189,2.918532,10.001778,1.928530,10.595877,79.513283,73.732689
2.6087029,2.880225,9.838972,1.847127,10.416954,79.786346,73.683327
2.6188099,2.737770,9.659407,1.751359,10.191505,80.104897,74.175659
2.6287129,2.537854,9.576807,1.561020,10.029593,81.046005,75.157776
2.6389260,2.382231,9.585187,1.313220,9.963703,82.426361,76.042915
2.6487360,2.260126,9.628283,0.999579,9.940380,84.228729,76.789658
2.6593480,2.167950,9.666590,0.702698,9.931603,85.942719,77.359299
2.6690400,2.082955,9.698911,0.389058,9.927686,87.754051,77.879166
2.6790557,2.009932,9.724051,0.112527,9.930239,89.350723,78.321594
2.6890390,1.960851,9.759963,-0.114922,9.955653,90.661400,78.640076
2.6989529,1.954866,9.798270,-0.263362,9.994846,91.509911,78.716995
2.7097001,2.003947,9.817424,-0.312443,10.024731,91.786041,78.463188
2.7192409,2.126051,9.800665,-0.251391,10.031766,91.435951,77.760506
2.7288439,2.327164,9.780313,-0.105345,10.053921,90.600357,76.615723
2.7393379,2.542642,9.753978,0.114922,10.080591,89.346794,75.389435
2.7488329,2.786851,9.716867,0.336385,10.114208,88.094063,73.996819
2.7592361,2.993949,9.686940,0.530316,10.152920,87.005920,72.825157
2.7696249,3.124433,9.643845,0.696713,10.161262,86.068398,72.048599
2.7790568,3.177106,9.623494,0.820014,10.167500,85.374039,71.729851
2.7889810,3.199851,9.616311,0.926556,10.176984,84.776314,71.595016
2.7990589,3.166332,9.583989,1.024718,10.145370,84.203041,71.717621
2.8091109,3.128025,9.564836,1.021127,10.115005,84.206024,71.890503
2.8193500,3.005920,9.555259,0.988805,10.065598,84.362396,72.537323
2.8291409,2.784456,9.570822,0.875081,10.005979,84.982742,73.778603
2.8395879,2.489970,9.605537,0.683545,9.946534,86.059418,75.467529
2.8488419,2.187103,9.677363,0.459687,9.932074,87.347229,77.264984
2.8598421,1.917756,9.733627,0.265756,9.924309,88.465530,78.854126
2.8688319,1.740585,9.795877,0.192733,9.951180,88.890236,79.924530
2.8789399,1.731008,9.813833,0.247800,9.968406,88.575562,79.996803
2.8888497,1.914164,9.816227,0.391452,10.008775,87.758537,78.965790
2.8989429,2.211045,9.813833,0.538695,10.074236,86.934784,77.303322
2.9099698,2.505532,9.846154,0.673968,10.182273,86.204803,75.723068
2.9198399,2.717419,9.871294,0.770933,10.267480,85.693901,74.608574
2.9300940,2.819172,9.877279,0.842759,10.306242,85.309586,74.070198
2.9390709,2.877831,9.804255,0.884658,10.256118,85.051712,73.641518
2.9489579,2.896984,9.706094,0.945710,10.173256,84.666061,73.381180
2.9592378,2.919729,9.589975,0.956484,10.070120,84.549698,73.066795
2.9698281,2.906561,9.533711,0.802058,9.999152,85.399216,73.045006
2.9789350,2.826355,9.524135,0.802058,9.966981,85.384331,73.471367
2.9889719,2.667141,9.531317,0.502782,9.910218,87.091927,74.366829
2.9999778,2.290054,9.530120,0.341174,9.807341,88.006416,76.488205
3.0093110,2.115277,9.510966,0.220267,9.745840,88.704941,77.461266
3.0194149,1.969231,9.521740,0.105345,9.723811,89.379265,78.315155
3.0288339,1.850718,9.507375,0.075417,9.686125,89.553886,78.984489
3.0388951,1.769315,9.485827,0.063446,9.649633,89.623276,79.434486
3.0496287,1.745373,9.453506,0.077812,9.613592,89.536247,79.539444
3.0591319,1.778892,9.429564,0.138864,9.596896,89.170921,79.316681
3.0693419,1.860295,9.419987,0.226252,9.604585,88.650177,78.828758
3.0792739,1.966837,9.430760,0.314838,9.638818,88.128189,78.219513
3.0888569,2.085350,9.460688,0.422577,9.697003,87.502373,77.569489
3.0989339,2.197877,9.472659,0.529119,9.738681,86.885490,76.937187
3.1088750,2.280477,9.440337,0.653617,9.733846,86.149757,76.419388
3.1191590,2.328361,9.405622,0.745794,9.718188,85.598679,76.095955
3.1294799,2.328361,9.346964,0.806846,9.666333,85.211967,76.012115
3.1390588,2.284068,9.315839,0.851139,9.629447,84.929054,76.223907
3.1493659,2.256535,9.315839,0.860716,9.623805,84.868835,76.383751
3.1587679,2.274492,9.369708,0.854730,9.679633,84.934074,76.355408
3.1688108,2.352303,9.421184,0.827197,9.745578,85.130920,75.980888
3.1789789,2.456451,9.455899,0.840365,9.805835,85.083694,75.437607
3.1889148,2.515109,9.473856,0.845153,9.838394,85.072014,75.132141
3.1990499,2.513912,9.466674,0.849942,9.831586,85.040581,75.128128
3.2088320,2.450465,9.459491,0.846350,9.808315,85.049843,75.476868
3.2189701,2.366668,9.440337,0.836774,9.768381,85.085938,75.926155
3.2290838,2.311602,9.396045,0.826000,9.711408,85.120834,76.178658
3.2393520,2.281674,9.357738,0.823605,9.667038,85.112633,76.297089
3.2488461,2.279280,9.323022,0.824802,9.632972,85.088158,76.261879
3.2591848,2.256535,9.345766,0.802058,9.647724,85.231247,76.425735
3.2689779,2.261323,9.410410,0.760159,9.708102,85.509056,76.488007
3.2796531,2.299631,9.503783,0.723049,9.804744,85.770897,76.397591
3.2890360,2.341529,9.592369,0.720655,9.900285,85.825676,76.282173
3.2992399,2.401384,9.624691,0.763750,9.949102,85.597313,75.990585
3.3090029,2.427721,9.640253,0.811634,9.974320,85.332542,75.865028
3.3192840,2.452860,9.639056,0.866701,9.983942,85.019913,75.722916
3.3294311,2.451663,9.659407,0.888249,10.005187,84.906639,75.758438
3.3391080,2.449268,9.694122,0.895431,10.038761,84.882561,75.820671
3.3498490,2.395399,9.680955,0.919373,10.015192,84.732956,76.102203
3.3596189,2.343924,9.637859,0.943315,9.963542,84.567284,76.331055
3.3696480,2.286463,9.539697,0.967257,9.857450,84.368820,76.521667
3.3794999,2.223016,9.455899,0.948104,9.759853,84.425308,76.770393
3.3895319,2.171541,9.394848,0.909797,9.685375,84.609970,76.985123
3.4001510,2.129642,9.396045,0.833182,9.670327,85.057343,77.229500
3.4090269,2.122460,9.449914,0.737414,9.713367,85.646057,77.341377
3.4191749,2.141613,9.514558,0.648829,9.774165,86.193794,77.314812
3.4296808,2.171541,9.550470,0.581791,9.811502,86.600548,77.190147
3.4398818,2.189497,9.555259,0.549469,9.818289,86.791832,77.094009
3.4495931,2.195483,9.528923,0.535104,9.793205,86.867783,77.025360
3.4589911,2.208651,9.533711,0.541090,9.801151,86.835281,76.956528
3.4689260,2.298434,9.562442,0.586579,9.852267,86.586731,76.484734
3.4799449,2.369063,9.525331,0.661997,9.837817,86.141594,76.033241
3.4890580,2.409764,9.471462,0.730232,9.800448,85.726929,75.725456
3.4993541,2.420538,9.442732,0.788889,9.779904,85.373245,75.622452
3.5096509,2.397793,9.424775,0.814029,9.759019,85.215233,75.725990
3.5190530,2.377442,9.441534,0.811634,9.770033,85.234726,75.866364
3.5297651,2.367866,9.481039,0.790087,9.804138,85.377693,75.977371
3.5402508,2.370260,9.507375,0.766145,9.828290,85.529091,76.001106
3.5495589,2.365471,9.527725,0.743400,9.845082,85.669487,76.056953
3.5597649,2.385822,9.536105,0.713472,9.855886,85.848701,75.953606
3.5690548,2.389413,9.561244,0.709881,9.880820,85.880074,75.968819
3.5793929,2.398990,9.569624,0.717063,9.891767,85.842926,75.926659
3.5899320,2.416947,9.601946,0.730232,9.928355,85.782082,75.871353
3.5992587,2.439692,9.627085,0.755371,9.960093,85.650528,75.779503
3.6095967,2.445677,9.597157,0.781707,9.934678,85.487038,75.703407
3.6198959,2.404976,9.556456,0.810437,9.887697,85.298523,75.874283
3.6306508,2.373851,9.519346,0.809240,9.844186,85.284683,75.997665
3.6395190,2.341529,9.500193,0.794875,9.816733,85.355591,76.154175
3.6489677,2.357092,9.507375,0.779313,9.826159,85.451096,76.075844
3.6599910,2.385822,9.530120,0.752976,9.853035,85.617142,75.945129
3.6691508,2.416947,9.554062,0.751779,9.883668,85.637711,75.803398
3.6791370,2.426523,9.564836,0.736217,9.895257,85.733192,75.764832
3.6891079,2.418144,9.580399,0.702698,9.905818,85.932137,75.834122
3.6993589,2.398990,9.591172,0.696713,9.911162,85.969025,75.957024
3.7089610,2.370260,9.581595,0.708684,9.895824,85.893280,76.105324
3.7194197,2.328361,9.551667,0.702698,9.856439,85.911728,76.300476
3.7292190,2.336741,9.528923,0.725443,9.838038,85.771248,76.221481
3.7393239,2.353500,9.513360,0.726640,9.827054,85.759514,76.104645
3.7492249,2.391808,9.509769,0.736217,9.833538,85.706367,75.882324
3.7590249,2.422932,9.513360,0.746991,9.845436,85.648682,75.711273
3.7690668,2.451663,9.533711,0.733823,9.871211,85.736717,75.578453
3.7790148,2.475605,9.548077,0.725443,9.890432,85.793694,75.464546
3.7890780,2.501941,9.560047,0.726640,9.908694,85.794518,75.334160
3.7989917,2.503138,9.562442,0.712275,9.910264,85.878456,75.330956
3.8096089,2.495955,9.576807,0.717063,9.922661,85.855896,75.392250
3.8190398,2.464831,9.561244,0.717063,9.899847,85.846329,75.544243
3.8290207,2.454057,9.544485,0.705092,9.880118,85.907623,75.580574
3.8395140,2.445677,9.509769,0.719458,9.845541,85.809410,75.577492
3.8488240,2.454057,9.485827,0.711078,9.823896,85.849159,75.495163
3.8599527,2.497152,9.477448,0.708684,9.826496,85.864258,75.238983
3.8690610,2.519897,9.470264,0.726640,9.826688,85.759361,75.099693
3.8789790,2.527080,9.461885,0.729034,9.820637,85.742737,75.046478
3.8892100,2.517503,9.477448,0.709881,9.831773,85.859482,75.124001
3.8990960,2.493561,9.475053,0.705092,9.823015,85.883789,75.255722
3.9089510,2.473210,9.470264,0.682347,9.811640,86.012161,75.363792
3.9195089,2.462436,9.485827,0.672771,9.823296,86.072891,75.447731
3.9290857,2.454057,9.476251,0.672771,9.811949,86.068344,75.481117
3.9390659,2.438494,9.452309,0.694318,9.786444,85.931618,75.534317
3.9488330,2.432509,9.451111,0.715866,9.785349,85.804665,75.566582
3.9593139,2.439692,9.460688,0.726640,9.797178,85.746559,75.539795
3.9688461,2.448071,9.408015,0.803255,9.754436,85.276482,75.414452
3.9791648,2.372654,9.864111,1.157596,10.211278,83.490700,76.475342
3.9893849,1.780089,10.144233,-1.227028,10.372066,96.794075,80.047188
