Keuwl Accelerometer Data File
2019-06-28 13-15-36

Time (s), X (m/s2), Y (m/s2), Z (m/s2), R (m/s2), Theta (deg), Phi (deg)
0.0000000,0.226363,0.949505,0.045761,0.977187,87.315910,76.590912
0.0095130,0.223923,0.890199,0.109216,0.924404,83.214828,75.880623
0.0194230,0.272490,0.916069,0.135086,0.965236,81.954994,73.434593
0.0294510,0.312393,0.920584,0.166691,0.986332,80.270256,71.255737
0.0394770,0.337043,0.913872,0.193659,0.993109,78.755089,69.755638
0.0494740,0.344121,0.919608,0.212940,1.004709,77.763824,69.483955
0.0594910,0.350832,0.944990,0.216113,1.030919,77.899261,69.632294
0.0694620,0.357666,0.953166,0.224655,1.042554,77.556023,69.431900
0.0795840,0.371211,0.950603,0.247352,1.050060,76.375374,68.669319
0.0894860,0.375360,0.974032,0.201225,1.063074,79.088867,68.924980
0.0995360,0.310075,1.009055,0.157661,1.067331,81.505455,72.918213
0.1095040,0.274808,0.968785,0.157051,1.019181,81.135674,74.163322
0.1200760,0.298482,0.959389,0.157905,1.017081,81.068520,72.718208
0.1295110,0.323864,1.011251,0.142407,1.071353,82.361465,72.241783
0.1396260,0.296774,1.001123,0.132035,1.052499,82.793312,73.488029
0.1496470,0.255650,0.963416,0.128862,1.005054,82.633583,75.138618
0.1599040,0.244545,0.935227,0.130083,0.975384,82.335892,75.346260
0.1718040,0.267853,0.929614,0.137526,0.977160,81.909286,73.926544
0.1895890,0.304583,0.918753,0.145580,0.978812,81.446579,71.658707
0.1996530,0.302875,0.910944,0.146312,0.971061,81.334091,71.608810
0.2096690,0.300923,0.911310,0.149851,0.971337,81.125359,71.726318
0.2199300,0.298970,0.913872,0.154732,0.973903,80.858192,71.884674
0.2304290,0.295309,0.916679,0.155831,0.975598,80.808876,72.143593
0.2403410,0.289086,0.919852,0.152536,0.976199,81.010422,72.553406
0.2496500,0.286645,0.927051,0.148143,0.981599,81.319763,72.818336
0.2608220,0.287499,0.935349,0.145702,0.989325,81.530998,72.914078
0.2696320,0.287988,0.943525,0.146434,0.997306,81.556740,73.026497
0.2794860,0.289330,0.946454,0.150461,1.001062,81.355591,73.001671
0.2894890,0.293967,0.950725,0.157295,1.007490,81.017921,72.818237
0.2995540,0.299336,0.952677,0.165349,1.012194,80.598206,72.557007
0.3095350,0.304339,0.954630,0.172060,1.016634,80.256073,72.317535
0.3196240,0.308610,0.957559,0.176575,1.021439,80.045311,72.136452
0.3299470,0.307390,0.959755,0.176575,1.023131,80.061943,72.240791
0.3398770,0.302997,0.959023,0.172915,1.020506,80.244736,72.466408
0.3504440,0.297018,0.956460,0.168888,1.015657,80.428162,72.748428
0.3599300,0.291038,0.954020,0.163030,1.010661,80.717033,73.034874
0.3695450,0.285425,0.952677,0.159003,1.007146,80.916420,73.321632
0.3795120,0.284083,0.952433,0.155709,1.006021,81.096153,73.391724
0.3894470,0.286889,0.952311,0.156685,1.006853,81.047340,73.234772
0.4003800,0.295065,0.952677,0.161566,1.010327,80.798073,72.791092
0.4099860,0.304583,0.948040,0.169376,1.010069,80.346619,72.188995
0.4204310,0.310929,0.944624,0.175111,1.009779,80.013557,71.780708
0.4297290,0.313736,0.943769,0.178162,1.010382,79.843872,71.611732
0.4395190,0.313736,0.943525,0.178284,1.010176,79.834740,71.607300
0.4497080,0.311173,0.942915,0.172182,1.007752,80.162300,71.736511
0.4596800,0.308366,0.939254,0.164617,1.002191,80.545944,71.824486
0.4699050,0.303607,0.938644,0.158149,0.999120,80.892441,72.076042
0.4803240,0.300557,0.940231,0.153512,0.998966,81.160286,72.272873
0.4902300,0.298604,0.943159,0.152902,1.001046,81.214127,72.432220
0.4999820,0.300312,0.945600,0.158149,1.004668,80.943153,72.380707
0.5096750,0.299946,0.943769,0.164617,1.003876,80.561958,72.368835
0.5196790,0.299702,0.943891,0.168155,1.004504,80.363235,72.384430
0.5311450,0.305682,0.946942,0.170962,1.009638,80.251129,72.109436
0.5398040,0.305682,0.946942,0.170962,1.009638,80.251129,72.109436
0.5501060,0.307878,0.946454,0.170962,1.009848,80.253174,71.980476
0.5598930,0.306170,0.946698,0.169132,1.009249,80.352753,72.078377
0.5701330,0.297262,0.945600,0.167423,1.005263,80.412903,72.548775
0.5800040,0.296774,0.948895,0.166569,1.008078,80.489151,72.632553
0.5895820,0.296896,0.950725,0.164373,1.009477,80.628838,72.657280
0.6003600,0.298848,0.952067,0.165227,1.011456,80.598289,72.573250
0.6107630,0.299458,0.951213,0.166325,1.011012,80.531036,72.525101
0.6200230,0.297384,0.950237,0.165837,1.009400,80.543861,72.622101
0.6306030,0.294577,0.947674,0.163884,1.005843,80.622856,72.732552
0.6398730,0.290184,0.946576,0.162542,1.003311,80.676666,72.956459
0.6514770,0.289330,0.946576,0.160834,1.002789,80.770676,73.003731
0.6607299,0.289330,0.946698,0.162786,1.003219,80.661674,73.005798
0.6702080,0.292381,0.947552,0.165105,1.005287,80.547119,72.851654
0.6797749,0.294211,0.944990,0.167301,1.003770,80.405579,72.706657
0.6896110,0.295309,0.940475,0.169620,1.000235,80.236610,72.567696
0.6996040,0.293601,0.937912,0.168888,0.997198,80.249260,72.617966
0.7096820,0.297872,0.939376,0.166569,0.999450,80.406281,72.406418
0.7195500,0.303241,0.942061,0.165349,1.003381,80.514877,72.157089
0.7295770,0.303607,0.941207,0.164128,1.002490,80.577065,72.121735
0.7397840,0.300557,0.939620,0.164739,1.000180,80.519669,72.262077
0.7496140,0.297018,0.938766,0.166813,0.998663,80.384445,72.443069
0.7595749,0.299946,0.938400,0.167057,0.999235,80.375809,72.274254
0.7695680,0.304217,0.940597,0.167179,1.002606,80.401398,72.077225
0.7796420,0.309465,0.940719,0.167667,1.004406,80.390526,71.790550
0.7897490,0.309343,0.939132,0.171084,1.003460,80.183449,71.768532
0.7997000,0.305194,0.937180,0.170962,1.000339,80.159599,71.962105
0.8095840,0.298360,0.935838,0.171084,0.997036,80.119560,72.316887
0.8197370,0.295797,0.936326,0.168644,0.996314,80.254776,72.468002
0.8296660,0.297750,0.941451,0.166813,1.001405,80.411018,72.449554
0.8398229,0.301289,0.944624,0.167301,1.005524,80.422462,72.309860
0.8496910,0.305682,0.947430,0.167057,1.009442,80.474037,72.118065
0.8600580,0.307634,0.948406,0.169986,1.011439,80.324760,72.028519
0.8698949,0.307512,0.948162,0.174257,1.011900,80.083801,72.030861
0.8796480,0.304828,0.947796,0.175721,1.010997,79.990601,72.171318
0.8899070,0.302997,0.946698,0.176575,1.009566,79.927025,72.252380
0.8997630,0.301655,0.945722,0.174867,1.007950,80.009331,72.308998
0.9095950,0.302143,0.948040,0.169010,1.009275,80.360031,72.322792
0.9196920,0.302021,0.947308,0.163030,1.007565,80.688255,72.316673
0.9295740,0.301289,0.944380,0.163396,1.004652,80.639854,72.305580
0.9395290,0.303119,0.945234,0.168155,1.006789,80.385315,72.219910
0.9495699,0.305560,0.945234,0.171084,1.008019,80.228287,72.085869
0.9598449,0.308854,0.939864,0.174501,1.004583,79.996704,71.808655
0.9698790,0.311783,0.937302,0.179748,1.004018,79.686806,71.600861
0.9797280,0.313492,0.937912,0.180602,1.005273,79.650330,71.518097
0.9899230,0.311661,0.936326,0.179870,1.003091,79.670082,71.589699
1.0000149,0.306658,0.936936,0.177674,1.001726,79.783539,71.876793
1.0096580,0.304339,0.938522,0.175233,1.002074,79.928886,72.033409
1.0196970,0.303973,0.940719,0.172793,1.003598,80.085808,72.092865
1.0297619,0.307024,0.942915,0.171206,1.006312,80.204491,71.964157
1.0397609,0.308732,0.944990,0.168888,1.008387,80.358498,71.907547
1.0498360,0.307756,0.944502,0.174257,1.008545,80.050476,71.952332
1.0596510,0.306414,0.943403,0.179382,1.008007,79.749207,72.006393
1.0699110,0.301777,0.931689,0.183897,0.996459,79.365067,72.052704
1.0802909,0.301045,0.931078,0.183043,0.995510,79.404823,72.082481
1.0899709,0.301899,0.933885,0.179138,0.997685,79.656235,72.085434
1.0999129,0.304217,0.935838,0.174013,0.999310,79.971794,71.991951
1.1099420,0.306048,0.937302,0.170474,1.000630,80.190865,71.917107
1.1198890,0.304828,0.936204,0.172793,0.999627,80.046028,71.964767
1.1297350,0.304217,0.934861,0.177186,0.998954,79.783325,71.974365
1.1398669,0.307268,0.934983,0.182799,1.001011,79.477928,71.807678
1.1501160,0.313125,0.937302,0.186460,1.005659,79.314934,71.527016
1.1596249,0.316420,0.939376,0.189755,1.009236,79.162857,71.384377
1.1697520,0.320203,0.941695,0.189877,1.012607,79.192345,71.220505
1.1797980,0.322888,0.945234,0.189877,1.016748,79.236885,71.140053
1.1899960,0.322400,0.945722,0.188290,1.016752,79.327911,71.175591
1.1997479,0.321667,0.940231,0.187680,1.011300,79.304878,71.113388
1.2114429,0.321423,0.938522,0.189266,1.009930,79.198593,71.094780
1.2199299,0.321545,0.937668,0.188534,1.009038,79.231247,71.072113
1.2298900,0.319105,0.936570,0.185239,1.006630,79.396034,71.185173
1.2399530,0.318007,0.933763,0.184263,1.003491,79.419189,71.192978
1.2496430,0.317641,0.931200,0.182921,1.000745,79.467987,71.165047
1.2608640,0.318983,0.928638,0.182799,0.998766,79.454010,71.042641
1.2696409,0.318739,0.925465,0.182677,0.995716,79.428482,70.995819
1.2796650,0.317885,0.924367,0.185606,0.994964,79.248779,71.022194
1.2897320,0.317152,0.924245,0.187192,0.994915,79.155235,71.060463
1.3003950,0.316054,0.923269,0.190609,0.994307,78.947990,71.102852
1.3096770,0.316786,0.923269,0.191585,0.994728,78.895424,71.062195
1.3196520,0.316786,0.924977,0.190365,0.996080,78.982201,71.094681
1.3301469,0.316786,0.927784,0.188412,0.998316,79.121323,71.147827
1.3397660,0.315322,0.928150,0.186094,0.997758,79.250710,71.235741
1.3498150,0.311905,0.925953,0.183531,0.994162,79.361671,71.384026
1.3608630,0.308122,0.924001,0.181823,0.990846,79.426170,71.558243
1.3697479,0.309465,0.926685,0.179260,0.993302,79.602928,71.533371
1.3805629,0.313858,0.932421,0.180358,1.000222,79.611702,71.396500
1.3897209,0.317030,0.934617,0.183775,1.003888,79.451752,71.262611
1.4002260,0.314834,0.930956,0.188534,1.000672,79.140137,71.315323
1.4097450,0.312881,0.931078,0.191219,1.000683,78.983696,71.425491
1.4202800,0.313980,0.934129,0.191707,1.003958,78.991699,71.421463
1.4297429,0.316298,0.937424,0.191585,1.007727,79.040451,71.354980
1.4402530,0.318251,0.938644,0.189999,1.009176,79.148102,71.270584
1.4497830,0.318495,0.940353,0.188534,1.010568,79.247742,71.288910
1.4606109,0.318373,0.940597,0.188900,1.010825,79.229393,71.300095
1.4702040,0.316908,0.938766,0.189388,1.008752,79.178772,71.346367
1.4805110,0.316542,0.938034,0.191219,1.008301,79.067955,71.352882
1.4897571,0.317396,0.938522,0.190853,1.008955,79.096298,71.315102
1.4998820,0.318373,0.937790,0.189388,1.008305,79.173920,71.248032
1.5099559,0.320569,0.937546,0.187070,1.008341,79.308411,71.123222
1.5198489,0.322400,0.936814,0.186704,1.008177,79.327812,71.009361
1.5301529,0.322888,0.936448,0.188900,1.008402,79.203201,70.975777
1.5397410,0.322766,0.934861,0.188900,1.006890,79.186790,70.952499
1.5497659,0.318373,0.931689,0.187070,1.002198,79.242088,71.133896
1.5598960,0.315322,0.931200,0.184629,1.000325,79.363976,71.292931
1.5698100,0.314712,0.930712,0.182067,0.999208,79.501434,71.317505
1.5807040,0.314224,0.932909,0.179138,1.000573,79.686417,71.385368
1.5897589,0.313980,0.932177,0.179626,0.999901,79.650978,71.385231
1.5997289,0.315078,0.935471,0.179748,1.003340,79.679756,71.385864
1.6097330,0.317763,0.937790,0.179748,1.006346,79.710922,71.281464
1.6198109,0.320325,0.938888,0.183165,1.008796,79.538895,71.161644
1.6299800,0.320935,0.937302,0.184995,1.007848,79.423111,71.098625
1.6396669,0.321179,0.937302,0.187802,1.008445,79.267181,71.085274
1.6497090,0.318007,0.936570,0.186704,1.006553,79.310402,71.245392
1.6600920,0.315444,0.936448,0.184995,1.005317,79.396179,71.383812
1.6697890,0.313736,0.936692,0.182677,1.004586,79.522873,71.482239
1.6796120,0.315078,0.937546,0.179382,1.005209,79.720360,71.424217
1.6899309,0.315078,0.938278,0.179992,1.006001,79.693222,71.437721
1.6996469,0.315932,0.939132,0.180236,1.007109,79.690575,71.406624
1.7097259,0.315688,0.940963,0.182067,1.009068,79.605156,71.453667
1.7197469,0.316420,0.942671,0.184873,1.011399,79.467705,71.444977
1.7296810,0.319593,0.938278,0.185972,1.008509,79.373703,71.190315
1.7397350,0.321179,0.934373,0.186704,1.005519,79.299271,71.030220
1.7499080,0.318617,0.933397,0.183653,1.003232,79.451874,71.152565
1.7597909,0.316908,0.935593,0.180968,1.004249,79.618423,71.287506
1.7697099,0.318739,0.936814,0.177918,1.005420,79.807343,71.209793
1.7796180,0.319715,0.939132,0.176087,1.007568,79.935036,71.199547
1.7896689,0.317763,0.938278,0.174257,1.005835,80.023399,71.290527
1.7998009,0.314102,0.938400,0.174989,1.004926,79.971893,71.493553
1.8097209,0.310563,0.941573,0.176209,1.007005,79.922295,71.745682
1.8198609,0.310319,0.943037,0.178772,1.008750,79.792053,71.785530
1.8298600,0.310563,0.940963,0.176819,1.006541,79.882332,71.734627
1.8396389,0.311051,0.938644,0.178040,1.004741,79.793304,71.665665
1.8497620,0.315078,0.938034,0.180236,1.005817,79.677185,71.433220
1.8606939,0.317763,0.935593,0.182555,1.004806,79.532272,71.240593
1.8696949,0.319715,0.934007,0.183897,1.004194,79.447922,71.103683
1.8797529,0.318983,0.933885,0.182555,1.003602,79.519577,71.141609
1.8897749,0.316176,0.934129,0.180968,1.002653,79.601723,71.300499
1.8995999,0.313736,0.934007,0.177796,1.001205,79.771065,71.432655
1.9094969,0.311905,0.934251,0.176697,1.000666,79.829391,71.538116
1.9197090,0.311295,0.935715,0.174501,1.001458,79.965164,71.598686
1.9295900,0.311295,0.936692,0.172304,1.001990,80.098076,71.616570
1.9397529,0.313125,0.938400,0.170230,1.003803,80.236313,71.547173
1.9496700,0.314956,0.938766,0.171938,1.005008,80.149300,71.453407
1.9598460,0.316786,0.937180,0.176331,1.004864,79.893539,71.323677
1.9695600,0.318129,0.935715,0.178284,1.004268,79.774307,71.222771
1.9798030,0.319227,0.934251,0.180602,1.003667,79.633591,71.135071
1.9898620,0.321179,0.935349,0.181090,1.005400,79.623375,71.048607
1.9997140,0.323498,0.936936,0.182311,1.007838,79.578224,70.951630
2.0096719,0.322888,0.936448,0.182677,1.007254,79.550949,70.975777
2.0196939,0.318007,0.932787,0.182677,1.002292,79.498627,71.174675
2.0296829,0.315444,0.931445,0.176331,0.999093,79.834534,71.290764
2.0398538,0.324474,0.942549,0.175233,1.012121,80.029884,71.003891
2.0497580,0.327525,0.946088,0.177674,1.016820,79.936783,70.904732
2.0597339,0.324474,0.942793,0.179992,1.013183,79.767075,71.008453
2.0696340,0.320691,0.940963,0.182311,1.010688,79.607941,71.180283
2.0799270,0.320203,0.940108,0.183409,1.009937,79.536774,71.191040
2.0897510,0.322400,0.938766,0.181945,1.009122,79.612770,71.046036
2.1004720,0.327159,0.939376,0.180846,1.011022,79.695770,70.798187
2.1096399,0.329599,0.937180,0.180968,1.009798,79.676102,70.623596
2.1202829,0.327159,0.935715,0.182433,1.007908,79.571899,70.728592
2.1302371,0.322644,0.932177,0.180602,1.002831,79.624847,70.908310
2.1398549,0.319715,0.933153,0.181945,1.003043,79.549110,71.087616
2.1495931,0.317763,0.934861,0.181335,1.003903,79.593567,71.226929
2.1605461,0.317274,0.937180,0.179260,1.005536,79.730812,71.296898
2.1696830,0.317518,0.938278,0.176941,1.006227,79.872070,71.303902
2.1806400,0.320203,0.939498,0.175843,1.008022,79.953705,71.179680
2.1903930,0.321179,0.941085,0.174867,1.009641,80.026237,71.155930
2.1997619,0.320081,0.938400,0.175355,1.006874,79.970345,71.165886
2.2096219,0.319715,0.937790,0.176453,1.006381,79.901878,71.174530
2.2199931,0.319227,0.937424,0.177796,1.006122,79.821587,71.194427
2.2298539,0.318983,0.937912,0.177918,1.006521,79.818604,71.216888
2.2397230,0.318373,0.936570,0.176697,1.004861,79.872299,71.225311
2.2495978,0.317396,0.936082,0.177308,1.004205,79.830246,71.269783
2.2604499,0.318495,0.937546,0.177308,1.005917,79.847740,71.236809
2.2698040,0.319349,0.936570,0.176697,1.005171,79.875458,71.171799
2.2796369,0.320569,0.936692,0.177308,1.005780,79.846344,71.107231
2.2902961,0.321057,0.936936,0.177552,1.006206,79.836571,71.085083
2.2995598,0.322156,0.935838,0.179016,1.005795,79.747604,71.004333
2.3098748,0.321789,0.934861,0.181701,1.005251,79.586464,71.005981
2.3199050,0.323742,0.935105,0.182555,1.006259,79.547554,70.903687
2.3296418,0.320691,0.934861,0.181701,1.004900,79.582787,71.066177
2.3405728,0.317518,0.935105,0.179138,1.003659,79.718468,71.244888
2.3496189,0.314712,0.935227,0.179748,1.002997,79.676193,71.401482
2.3599989,0.314834,0.936692,0.178650,1.004205,79.752426,71.421860
2.3696449,0.315810,0.935960,0.176209,1.003397,79.885681,71.354652
2.3807490,0.317396,0.935838,0.174501,1.003485,79.985649,71.265244
2.3901360,0.319227,0.935715,0.175355,1.004101,79.942352,71.162506
2.4005229,0.319227,0.937180,0.176819,1.005722,79.874001,71.189873
2.4096329,0.319105,0.936204,0.178772,1.005119,79.754784,71.178329
2.4198971,0.317885,0.931811,0.181090,1.001057,79.577858,71.163071
2.4296489,0.315932,0.928516,0.184263,0.997952,79.359772,71.208870
2.4401248,0.313614,0.928394,0.183287,0.996926,79.405785,71.334915
2.4496100,0.313736,0.932543,0.181090,1.000430,79.571251,71.405502
2.4597650,0.316664,0.937424,0.176575,1.005096,79.881760,71.334892
2.4703732,0.318251,0.939620,0.174745,1.007326,80.010124,71.288689
2.4797909,0.317030,0.940108,0.174379,1.007333,80.031342,71.364479
2.4895990,0.315078,0.941329,0.176453,1.008221,79.920494,71.493774
2.5004709,0.316298,0.942549,0.183287,1.010959,79.554497,71.449409
2.5098989,0.316298,0.941329,0.182799,1.009733,79.569839,71.427010
2.5203798,0.318007,0.935471,0.182433,1.004747,79.538727,71.224915
2.5296400,0.319959,0.935471,0.182799,1.005433,79.524734,71.117783
2.5395699,0.322400,0.933153,0.181823,1.003880,79.565002,70.940224
2.5499761,0.322400,0.934007,0.182067,1.004718,79.559654,70.956406
2.5595820,0.319715,0.932055,0.182799,1.002177,79.490311,71.066917
2.5695770,0.317885,0.931567,0.182433,1.001074,79.499908,71.158485
2.5799890,0.314102,0.931567,0.182921,0.999968,79.459717,71.367142
2.5897710,0.315078,0.931322,0.183043,1.000070,79.453697,71.308685
2.5996048,0.315444,0.931078,0.179748,0.999361,79.638206,71.283920
2.6101308,0.316542,0.931322,0.175355,0.999155,79.892036,71.227890
2.6198840,0.318617,0.931567,0.173647,0.999743,79.997490,71.118156
2.6296189,0.319593,0.931322,0.175111,1.000082,79.915718,71.059807
2.6395919,0.320325,0.931933,0.175965,1.001035,79.875748,71.031059
2.6497121,0.318129,0.931445,0.177308,1.000116,79.788223,71.142746
2.6598001,0.319105,0.932665,0.180968,1.002218,79.597160,71.111969
2.6695979,0.321912,0.934617,0.181945,1.005107,79.570808,70.994682
2.6847968,0.324474,0.936936,0.184751,1.008596,79.445145,70.898308
2.6996369,0.327769,0.931567,0.186826,1.005063,79.287285,70.615730
2.7097228,0.324596,0.927418,0.187924,1.000391,79.172623,70.709953
2.7198300,0.322766,0.927051,0.185850,0.999071,79.279251,70.803734
2.7297299,0.324840,0.928516,0.182677,1.000517,79.479782,70.717674
2.7396560,0.325206,0.930224,0.183165,1.002310,79.470436,70.730377
2.7496629,0.325084,0.936448,0.184263,1.008249,79.469696,70.855751
2.7598069,0.328745,0.941451,0.188534,1.014864,79.293800,70.751312
2.7696948,0.338629,0.943159,0.192439,1.020418,79.129570,70.249962
2.7797289,0.351564,0.941207,0.200859,1.024603,78.694756,69.518074
2.7898569,0.360961,0.932787,0.207449,1.021479,78.282486,68.845047
2.7997150,0.366574,0.921072,0.209889,1.013313,78.045685,68.298126
2.8098118,0.368160,0.912774,0.201591,1.004658,78.424644,68.033699
2.8197918,0.367184,0.907649,0.188778,0.997140,79.086914,67.974487
2.8302960,0.363279,0.902646,0.176697,0.988920,79.707283,68.077164
2.8396778,0.357910,0.895690,0.165959,0.978725,80.237389,68.218781
2.8497458,0.356690,0.888246,0.156929,0.969967,80.689316,68.121277
2.8602879,0.357300,0.883731,0.156929,0.966059,80.651321,67.986115
2.8696618,0.357666,0.881779,0.163640,0.965524,80.242210,67.921608
2.8802919,0.359496,0.880192,0.167911,0.965490,79.984581,67.783463
2.8896198,0.364622,0.878240,0.171206,0.966212,79.793686,67.453094
2.8997171,0.366086,0.876776,0.175843,0.966269,79.514793,67.337685
2.9095089,0.365232,0.880070,0.178894,0.969495,79.366692,67.461411
2.9196329,0.368771,0.883121,0.186216,0.974972,78.989090,67.335739
2.9295948,0.374872,0.891297,0.188534,0.985132,78.966690,67.188797
2.9396977,0.383170,0.902280,0.191463,0.998792,78.948311,66.990593
2.9496498,0.392078,0.916557,0.210255,1.018827,78.090294,66.840088
2.9596310,0.415263,0.940475,0.237224,1.055088,77.006660,66.176300
2.9698501,0.450530,0.963660,0.256626,1.094292,76.437057,64.943001
2.9798257,0.490189,0.974399,0.239420,1.116718,77.619896,63.294483
2.9904251,0.509958,0.962928,0.188778,1.105859,80.171051,62.094723
2.9997120,0.491043,0.925953,0.238566,1.074908,77.176941,62.062500
3.0102367,0.465661,0.920950,0.284327,1.070435,74.596329,63.177410
3.0206079,0.440401,0.915825,0.279934,1.054064,74.598846,64.318054
3.0296030,0.430395,0.911676,0.255162,1.039952,75.796936,64.728378
3.0395560,0.416972,0.904964,0.212696,1.018855,77.950317,65.261612
3.0495038,0.386465,0.899961,0.183775,0.996523,79.372894,66.760170
3.0599029,0.338629,0.898985,0.184141,0.978137,79.148911,69.359619
3.0695019,0.290306,0.901914,0.190365,0.966418,78.639610,72.157776
3.0798697,0.263338,0.913872,0.197564,0.971360,78.264771,73.925346
3.0897970,0.254064,0.932665,0.205862,0.988327,77.977631,74.762009
3.0996108,0.255772,0.956948,0.213428,1.013273,77.840584,75.035843
3.1099200,0.255528,0.970250,0.213916,1.025884,77.964432,75.245438
3.1194460,0.260775,0.969761,0.202934,1.024511,78.575386,74.948837
3.1295159,0.268341,0.955362,0.222580,1.016989,77.357796,74.311073
3.1395781,0.301533,0.928150,0.170596,0.990700,80.084396,72.002312
3.1496160,0.329721,0.883853,0.180480,0.960461,79.169159,69.541977
3.1597149,0.361083,0.821863,0.148997,0.909967,80.576019,66.281876
3.1698170,0.393664,0.758896,0.116171,0.862781,82.261765,62.582745
3.1796501,0.410504,0.702031,0.102382,0.819660,82.824562,59.683537
3.1903627,0.412579,0.670425,0.101528,0.793725,82.650986,58.391914
3.1996930,0.427222,0.675795,0.095426,0.805185,83.193604,57.699841
3.2099340,0.470420,0.703617,0.103846,0.852735,83.005135,56.234325
3.2203488,0.527652,0.707400,0.121296,0.890811,82.174057,53.280628
3.2297630,0.600015,0.676527,0.121785,0.912435,82.329727,48.430031
3.2398419,0.662493,0.636623,0.123737,0.927091,82.329956,43.859184
3.2498097,0.702763,0.645653,0.143506,0.965058,81.448318,42.574802
3.2599170,0.681774,0.713623,0.175965,1.002516,79.890862,46.307529
3.2701848,0.621370,0.814053,0.145946,1.034448,81.889297,52.645367
3.2798939,0.554864,0.934007,0.114585,1.092416,83.979103,59.286789
3.2899048,0.501294,1.015400,0.148387,1.142082,82.534653,63.724876
3.2998457,0.499585,1.029189,0.161932,1.155439,81.943611,64.107315
3.3096268,0.541563,1.035291,0.167301,1.180300,81.851181,62.385830
3.3197479,0.590496,1.058598,0.185239,1.226226,81.311371,60.846794
3.3296208,0.613072,1.084224,0.243813,1.269190,78.924561,60.514126
3.3402610,0.605994,1.071899,0.368648,1.285340,73.332924,60.518520
3.3501921,0.551447,1.074218,0.477742,1.298567,68.413872,62.826405
3.3597569,0.440035,1.112169,0.401230,1.261561,71.455414,68.413521
3.3699419,0.254308,1.168058,0.223434,1.216123,79.413086,77.717339
3.3797219,0.025626,1.234564,0.031361,1.235228,88.545151,88.810875
3.3898199,-0.188534,1.327305,-0.138136,1.347726,95.882912,98.084373
3.3997738,-0.375726,1.370992,-0.274198,1.447747,100.917564,105.325867
3.4096839,-0.503368,1.339264,-0.370845,1.478017,104.531197,110.598938
3.4197228,-0.537048,1.250793,-0.408796,1.421274,106.715912,113.237038
3.4298458,-0.477742,1.161224,-0.376214,1.310808,106.679001,112.362869
3.4399199,-0.344731,1.080197,-0.331918,1.181455,106.316315,107.699799
3.4498160,-0.160956,1.022722,-0.276395,1.071569,104.947540,98.943840
3.4599259,0.039293,0.999780,-0.198174,1.019989,101.203293,87.749329
3.4697740,0.232098,1.003929,-0.109704,1.036233,96.077164,76.982498
3.4803319,0.476522,1.003075,0.063089,1.112301,86.748482,64.589439
3.4901607,0.506785,0.969395,0.138991,1.102668,82.758644,62.400127
3.4998331,0.493240,0.906917,0.192805,1.050218,79.421303,61.459805
3.5098259,0.474325,0.857495,0.229658,1.006492,76.810257,61.050732
3.5198288,0.454679,0.826378,0.243203,0.974054,75.541344,61.180111
3.5296969,0.429785,0.805145,0.223678,0.939684,76.229355,61.906784
3.5397701,0.398301,0.793308,0.194026,0.908641,77.670471,63.339844
3.5497389,0.357300,0.804901,0.165227,0.896007,79.373650,66.063309
3.5601399,0.304461,0.838093,0.134354,0.901747,81.431450,70.034981
3.5703721,0.244667,0.882145,0.097501,0.920624,83.920555,74.498375
3.5796869,0.180480,0.925465,0.059184,0.944755,86.408371,78.964920
3.5896671,0.113243,0.956582,0.029165,0.963703,88.265778,83.248611
3.5997679,0.057231,0.979158,0.012569,0.980909,89.265816,86.654884
3.6102939,0.022819,1.001733,0.011471,1.002059,89.344116,88.695038
3.6204839,0.003173,1.028701,0.005857,1.028723,89.673767,89.823288
3.6305830,-0.019281,1.066530,-0.004393,1.066713,90.235962,91.035667
3.6396599,-0.041856,1.135476,-0.001342,1.136248,90.067688,92.111076
3.6498299,-0.056255,1.182335,-0.030385,1.184063,91.470474,92.724060
3.6601820,-0.052716,1.178918,-0.059794,1.181610,92.900627,92.560326
3.6698749,-0.030751,1.146581,-0.032948,1.147466,91.645386,91.536301
3.6798089,-0.040514,1.089838,0.030141,1.091007,88.416901,92.128929
3.6898649,-0.096403,1.036145,0.127642,1.048419,83.007057,95.315475
3.6999197,-0.128008,1.021990,0.163396,1.042855,80.985657,97.139328
3.7095759,-0.106897,1.038830,0.128374,1.052176,82.991982,95.875137
3.7195780,-0.068214,1.095939,0.075414,1.100646,86.071152,93.561638
3.7295589,-0.063455,1.145971,0.027700,1.148061,88.617432,93.169357
3.7397029,-0.100674,1.179285,0.029043,1.183930,88.594345,94.879417
3.7496140,-0.099941,1.232123,0.020013,1.236332,89.072502,94.637291
3.7598760,-0.055279,1.171109,0.029531,1.172784,88.557129,92.702484
3.7704618,-0.001708,1.010275,0.057964,1.011938,86.716309,90.096886
3.7796967,0.060892,0.862864,0.117025,0.872890,82.295349,85.963333
3.7895930,0.129106,0.789525,0.178528,0.819689,77.420181,80.712967
3.8004930,0.185728,0.822107,0.203300,0.866998,76.438614,77.269638
3.8102157,0.215503,0.945234,0.189999,0.987931,78.911812,77.156738
3.8198268,0.197442,1.079465,0.157905,1.108676,81.811707,79.634750
3.8311799,0.124469,1.121443,0.120930,1.134791,83.882591,83.666649
3.8397098,0.018914,1.044687,0.095182,1.049185,84.794952,88.962753
3.8497229,-0.066140,0.917777,0.097257,0.925283,83.966476,94.121887
3.8598909,-0.082003,0.830039,0.102992,0.840414,82.960747,95.642197
3.8698061,-0.012569,0.846757,0.106043,0.853463,82.862549,90.850418
3.8799081,0.077976,0.874579,0.116903,0.885796,82.416237,84.905060
3.8898659,0.153756,0.851028,0.148021,0.877382,80.287331,79.758789
3.8996968,0.206106,0.783180,0.192927,0.832509,76.600349,75.255997
3.9101958,0.244789,0.719969,0.233441,0.795469,72.934616,71.221970
3.9200370,0.283961,0.682262,0.276395,0.788992,69.493500,67.402695
3.9299240,0.353151,0.704593,0.274198,0.834477,70.816963,63.379406
3.9396029,0.457119,0.776590,0.212940,0.925956,76.704826,59.517933
3.9497797,0.559867,0.892029,0.124469,1.060500,83.259750,57.886246
3.9599190,0.537170,0.992093,0.217821,1.149019,79.072235,61.566608
3.9703448,0.464197,1.083858,0.314224,1.220231,75.077538,66.815430
3.9804621,0.415385,1.077269,0.285303,1.189307,76.119949,68.913795
3.9895968,0.374140,1.060307,0.246254,1.151031,77.646538,70.564102
3.9999058,0.301533,1.028091,0.187314,1.087649,80.083130,73.653915
4.0106668,0.192317,0.984649,0.114951,1.009818,83.463661,78.948380
4.0195651,0.091643,0.944624,0.088959,0.953219,84.645096,84.458740
4.0298271,0.031483,0.889955,0.057353,0.892356,86.314949,87.973930
4.0396447,0.006834,0.865183,0.060770,0.867341,85.982285,89.547462
4.0496297,0.008298,0.858959,0.063455,0.861340,85.775192,89.446510
4.0596962,0.019891,0.860058,0.085420,0.864518,84.329552,88.675148
4.0696011,0.039659,0.884952,0.034046,0.886494,87.799004,87.433990
4.0797510,0.061869,0.920828,-0.062479,0.925017,93.872894,86.156197
4.0896449,0.108117,0.959389,-0.053571,0.966947,93.175911,83.570236
4.0995841,0.135818,0.972080,0.087372,0.985403,84.913094,82.046188
4.1096749,0.150583,0.907893,0.152658,0.932872,80.581596,80.582642
4.1196446,0.198174,0.779397,0.080295,0.808195,84.298218,75.733917
4.1321149,0.263216,0.644189,0.040758,0.697082,86.648071,67.775070
4.1495137,0.375482,0.497267,0.212452,0.658329,71.172867,52.943836
4.1595001,0.405501,0.465051,0.304461,0.688041,63.736195,48.913216
4.1695218,0.466027,0.506541,0.354249,0.774117,62.766563,47.385345
4.1795468,0.558281,0.632840,0.316542,0.901312,69.439171,48.581818
4.1895328,0.660907,0.877020,0.245278,1.125221,77.409492,52.998951
4.2005706,0.727413,1.121565,0.156929,1.345981,83.304619,57.033798
4.2095079,0.711305,1.236028,0.070411,1.427823,87.173416,60.080593
4.2195277,0.623688,1.272514,0.052594,1.418114,87.874550,63.889473
4.2295599,0.482867,1.259213,0.043930,1.349337,88.134293,69.019806
4.2395678,0.378777,1.249573,-0.003661,1.305725,90.160637,73.136635
4.2495327,0.327769,1.208205,-0.087861,1.254955,94.014618,74.821785
4.2594829,0.337897,1.080930,-0.051252,1.133671,92.591164,72.640816
4.2698889,0.375116,0.935105,0.188534,1.025026,79.401184,68.141891
4.2795596,0.359862,0.895812,0.456509,1.067886,64.691719,68.113861
4.2896748,0.304583,1.071899,0.487260,1.216208,66.381874,74.137344
4.2995367,0.186704,1.371602,0.245644,1.405877,79.937271,82.248482
4.3097043,0.045761,1.640431,-0.064431,1.642333,92.248375,88.402115
4.3197250,-0.207083,1.701079,-0.168277,1.721880,95.608406,96.940804
4.3296909,-0.502270,1.573681,-0.361815,1.691052,102.354431,107.701454
4.3399110,-0.702519,1.403939,-0.432225,1.628311,105.393341,116.582977
4.3496642,-0.726436,1.206863,-0.401840,1.464822,105.921913,121.044624
4.3601699,-0.595500,1.002953,-0.376824,1.225778,107.903603,120.699562
4.3706040,-0.372553,0.917899,-0.333870,1.045373,108.625381,112.091057
4.3797259,-0.128740,0.935593,-0.281032,0.985336,106.571648,97.834854
4.3901758,0.072485,1.027359,-0.212696,1.051646,101.668587,85.964203
4.3998647,0.241617,1.143408,-0.142163,1.177273,96.935760,78.068207
4.4120002,0.334969,1.150120,0.037951,1.198507,88.185417,73.761978
4.4250107,0.373042,1.014180,0.146068,1.090439,82.301880,69.805176
4.4403481,0.353273,0.922902,0.247352,1.018692,75.947357,69.053925
4.4507875,0.354127,0.842608,0.245400,0.946369,74.971092,67.204193
4.4604988,0.346561,0.876166,0.220262,0.967619,76.842262,68.419067
4.4703188,0.309098,0.940475,0.208547,1.011695,78.103981,71.806259
4.4802475,0.248206,0.992215,0.215014,1.045145,78.127945,75.955467
4.4898496,0.183165,1.015156,0.225509,1.055910,77.668449,79.772148
4.4997730,0.134109,1.026749,0.210865,1.056723,78.489548,82.558403
4.5097661,0.085542,1.032118,0.178040,1.050849,80.245628,85.262146
4.5198398,0.021599,1.042369,0.170352,1.056418,80.720291,88.812935
4.5296440,-0.050398,1.056646,0.186582,1.074176,79.997124,92.730713
4.5397201,-0.107873,1.066286,0.216113,1.093301,78.599266,95.776802
4.5499239,-0.118856,1.072998,0.237712,1.105422,77.582031,96.320885
4.5597501,-0.076146,1.077757,0.234173,1.105529,77.770988,94.041359
4.5697656,0.002807,1.068483,0.224533,1.091823,78.132492,89.849495
4.5797496,0.079929,1.041636,0.209889,1.065574,78.639999,85.612076
4.5902267,0.148631,1.025285,0.165227,1.049095,80.938492,81.751549
4.6004100,0.186216,1.017597,0.164739,1.047530,80.951881,79.629868
4.6098828,0.243081,1.030654,0.141797,1.068383,82.373123,76.729233
4.6197391,0.284937,0.995998,0.133621,1.044536,82.650345,74.035133
4.6296077,0.297750,0.929370,0.170230,0.990637,80.105247,72.235680
4.6398916,0.283106,0.859570,0.207693,0.928518,77.074615,71.770271
4.6497598,0.233197,0.800508,0.239420,0.867476,73.978615,73.758583
4.6598315,0.159735,0.723752,0.225143,0.774610,73.102951,77.554070
4.6706510,0.097623,0.672866,0.205008,0.710146,73.220779,81.744827
4.6797462,0.078953,0.742910,0.220262,0.778887,73.573189,83.933678
4.6899028,0.081637,0.852614,0.242349,0.890139,74.201241,84.530647
4.6997991,0.105799,0.916801,0.255040,0.957477,74.551842,83.417191
4.7101989,0.156075,0.939010,0.282984,0.993066,73.443520,80.563034
4.7198501,0.196466,0.907161,0.336677,0.987366,70.063103,77.780029
4.7296472,0.222336,0.850417,0.378411,0.956994,66.708084,75.348343
4.7398639,0.255406,0.814053,0.388783,0.937586,65.501823,72.580956
4.7502971,0.288598,0.796481,0.364744,0.922338,66.705627,70.082466
4.7597017,0.313736,0.787329,0.310929,0.902770,69.853813,68.273651
4.7698231,0.332406,0.776468,0.254186,0.882047,73.251152,66.824234
4.7795997,0.338874,0.765242,0.218797,0.865045,75.348930,66.114700
4.7895761,0.326915,0.754869,0.198174,0.846152,76.455139,66.583786
4.7996945,0.302875,0.747791,0.178650,0.826342,77.514435,67.950768
4.8098869,0.284449,0.750964,0.179504,0.822849,77.399628,69.254417
4.8198199,0.281032,0.770611,0.165593,0.836804,78.586563,69.963730
4.8296108,0.289696,0.832357,0.101284,0.887131,83.444244,70.809914
4.8396087,0.284693,0.949749,0.049544,0.992737,87.139404,73.313591
4.8497362,0.255772,1.077879,0.055889,1.109218,87.111870,76.651062
4.8602281,0.200005,1.173915,-0.074682,1.193171,93.588531,80.331116
4.8695769,0.085542,1.245790,-0.317152,1.288370,104.250732,86.071953
4.8798180,-0.021843,1.214795,-0.340216,1.261725,105.643044,91.030121
4.8898139,-0.012325,1.036755,-0.022331,1.037069,91.233849,90.681099
4.8996220,0.054547,0.806365,0.290428,0.858806,70.234184,86.130104
4.9096456,0.098599,0.668351,0.438327,0.805323,57.024040,81.607910
4.9196968,0.117392,0.652487,0.412945,0.781053,58.082150,79.800804
4.9295917,0.115073,0.705325,0.361327,0.800801,63.178883,80.733902
4.9397559,0.152292,0.901547,0.148753,0.926341,80.759377,80.411964
4.9496212,0.245644,0.982941,0.057598,1.014806,86.746307,75.968781
4.9597082,0.313370,0.967809,0.063821,1.019278,86.410141,72.058426
4.9699798,0.308976,0.885562,0.077244,0.941091,85.291908,70.765892
4.9795337,0.253698,0.785010,0.083712,0.829223,84.206017,72.090340
4.9898586,0.208547,0.708986,0.085664,0.743970,83.388039,73.608856
4.9994788,0.201225,0.693489,0.025748,0.722552,87.957840,73.819191
5.0096569,0.239054,0.780739,0.007688,0.816553,89.460556,72.975967
5.0198417,0.273588,0.943281,-0.026114,0.982503,91.523056,73.825790
5.0294957,0.234783,1.085201,-0.029287,1.110694,91.510956,77.792213
5.0398445,0.145580,1.158662,0.003417,1.167777,89.832359,82.838593
5.0496187,0.043930,1.227608,0.046005,1.229255,87.855209,87.950531
5.0597258,0.034656,1.357324,0.064553,1.359300,87.278000,88.537399
5.0697389,0.137526,1.528897,0.124225,1.540088,85.373436,84.860001
5.0797987,0.195978,1.614195,0.235759,1.643050,81.750221,83.077652
5.0906606,0.146312,1.599917,0.362913,1.647073,77.271103,84.774841
5.0996141,0.081027,1.592108,0.383780,1.639713,76.464188,87.086563
5.1096559,0.015010,1.587592,0.308244,1.617309,79.012733,89.458328
5.1197376,-0.117880,1.502294,0.203788,1.520629,82.298309,94.486603
5.1297889,-0.338019,1.304852,0.014155,1.347997,89.398323,104.523109
5.1398149,-0.536438,1.114487,-0.072363,1.238985,93.348267,115.702972
5.1497211,-0.610143,0.981232,-0.115073,1.161177,95.687363,121.873894
5.1597557,-0.550105,0.904110,-0.209889,1.078927,101.217567,121.318390
5.1699190,-0.384878,0.902524,-0.305926,1.027750,107.317436,113.095665
5.1796069,-0.180358,0.973422,-0.370235,1.056955,110.504707,100.496880
5.1897659,-0.003173,1.071167,-0.389027,1.139628,109.959969,90.169708
5.1997900,0.094450,1.125836,-0.367062,1.187924,107.998657,85.204498
5.2097869,0.092376,1.135354,-0.267365,1.170063,103.209045,85.348495
5.2202849,0.007810,1.125714,-0.148021,1.135431,97.490700,89.602509
5.2297316,-0.108483,1.100332,-0.040880,1.106422,92.117424,95.630684
5.2399960,-0.179382,1.059697,0.014765,1.074873,89.212906,99.607773
5.2497439,-0.166081,1.026505,0.029775,1.040280,88.359848,99.190399
5.2596149,-0.097379,1.015400,0.076390,1.022915,85.717239,95.478020
5.2703881,-0.005735,1.009421,0.072363,1.012027,85.899681,90.325539
5.2795978,0.073949,0.993313,0.100185,1.001088,84.256416,85.742348
5.2899108,0.123859,0.949871,0.171084,0.973070,79.873680,82.570793
5.2997222,0.134842,0.893616,0.249304,0.937488,74.577888,81.419121
5.3098369,0.126544,0.868356,0.290916,0.924493,71.658714,81.708771
5.3196549,0.114341,0.878850,0.296774,0.934626,71.486267,82.587296
5.3296657,0.105433,0.905697,0.282008,0.954427,72.814049,83.360046
5.3402629,0.088959,0.920218,0.248938,0.957437,74.929634,84.478287
5.3501210,0.050032,0.917167,0.195002,0.939002,78.014206,86.877594
5.3597460,-0.014277,0.905330,0.168522,0.920992,79.456718,90.903496
5.3697720,-0.073461,0.890931,0.174257,0.910780,78.969757,94.713631
5.3799939,-0.093230,0.873237,0.154000,0.891600,80.053802,96.094017
5.3898196,-0.072729,0.849197,0.153634,0.866042,79.781769,94.895126
5.3996906,-0.021233,0.805267,0.165105,0.822293,78.417084,91.510406
5.4096689,0.033192,0.752306,0.172182,0.772472,77.120705,87.473747
5.4199319,0.105311,0.659931,0.053204,0.670395,85.448051,80.933281
5.4296517,0.132889,0.638698,0.159247,0.671531,76.282158,78.246574
5.4396758,0.133743,0.601601,0.299092,0.685031,64.112137,77.466270
5.4497991,0.131303,0.487260,0.318129,0.596547,57.772453,74.918648
5.4596038,0.124591,0.393054,0.289696,0.503923,54.908672,72.412308
5.4697337,0.062723,0.382194,0.236980,0.454054,58.538948,80.680130
5.4796505,0.026236,0.351442,0.262850,0.439648,53.282902,85.730629
5.4902377,0.120442,0.335945,0.224167,0.421445,57.866081,70.276329
5.4999890,0.253453,0.353761,0.140699,0.457364,72.083519,54.380150
5.5098982,0.349612,0.392322,0.080539,0.531631,81.286491,48.294643
5.5195885,0.366696,0.415141,-0.019647,0.554251,92.031395,48.545712
5.5298929,0.326183,0.440279,-0.169132,0.573451,107.153725,53.466969
5.5397258,0.287988,0.511178,-0.190365,0.616829,107.975967,60.603947
5.5498939,0.302509,0.638576,-0.083834,0.711561,96.766106,64.651939
5.5599999,0.376336,0.788549,0.038683,0.874606,87.465027,64.487114
5.5698209,0.510446,0.921438,0.188900,1.070181,79.833305,61.015018
5.5798125,0.619417,1.087397,0.357178,1.301417,74.070580,60.332733
5.5912409,0.609411,1.274833,0.266877,1.437986,79.304436,64.450706
5.5997200,0.388173,1.464832,0.178894,1.525914,83.267319,75.158043
5.6099291,0.039171,1.564041,0.017450,1.564629,89.360977,88.565338
5.6198292,-0.248938,1.565627,-0.158027,1.593151,95.692612,99.034531
5.6297021,-0.410260,1.726339,-0.103724,1.777447,93.345444,103.368217
5.6402478,-0.580246,2.041051,-0.032094,2.122169,90.866516,105.869812
5.6502147,-0.768536,2.310246,-0.003295,2.434727,90.077538,108.400436
5.6597619,-0.975863,2.134525,0.005003,2.347025,89.877861,114.568954
5.6697507,-1.074340,1.592840,-0.030507,1.921529,90.909691,123.998917
5.6798582,-1.022356,1.288744,-0.150949,1.651926,95.242874,128.424835
5.6897311,-0.941573,1.275931,-0.248450,1.605082,98.904602,126.425453
5.6996517,-0.780129,1.419193,-0.360228,1.659058,102.540421,118.797554
5.7103620,-0.564626,1.555621,-0.502636,1.729567,106.894699,109.948814
5.7200227,-0.382316,1.614195,-0.595012,1.762336,109.732338,103.324745
5.7297649,-0.257358,1.596622,-0.529848,1.701815,108.140182,99.156700
5.7396522,-0.174501,1.515962,-0.328135,1.560853,102.135712,96.566360
5.7497702,-0.104701,1.381242,-0.120564,1.390442,94.974327,94.334831
5.7598319,-0.013423,1.251526,0.032948,1.252031,88.492065,90.614502
5.7701874,0.053204,1.124250,0.115439,1.131413,84.143867,87.290527
5.7797918,0.103846,1.030654,0.132035,1.044253,82.736099,84.246422
5.7898521,0.173281,0.990262,0.147533,1.016076,81.651237,80.074608
5.7996039,0.243691,0.985625,0.153390,1.026826,81.408844,76.112404
5.8096828,0.271392,0.960975,0.191341,1.016729,79.152679,74.229645
5.8200259,0.240030,0.905330,0.245400,0.968224,75.318054,75.150810
5.8297000,0.169742,0.847733,0.271148,0.906082,72.587265,78.677376
5.8397899,0.081393,0.812345,0.237834,0.850349,73.758316,84.278328
5.8498726,0.000610,0.798311,0.178894,0.818110,77.369232,89.956207
5.8599796,-0.072241,0.789281,0.115561,0.800961,81.704521,95.229568
5.8698134,-0.143750,0.776590,0.065895,0.792527,85.230576,100.486961
5.8797541,-0.216967,0.762069,0.011715,0.792440,89.152954,105.892067
5.8898630,-0.276761,0.744497,-0.033680,0.794988,92.428078,110.392235
5.8995967,-0.295309,0.729609,-0.080783,0.791241,95.859909,112.035637
5.9095058,-0.270660,0.700322,-0.018670,0.751037,91.424492,111.130447
5.9199319,-0.242837,0.593913,0.036975,0.642705,86.701965,112.238480
5.9295735,-0.246376,0.521550,0.011959,0.576939,88.812286,115.285645
5.9394917,-0.256992,0.400864,-0.007688,0.476231,90.924965,122.663765
5.9496465,-0.259555,0.291648,-0.059672,0.394954,98.689873,131.667740
5.9597135,-0.278347,0.255528,-0.081637,0.386570,102.191711,137.447495
5.9703689,-0.331796,0.319105,-0.018060,0.460698,92.246681,136.116989
5.9801197,-0.406965,0.453702,0.060282,0.612455,84.351395,131.891708
5.9898129,-0.444672,0.608069,0.171450,0.772578,77.178185,126.177498
5.9996052,-0.371089,0.762313,0.275785,0.891563,71.981316,115.956528
6.0097370,-0.214770,0.853224,0.188412,0.899787,77.913017,104.128754
6.0204177,-0.092864,0.862498,0.102626,0.873533,83.253082,96.145271
6.0296936,-0.026236,0.850540,0.007322,0.850976,89.507027,91.766815
6.0395770,-0.035754,0.814785,-0.125567,0.825179,98.752701,92.512642
6.0499830,-0.096281,0.779275,-0.099941,0.791535,97.253685,97.043289
6.0597367,-0.117636,0.766706,-0.023796,0.776043,91.757118,98.722862
6.0698271,-0.069190,0.808196,0.058696,0.813273,85.861237,94.893204
6.0796890,0.058696,0.898985,0.098599,0.906279,83.754105,86.264397
6.0896440,0.213184,1.023942,0.106287,1.051286,84.197380,78.239075
6.0995965,0.352785,1.168546,0.064553,1.222344,86.972748,73.200905
6.1096506,0.474813,1.300581,-0.035144,1.384989,91.454041,69.943985
6.1196399,0.504954,1.367575,-0.109460,1.461924,94.293968,69.734161
6.1295848,0.453336,1.447748,-0.157295,1.525198,95.919487,72.612984
6.1404228,0.312393,1.527554,-0.095914,1.562117,93.520195,78.442062
6.1498637,0.157905,1.619076,0.054303,1.627664,88.088120,84.429680
6.1598506,0.125934,1.844951,0.095792,1.851723,87.034676,86.095131
6.1699786,0.161932,2.223361,0.261263,2.244508,83.315552,85.834389
6.1798158,0.047835,2.408845,0.306536,2.428742,82.749260,88.862358
6.1897378,-0.218553,2.228243,0.005369,2.238942,89.862595,95.601837
6.1997299,-0.602455,1.806268,-0.203300,1.914912,96.094383,108.445404
6.2097187,-1.076903,1.455435,-0.213672,1.823093,96.730713,126.498398
6.2196989,-1.446405,1.277030,-0.283717,1.950228,98.364998,138.558762
6.2307410,-1.482770,1.247621,-0.368893,1.972624,100.778107,139.922333
6.2401729,-1.161346,1.251403,-0.388051,1.750805,102.805458,132.862396
6.2497897,-0.763777,1.243228,-0.356568,1.502036,103.732521,121.564491
6.2596769,-0.379997,1.254454,-0.339972,1.354118,104.540550,106.852516
6.2702308,-0.062845,1.290575,-0.331796,1.334024,104.401657,92.787827
6.2804480,0.144482,1.309611,-0.269439,1.344825,101.557579,83.704346
6.2905469,0.265534,1.271904,-0.145214,1.307416,96.376976,78.207787
6.2996259,0.299580,1.165251,-0.012813,1.203214,90.610153,75.581802
6.3096948,0.351931,1.055792,0.051862,1.114110,87.331902,71.565056
6.3196220,0.497267,0.965368,0.052350,1.087176,87.239998,62.746754
6.3296962,0.647850,0.879582,0.111168,1.098059,84.189384,53.626770
6.3395796,0.658588,0.774394,0.227217,1.041658,77.400757,49.620266
6.3498607,0.519110,0.674696,0.284693,0.897630,71.508713,52.425400
6.3597589,0.392810,0.643213,0.239420,0.790787,72.376442,58.587585
6.3696017,0.256260,0.587568,0.159125,0.660474,76.058807,66.436203
6.3794818,0.153024,0.571216,0.116171,0.602661,78.885872,75.003090
6.3896422,0.093718,0.594157,-0.062723,0.604765,95.953094,81.036438
6.3994660,-0.017328,0.616000,-0.158027,0.636183,104.382767,91.611305
6.4095516,-0.102748,0.546688,-0.244179,0.607494,113.699844,100.644363
6.4196649,-0.189388,0.571460,-0.297384,0.671470,116.288086,108.335793
6.4299626,-0.283350,0.645898,-0.275541,0.757228,111.338722,113.686707
6.4395518,-0.337287,0.713379,-0.258335,0.830307,108.127434,115.304871
6.4495230,-0.301411,0.734978,-0.218553,0.823898,105.382851,112.298271
6.4595165,-0.172060,0.745107,-0.153024,0.779875,101.315758,103.002838
6.4695501,-0.007566,0.773784,-0.071997,0.777163,95.315544,90.560196
6.4800100,0.105799,0.814663,0.001952,0.821507,89.863823,82.600517
6.4899778,0.094938,0.862986,0.055523,0.869967,86.340782,83.722061
6.4995170,-0.007322,0.867013,0.139113,0.878133,80.884880,90.483841
6.5095539,-0.089691,0.834798,0.252843,0.876848,73.240509,96.132362
6.5196009,-0.075658,0.801972,0.290672,0.856372,70.158295,95.389313
6.5299020,0.020989,0.777200,0.203666,0.803717,75.320908,88.453056
6.5399528,0.115561,0.770367,0.145580,0.792473,79.414436,81.468788
6.5499401,0.123493,0.819178,0.186216,0.849105,77.331596,81.427086
6.5598617,0.025382,0.931689,0.269927,0.970334,73.848404,88.439476
6.5698309,-0.035632,1.052741,0.266755,1.086596,75.788879,91.938560
6.5795040,0.082125,1.150730,0.162908,1.165102,81.962387,85.917839
6.5895405,0.308610,1.172939,-0.070777,1.214922,93.339722,75.259079
6.5994458,0.440401,1.170377,-0.213428,1.268576,99.685631,69.379173
6.6095009,0.410992,1.140602,-0.179260,1.225570,98.410637,70.184410
6.6196518,0.298238,1.094719,-0.118124,1.140749,95.943588,74.760559
6.6297197,0.205496,1.122907,-0.011349,1.141612,90.569580,79.629417
6.6397586,0.085908,1.212965,-0.069800,1.218005,93.285255,85.948792
6.6495557,-0.030751,1.314004,-0.255162,1.338903,100.986366,91.340630
6.6598105,-0.124347,1.461415,-0.307756,1.498636,101.850433,94.863403
6.6694579,-0.221604,1.739762,-0.278103,1.775731,99.010376,97.259018
6.6802158,-0.339118,2.098770,-0.338019,2.152695,99.034058,99.178474
6.6894865,-0.618807,2.290599,-0.337531,2.396601,98.096313,105.117622
6.6996088,-1.068605,2.271685,-0.137892,2.514256,93.143921,115.192375
6.7095771,-1.492166,2.060941,0.112266,2.546889,87.473595,125.905350
6.7194839,-1.686924,1.668253,0.204398,2.381294,85.075966,135.318832
6.7294970,-1.482648,1.460927,0.195368,2.090627,84.637917,135.422791
6.7397938,-1.075438,1.472031,0.043686,1.823555,88.627251,126.151161
6.7495666,-0.578050,1.641529,-0.199761,1.751760,96.547935,109.399254
6.7599869,-0.143140,1.851052,-0.422219,1.903983,102.812172,94.421814
6.7696190,0.096037,1.912311,-0.513496,1.982381,105.012527,87.125015
6.7804737,0.159003,1.764412,-0.424782,1.821777,103.483711,84.850594
6.7900777,0.103236,1.536950,-0.234295,1.558130,98.648331,86.157242
6.7996507,-0.011959,1.314980,-0.001830,1.315036,90.079750,90.521049
6.8097696,-0.166935,1.150608,0.131181,1.170032,83.562622,98.255119
6.8196807,-0.263216,1.038098,0.191341,1.087906,79.870132,104.227837
6.8295808,-0.287988,0.956704,0.178284,1.014892,79.882477,106.752869
6.8400116,-0.280300,0.883609,0.115195,0.934132,82.916389,107.600143
6.8496728,-0.284083,0.838703,0.017694,0.885685,88.855270,108.712097
6.8598919,-0.317274,0.843828,-0.066140,0.903926,94.196030,110.605972
6.8696637,-0.483843,0.897276,-0.195734,1.038037,100.868851,118.335129
6.8798180,-0.561454,0.889711,-0.119832,1.058856,96.498161,122.254059
6.8897529,-0.561332,0.838459,0.011471,1.009078,89.348679,123.801529
6.8995867,-0.475057,0.781593,0.132401,0.924174,81.763222,121.291504
6.9094787,-0.331186,0.792088,0.224899,0.887506,75.320885,112.690651
6.9194970,-0.178040,0.863108,0.201225,0.903961,77.137985,101.655342
6.9298549,-0.055889,0.910212,0.177552,0.929050,78.982368,93.513680
6.9397349,0.006956,0.865183,0.225387,0.894086,75.398987,89.539383
6.9495568,0.019158,0.726803,0.271514,0.776098,69.522202,88.490036
6.9597144,0.005003,0.584151,0.256626,0.638055,66.284180,89.509285
6.9695387,-0.045273,0.535950,0.230512,0.585173,66.801292,94.828415
6.9796238,-0.108850,0.551813,0.177308,0.589732,72.502892,101.158783
6.9895668,-0.171694,0.521550,0.132279,0.564793,76.455063,108.221535
6.9995437,-0.216235,0.427222,0.103236,0.489831,77.833160,116.845848
7.0099168,-0.220750,0.356934,0.095670,0.430447,77.158302,121.735199
7.0195775,-0.191219,0.336799,0.090179,0.397656,76.892624,119.585899
7.0299435,-0.147411,0.316908,0.048445,0.352857,82.108665,114.945595
7.0398197,-0.095548,0.285059,-0.037951,0.303032,97.194458,108.530556
7.0495267,-0.031239,0.271026,-0.073339,0.282506,105.046486,96.575089
7.0595231,0.040880,0.288842,0.014887,0.292100,87.078529,81.944466
7.0695238,0.112999,0.330942,0.095792,0.362584,74.680946,71.147766
7.0796018,0.173891,0.380607,0.211964,0.469072,63.135708,65.445419
7.0894909,0.279324,0.475057,0.470176,0.724408,49.530056,59.545391
7.0995259,0.413555,0.618075,0.662371,0.995882,48.309200,56.213451
7.1095586,0.509592,0.718016,0.683238,1.114471,52.188862,54.635868
7.1194477,0.544248,0.750476,0.536682,1.071190,59.932838,54.050255
7.1296458,0.477864,0.721921,0.313492,0.920761,70.094490,56.498077
7.1395965,0.356812,0.666032,0.089447,0.760864,83.248711,61.820824
7.1499619,0.212818,0.586592,0.080783,0.629211,82.623573,70.059013
7.1595612,0.084688,0.480671,0.052472,0.490887,83.863762,80.007790
7.1695347,-0.008176,0.334847,-0.200005,0.390117,120.842491,91.398705
7.1794662,-0.253209,0.382804,0.189999,0.496743,67.512054,123.483040
7.1895804,-0.470420,0.786719,0.932299,1.307441,44.514645,120.877419
7.1994815,-0.348270,1.353908,0.617953,1.528471,66.153053,104.425613
7.2095242,0.030385,1.674355,-0.566213,1.767762,108.681015,88.960350
7.2196908,0.370723,1.638356,-0.866403,1.890053,117.284004,77.249977
7.2295341,0.346683,1.400156,-0.388417,1.493819,105.071022,76.093071
7.2395234,0.123859,1.125958,-0.040880,1.133487,92.066841,83.722519
7.2495918,0.036609,0.910822,-0.015498,0.911689,90.974007,87.698357
7.2598128,0.088715,0.766096,-0.118856,0.780320,98.761215,83.394501
7.2694998,0.138991,0.713135,-0.067604,0.729692,95.315910,78.971268
7.2795320,0.164861,0.887148,0.004271,0.902346,89.728806,79.472687
7.2895818,0.240274,1.561722,0.065285,1.581446,87.634041,81.253502
7.2995062,0.120320,2.467663,0.148509,2.475054,86.560059,87.208542
7.3096581,-0.502636,2.858643,0.328379,2.921012,83.545189,99.972397
7.3195214,-1.372944,2.202250,0.483599,2.639839,79.444214,121.940559
7.3295078,-1.842876,1.395031,0.362791,2.339642,81.079567,142.874802
7.3398576,-1.780764,1.129863,0.038683,2.109314,88.949181,147.605591
7.3496556,-1.386611,1.202470,-0.274930,1.855859,98.519264,139.068161
7.3597226,-0.976473,1.347074,-0.549007,1.752003,108.261803,125.937775
7.3695359,-0.515083,1.525358,-0.477376,1.679260,106.515671,108.658798
7.3794389,-0.434178,1.552326,-0.323620,1.644067,101.352295,105.626038
7.3899636,-0.333016,1.618100,-0.222580,1.666940,97.673409,101.629486
7.3999796,-0.143750,1.694001,-0.188656,1.710525,96.332115,94.850388
7.4095798,0.044907,1.631523,-0.165837,1.640544,95.801743,88.423370
7.4197979,0.118612,1.376849,-0.055645,1.383068,92.305809,85.076279
7.4295869,0.141065,1.175136,0.079807,1.186260,86.142456,83.154877
7.4396515,0.153268,1.036023,0.193659,1.065053,79.523590,81.584770
7.4494939,0.155098,0.913628,0.246010,0.958798,75.132683,80.365273
7.4595428,0.143872,0.787207,0.239298,0.835259,73.351715,79.642792
7.4695969,0.124347,0.698858,0.213306,0.741191,73.274414,79.910995
7.4794607,0.112510,0.646874,0.154976,0.674627,76.719322,80.133278
7.4895449,0.096281,0.629546,0.115805,0.647309,79.694160,81.304756
7.4994421,0.053571,0.678845,0.104090,0.688865,81.309082,85.487900
7.5095310,-0.030019,0.780983,0.074315,0.785085,84.568306,92.201225
7.5195360,-0.146800,0.889345,0.008176,0.901416,89.480316,99.373062
7.5295687,-0.258091,0.959999,-0.053815,0.995543,93.098663,105.047852
7.5395808,-0.340948,0.949871,-0.161932,1.022117,99.115669,109.745163
7.5496497,-0.398423,0.903744,-0.208913,1.009524,101.943207,113.790703
7.5596242,-0.434300,0.878606,-0.152658,0.991902,98.853249,116.303444
7.5696869,-0.426124,0.879582,-0.115805,0.984204,96.757294,115.848412
7.5796371,-0.346317,0.902280,-0.063577,0.968549,93.763680,110.998039
7.5896707,-0.225265,0.938278,-0.005491,0.964956,90.326057,103.500244
7.5995770,-0.121907,0.957681,0.072363,0.968117,85.713364,97.254372
7.6096230,-0.088593,0.950115,0.179260,0.970928,79.360580,95.327103
7.6197467,-0.098355,1.002953,0.273222,1.044145,74.830788,95.600830
7.6295948,-0.071387,1.150730,0.244301,1.178541,78.036339,93.549858
7.6402340,-0.024406,1.179041,0.216601,1.199020,79.592476,91.185837
7.6496091,0.020379,0.905697,0.294821,0.952691,71.973228,88.711021
7.6595879,0.054669,0.583053,0.365964,0.690557,57.997604,84.643433
7.6697116,0.095670,0.456021,0.317152,0.563643,55.758453,78.151527
7.6798029,0.114463,0.549007,0.210499,0.599016,69.426506,78.223068
7.6898150,0.074437,0.741568,0.146312,0.759520,78.893234,84.267937
7.6996770,-0.019403,0.905818,0.114707,0.913259,82.784492,91.227081
7.7096477,-0.104701,0.995387,0.108361,1.006728,83.820869,96.004616
7.7197785,-0.136550,1.013570,0.121663,1.029938,83.216034,97.672798
7.7298222,-0.117514,0.983551,0.148875,1.001671,81.452660,96.813339
7.7398114,-0.085786,0.935838,0.216967,0.964482,76.999657,95.237541
7.7495890,-0.049422,0.885318,0.286401,0.931802,72.099640,93.195137
7.7598181,-0.012325,0.829917,0.329721,0.893101,68.334518,90.850822
7.7697339,0.043076,0.777078,0.356324,0.855963,65.399811,86.827148
7.7797437,0.100674,0.729609,0.381828,0.829613,62.596886,82.143768
7.7897229,0.147899,0.702397,0.393664,0.818662,61.258198,78.109337
7.7997718,0.198419,0.728511,0.395861,0.852528,62.332630,74.764374
7.8102708,0.218553,0.728511,0.392932,0.856090,62.678375,73.300758
7.8196311,0.234051,0.723142,0.400986,0.859362,62.185600,72.065392
7.8297915,0.236613,0.710451,0.415385,0.856313,60.981876,71.579811
7.8397522,0.239908,0.685679,0.417582,0.837906,60.108189,70.715858
7.8497396,0.263826,0.685801,0.405013,0.839025,61.136879,68.958389
7.8596358,0.356568,0.799043,0.382194,0.954821,66.404449,65.951515
7.8753748,0.406233,0.862986,0.331918,1.009921,70.812706,64.792244
7.8914609,0.457241,0.967809,0.263216,1.102273,76.184654,64.711609
7.9001975,0.458462,1.024552,0.251623,1.150308,77.364723,65.892677
7.9095407,0.434666,1.072510,0.244545,1.182799,78.067955,67.938301
7.9195409,0.380973,1.100942,0.246742,1.190838,78.041679,70.912178
7.9294758,0.302631,1.072266,0.216723,1.135036,78.992409,74.239067
7.9396157,0.220750,1.004784,0.203910,1.048761,78.788620,77.609047
7.9495101,0.155953,0.933031,0.184873,0.963870,78.941963,80.510948
7.9595485,0.108605,0.868234,0.190365,0.895468,77.726021,82.870026
7.9695306,0.088105,0.835530,0.188656,0.861083,77.344299,83.980537
7.9797010,0.059672,0.834432,0.188290,0.857491,77.315475,85.909622
7.9899015,0.006590,0.828696,0.136550,0.839897,80.643349,89.544411
7.9995947,-0.034534,0.814297,-0.002441,0.815033,90.171570,92.428444
8.0099287,-0.038683,0.797091,-0.094450,0.803599,96.749802,92.778404
8.0197124,-0.012569,0.773173,-0.139113,0.785689,100.198448,90.931335
8.0296106,0.012203,0.754503,-0.080295,0.758862,96.073814,89.073418
8.0397005,0.038195,0.732172,0.015132,0.733324,88.817665,87.013779
8.0494928,0.074193,0.716308,0.146922,0.734975,78.468811,84.086533
8.0595407,0.118734,0.739005,0.292137,0.803474,68.679054,80.872459
8.0697079,0.196954,0.803925,0.345585,0.896947,67.338242,76.234192
8.0799894,0.293113,0.880437,0.311051,0.978691,71.468658,71.586494
8.0896587,0.388905,0.912530,0.232342,1.018794,76.817329,66.917099
8.0995979,0.466027,0.894592,0.205130,1.029347,78.505035,62.483261
8.1099091,0.528750,0.860912,0.262728,1.043921,75.423416,58.442822
8.1198330,0.560233,0.836018,0.326305,1.057952,72.035332,56.173126
8.1296062,0.567189,0.870552,0.328501,1.089714,72.454918,56.914635
8.1395855,0.579148,0.997706,0.298238,1.191543,75.504997,59.865715
8.1500731,0.597818,1.174892,0.224045,1.337144,80.354332,63.031715
8.1596832,0.579758,1.316933,0.131059,1.444856,84.795708,66.239296
8.1696434,0.485064,1.356226,0.042344,1.440982,88.316093,70.320053
8.1796246,0.371089,1.326207,-0.026114,1.377394,91.086342,74.367729
8.1896381,0.257236,1.255431,-0.044174,1.282274,91.974228,78.420433
8.1996689,0.140699,1.154879,0.006834,1.163438,89.663467,83.053879
8.2097111,0.074193,1.125714,0.081637,1.131106,85.861099,86.229210
8.2196608,0.020623,1.196857,0.123737,1.203413,84.098320,89.012840
8.2296228,-0.100552,1.331088,0.090545,1.337948,86.119560,94.319969
8.2395849,-0.302143,1.453483,0.059062,1.485729,87.721733,101.743126
8.2495651,-0.514107,1.473496,0.007444,1.560625,89.726715,109.234016
8.2596397,-0.637111,1.417118,-0.115073,1.558004,94.235680,114.207840
8.2698498,-0.656392,1.368063,-0.230268,1.534754,98.628998,115.631538
8.2795811,-0.595622,1.282399,-0.283350,1.442082,101.331612,114.912933
8.2896700,-0.507761,1.158418,-0.234783,1.286420,100.515930,113.668945
8.2995720,-0.386953,1.088495,-0.142407,1.163974,97.027512,109.569954
8.3098469,-0.230390,1.080319,-0.104334,1.109529,95.395775,102.038612
8.3195591,-0.053082,1.114731,-0.120320,1.122462,96.153534,92.726311
8.3297462,0.100185,1.147923,-0.143628,1.161204,97.105034,85.012123
8.3398046,0.208303,1.177454,-0.047835,1.196694,92.290886,79.967636
8.3497305,0.304095,1.181359,0.024406,1.220114,88.853844,75.564796
8.3597050,0.315444,1.140602,0.089813,1.186821,85.659973,74.540718
8.3698158,0.298604,1.066286,0.181213,1.122038,80.705849,74.355568
8.3797445,0.271636,0.985381,0.244057,1.050869,76.570824,74.588295
8.3896189,0.252965,0.912896,0.247962,0.979212,75.331490,74.511841
8.3997793,0.259067,0.866159,0.235149,0.934153,75.420425,73.348160
8.4098692,0.268341,0.835530,0.220994,0.904962,75.865295,72.194923
8.4198160,0.250281,0.830527,0.211354,0.892797,76.306252,73.229729
8.4296618,0.231732,0.834066,0.160834,0.880473,79.474831,74.472862
8.4400434,0.245278,0.816005,0.127154,0.861507,81.512436,73.270103
8.4498539,0.267975,0.777566,0.154366,0.836809,79.369759,70.984375
8.4600849,0.241617,0.731684,0.203300,0.796913,75.219955,71.725739
8.4698553,0.163396,0.709596,0.212086,0.758423,73.761261,77.032730
8.4798193,0.097379,0.721677,0.194636,0.753780,75.035950,82.315262
8.4896250,0.070166,0.732782,0.163762,0.754129,77.458054,84.530403
8.4996367,0.072851,0.727047,0.113975,0.739523,81.134277,84.277985
8.5097122,0.090789,0.737541,0.046859,0.744584,86.391815,82.982346
8.5200548,0.108728,0.803559,-0.038805,0.811809,92.739830,82.294250
8.5297394,0.142163,0.871406,-0.171084,0.899349,100.966263,80.734261
8.5397472,0.159980,0.854078,-0.100430,0.874717,96.592888,79.390724
8.5498562,0.201835,0.756089,0.097257,0.788586,82.915634,75.053619
8.5606422,0.289940,0.685191,0.176209,0.764592,76.675735,67.064240
8.5707579,0.339484,0.707034,0.156197,0.799715,78.736847,64.351921
8.5797205,0.346561,0.778299,0.133377,0.862347,81.102478,65.997513
8.5898256,0.405623,0.889833,0.160102,0.990941,80.702248,65.494507
8.6000080,0.511422,1.009055,0.226729,1.153755,78.666809,63.122616
8.6096096,0.601235,1.058720,0.282130,1.249788,76.953461,60.408260
8.6203861,0.631986,1.077391,0.358154,1.299404,74.000473,59.604553
8.6295128,0.621614,1.114121,0.413555,1.341155,72.039742,60.841068
8.6397200,0.604896,1.112657,0.441744,1.341284,70.771042,61.469292
8.6496582,0.546322,1.039318,0.394030,1.238511,71.449005,62.271137
8.6594648,0.473349,0.964270,0.404037,1.147659,69.387070,63.854115
8.6695547,0.429663,1.000269,0.455411,1.180062,67.299065,66.754181
8.6798468,0.427222,1.138039,0.368648,1.270257,73.129135,69.423759
8.6899405,0.420145,1.278860,0.177918,1.357814,82.470741,71.813072
8.6994772,0.368893,1.331088,0.129228,1.387291,84.655060,74.510025
8.7096796,0.314102,1.236760,0.147411,1.284510,83.410210,75.749802
8.7197428,0.305316,1.071899,0.135940,1.122794,83.045975,74.101135
8.7296314,0.336921,0.953654,0.122761,1.018843,83.079597,70.541946
8.7396116,0.389149,0.913018,0.116903,0.999353,83.282211,66.915184
8.7498655,0.451872,0.914116,0.100185,1.024614,84.388725,63.695591
8.7596149,0.509347,0.923146,0.078586,1.057265,85.737282,61.112217
8.7694759,0.554620,0.924611,0.068824,1.080391,86.347618,59.042915
8.7798157,0.581344,0.921438,0.079319,1.092383,85.836052,57.751770
8.7896109,0.589276,0.918998,0.097135,1.096010,84.915443,57.331348
8.7994862,0.571826,0.917533,0.125323,1.088374,83.387878,58.067966
8.8096771,0.536804,0.920340,0.159247,1.077285,81.499222,59.746399
8.8196983,0.505443,0.918021,0.169620,1.061606,80.806068,61.163776
8.8303518,0.464197,0.888246,0.143262,1.012415,81.865067,62.408466
8.8396988,0.461268,0.879948,0.127032,1.001606,82.713661,62.336510
8.8494701,0.454313,0.867135,0.117636,0.985983,83.147835,62.348900
8.8595142,0.437107,0.848465,0.115805,0.961439,83.081940,62.743683
8.8699331,0.413311,0.831137,0.119710,0.935919,82.651375,63.559586
8.8795471,0.394519,0.822717,0.119466,0.920207,82.540504,64.380821
8.8894835,0.382316,0.817470,0.109094,0.909023,83.107216,64.935364
8.8995209,0.373408,0.814297,0.090545,0.900395,84.228485,65.365494
8.9097748,0.369869,0.815883,0.058696,0.897727,86.251175,65.613533
8.9196692,0.368282,0.823693,0.039903,0.903158,87.467735,65.910049
8.9296722,0.377923,0.835774,0.038073,0.918038,87.623146,65.668335
8.9397449,0.385732,0.845780,0.052228,0.931054,86.784256,65.483841
8.9494629,0.386587,0.854689,0.080905,0.941535,85.070564,65.662148
8.9597063,0.400498,0.867746,0.099697,0.960896,84.044579,65.224861
8.9697189,0.436008,0.883975,0.105677,0.991304,83.880424,63.745834
8.9797201,0.490799,0.884830,0.107507,1.017529,83.935081,60.983654
8.9898071,0.544492,0.863108,0.128862,1.028607,82.803169,57.754234
8.9996042,0.581222,0.835286,0.149729,1.028563,81.629639,55.168400
9.0098190,0.582077,0.816982,0.159857,1.015789,80.945564,54.531189
9.0195665,0.555230,0.817226,0.158393,1.000613,80.891991,55.807468
9.0294390,0.528750,0.829062,0.142896,0.993650,81.731697,57.471550
9.0396109,0.519476,0.842852,0.119710,0.997289,83.105843,58.353172
9.0495968,0.520940,0.838947,0.108483,0.993468,83.730988,58.161976
9.0596056,0.520330,0.830893,0.110558,0.986585,83.565849,57.943970
9.0694647,0.504222,0.835530,0.106165,0.981642,83.791298,58.890030
9.0797863,0.477742,0.855299,0.097135,0.984484,84.337662,60.813694
9.0895348,0.453092,0.885196,0.081637,0.997762,85.306793,62.894112
9.0995331,0.445649,0.910578,0.068214,1.016075,86.150558,63.922272
9.1096382,0.456021,0.916679,0.078586,1.026855,85.610794,63.550999
9.1194639,0.472129,0.900693,0.091277,1.021022,84.871017,62.337200
9.1298485,0.481525,0.884952,0.093230,1.011779,84.713013,61.448250
9.1397333,0.484820,0.879582,0.091399,1.008498,84.800194,61.136749
9.1499662,0.490555,0.886050,0.082491,1.016137,85.343529,61.029209
9.1596889,0.489579,0.897032,0.076024,1.024761,85.745491,61.375343
9.1696739,0.476278,0.905940,0.073095,1.026115,85.915085,62.267868
9.1798687,0.456143,0.910456,0.083346,1.021735,85.321037,63.388889
9.1895943,0.444550,0.912164,0.104579,1.020100,84.115822,64.017349
9.1997185,0.447967,0.911066,0.125445,1.022962,82.956116,63.816856
9.2099285,0.462611,0.919364,0.128862,1.037229,82.863304,63.289120
9.2196255,0.478108,0.936204,0.117025,1.057714,83.647797,62.947132
9.2298222,0.488359,0.950481,0.101772,1.073436,84.559647,62.805832
9.2395573,0.485552,0.953654,0.089447,1.073879,85.222107,63.017120
9.2495413,0.462733,0.948773,0.080295,1.058649,85.650139,64.000717
9.2595043,0.433690,0.941573,0.076634,1.039480,85.772125,65.269135
9.2698402,0.410260,0.935593,0.071997,1.024125,85.968727,66.322418
9.2797022,0.394763,0.929492,0.054547,1.011320,86.908180,66.988686
9.2896767,0.380851,0.924123,0.036975,1.000209,87.881470,67.602364
9.2996244,0.366818,0.924245,0.024528,0.994679,88.586998,68.352661
9.3098497,0.357056,0.928882,0.013423,0.995234,89.227203,68.973587
9.3197947,0.358398,0.949871,0.018792,1.015410,88.939552,69.327888
9.3302069,0.363523,0.956948,0.030873,1.024135,88.272522,69.199341
9.3395452,0.372919,0.946576,0.041246,1.018222,87.678452,68.497208
9.3496389,0.387807,0.924977,0.055157,1.004499,86.852310,67.253586
9.3596287,0.402694,0.909723,0.073461,0.997575,85.776924,66.123138
9.3695822,0.412701,0.906185,0.085298,0.999384,85.103813,65.514206
9.3795357,0.418192,0.910456,0.088715,1.005825,84.939880,65.329651
9.3894749,0.415629,0.913872,0.086274,1.007648,85.088356,65.543938
9.3995962,0.406355,0.919486,0.084200,1.008795,85.212204,66.157562
9.4096136,0.395007,0.929126,0.083346,1.013041,85.280792,66.967819
9.4197035,0.385732,0.940597,0.081759,1.019900,85.402016,67.701790
9.4295998,0.381950,0.945112,0.081881,1.022656,85.407570,67.994804
9.4399776,0.384756,0.939742,0.079807,1.018588,85.506248,67.734467
9.4498987,0.388661,0.931200,0.077488,1.012026,85.608711,67.345490
9.4598932,0.390614,0.927662,0.081759,1.009861,85.356209,67.165337
9.4695187,0.387441,0.929248,0.082857,1.010187,85.295204,67.366776
9.4795837,0.381584,0.933763,0.083712,1.012189,85.256020,67.772552
9.4894848,0.369137,0.938400,0.076878,1.011319,85.640312,68.526909
9.4998255,0.356080,0.943769,0.072729,1.011327,85.876045,69.328758
9.5099649,0.350222,0.941085,0.074926,1.006931,85.732689,69.587387
9.5194492,0.356568,0.934617,0.074559,1.003100,85.737328,69.117554
9.5296087,0.362791,0.927784,0.075292,0.999034,85.677834,68.643013
9.5395117,0.365354,0.927540,0.072729,0.999551,85.827370,68.500740
9.5497055,0.364011,0.927296,0.071875,0.998773,85.873245,68.567429
9.5597668,0.361449,0.930102,0.075658,1.000729,85.664154,68.763283
9.5695190,0.356080,0.931322,0.079929,1.000271,85.416779,69.076271
9.5798216,0.342168,0.932543,0.079319,0.996497,85.434578,69.850922
9.5900640,0.341436,0.931200,0.076146,0.994742,85.609810,69.863914
9.5995846,0.350588,0.922780,0.077000,0.990134,85.539757,69.196915
9.6096869,0.362059,0.910578,0.077854,0.983005,85.457405,68.316513
9.6199799,0.366818,0.904964,0.075170,0.979370,85.598045,67.935326
9.6295843,0.366086,0.905818,0.077244,0.980047,85.479446,67.993942
9.6395826,0.359862,0.912530,0.076146,0.983875,85.561218,68.477867
9.6503181,0.351442,0.922658,0.078220,0.990418,85.470230,69.148064
9.6595230,0.343755,0.930834,0.080905,0.995573,85.338730,69.730942
9.6695547,0.339728,0.937180,0.082979,1.000303,85.241600,70.074417
9.6796055,0.339850,0.939498,0.087861,1.002933,84.974236,70.113152
9.6895542,0.343755,0.937912,0.091766,1.003129,84.751282,69.871582
9.6995888,0.354981,0.930834,0.093596,1.000612,84.632782,69.125237
9.7099390,0.367184,0.925831,0.091521,1.000182,84.749817,68.366753
9.7196732,0.371211,0.928150,0.092986,1.003945,84.685623,68.201187
9.7299099,0.370113,0.933275,0.094450,1.008418,84.625702,68.367996
9.7404947,0.366940,0.936692,0.093230,1.010311,84.705307,68.607712
9.7499008,0.362547,0.936814,0.090545,1.008592,84.849403,68.843559
9.7599792,0.359618,0.935960,0.088349,1.006554,84.964470,68.982018
9.7696743,0.361815,0.931933,0.085298,1.003337,85.123146,68.781723
9.7802143,0.369015,0.926319,0.082125,1.000492,85.291588,68.279320
9.7901354,0.374994,0.912652,0.080661,0.989980,85.326515,67.663033
9.8000374,0.372431,0.914727,0.075780,0.990541,85.612389,67.846283
9.8097839,0.366452,0.921194,0.073339,0.994115,85.769257,68.307281
9.8198280,0.362669,0.927173,0.071265,0.998127,85.905685,68.636772
9.8297577,0.362059,0.927906,0.072363,0.998665,85.844727,68.684799
9.8397036,0.366086,0.923269,0.073461,0.995912,85.769859,68.371147
9.8501406,0.370235,0.917777,0.075536,0.992519,85.635284,68.030663
9.8596716,0.370357,0.916069,0.077732,0.991155,85.501907,67.987045
9.8696918,0.368771,0.917777,0.077000,0.992087,85.548553,68.109329
9.8797035,0.363157,0.918753,0.074071,0.990695,85.712166,68.432518
9.8895140,0.354981,0.924489,0.068458,0.992662,86.045509,68.994423
9.8995075,0.351198,0.932299,0.066017,0.998438,86.208794,69.358528
9.9094992,0.349246,0.937790,0.064553,1.002791,86.309120,69.573975
9.9195719,0.354371,0.937424,0.064919,1.004269,86.293633,69.292076
9.9298983,0.359374,0.938644,0.066994,1.007319,86.186615,69.049889
9.9398375,0.363645,0.941329,0.073461,1.011798,85.836395,68.877922
9.9498453,0.368160,0.941817,0.077732,1.014201,85.604324,68.649254
9.9594622,0.369991,0.936570,0.078953,1.010094,85.516983,68.443558
9.9698229,0.369015,0.932177,0.079807,1.005731,85.448685,68.403206
9.9799757,0.363889,0.930590,0.080539,1.002447,85.391762,68.642975
9.9901018,0.357178,0.926563,0.080661,0.996294,85.356194,68.919014
9.9995232,0.352297,0.926197,0.084200,0.994507,85.143250,69.174744
10.0094719,0.355103,0.926807,0.088471,0.996442,84.906197,69.035828
10.0196991,0.361449,0.927418,0.092498,0.999652,84.690834,68.707306
10.0295992,0.370235,0.927906,0.094206,1.003473,84.613136,68.247971
10.0397205,0.374018,0.931567,0.091155,1.007976,84.811417,68.124870
10.0496273,0.374994,0.927418,0.088593,1.004277,84.939049,67.984444
10.0596542,0.373408,0.915825,0.095792,0.993652,84.467842,67.817894
10.0697718,0.356568,0.927906,0.081515,0.997394,85.312096,68.979660
10.0801411,0.333138,0.950847,0.047469,1.008635,87.302505,70.691612
10.0896215,0.287011,1.049080,-0.065285,1.089590,93.435066,74.699211
10.0995045,0.233807,0.952555,-0.091643,0.985102,95.337914,76.209259
10.1095610,0.258091,0.882389,-0.056011,0.921064,93.486389,73.696297
10.1195831,0.278225,0.843706,0.032460,0.888990,87.907501,71.749214
10.1296711,0.318373,0.813931,0.079197,0.877563,84.822235,68.636826
10.1399755,0.361693,0.854444,0.087617,0.931973,84.605545,67.056686
10.1495934,0.389881,0.930956,0.078464,1.012346,85.554688,67.276230
10.1596956,0.396837,0.979036,0.059184,1.058061,86.793419,67.935585
10.1696672,0.376214,0.987578,0.041978,1.057643,87.725334,69.145836
10.1795788,0.345097,0.966467,0.038683,1.026960,87.841293,70.349846
10.1894512,0.326549,0.939620,0.034778,0.995354,87.997650,70.835999
10.1994867,0.327647,0.926075,0.035510,0.982969,87.929710,70.516144
10.2096167,0.343145,0.941695,0.014521,1.002371,89.169922,69.978752
10.2196426,0.360106,0.950969,0.021599,1.017097,88.783173,69.259666
10.2295752,0.381339,0.927051,0.042466,1.003318,87.574203,67.640350
10.2395639,0.403427,0.905697,0.050520,0.992770,87.083084,65.990257
10.2495346,0.399522,0.934739,0.046737,1.017615,87.367599,66.857399
10.2595215,0.364500,0.981110,0.043930,1.047553,87.596535,69.619087
10.2695093,0.327769,0.990018,0.044052,1.043796,87.581169,71.681656
10.2795830,0.308610,0.965002,0.037097,1.013828,87.903038,72.265579
10.2895908,0.333504,0.930346,0.011227,0.988380,89.349182,70.278603
10.2994938,0.342046,0.953776,0.004881,1.013266,89.723991,70.270981
10.3094482,0.340216,0.967687,0.013789,1.025844,89.229813,70.629532
10.3195286,0.341070,0.961952,0.025748,1.020952,88.554871,70.477509
10.3296270,0.346683,0.947308,0.030507,1.009214,88.267761,69.899055
10.3396196,0.352297,0.946454,0.039171,1.010654,87.778763,69.583328
10.3496618,0.352663,0.968419,0.056377,1.032175,86.868958,69.990234
10.3595657,0.366696,0.984161,0.098721,1.054886,84.630135,69.564720
10.3694706,0.391224,1.022478,0.129838,1.102440,83.236366,69.061989
10.3795195,0.390004,0.994167,0.120808,1.074740,83.545914,68.580338
10.3898363,0.367306,0.901425,0.107629,0.979319,83.690323,67.830452
10.3995762,0.336311,0.941085,0.057475,1.001024,86.708458,70.334885
10.4096212,0.322644,0.986357,-0.006468,1.037806,90.357063,71.886757
10.4198294,0.315444,0.986723,-0.040636,1.036716,92.246361,72.271530
10.4295473,0.303851,0.954386,-0.031239,1.002075,91.786469,72.339897
10.4396276,0.289574,0.928516,-0.010494,0.972679,90.618187,72.678993
10.4496298,0.283717,0.927173,0.001708,0.969613,89.899048,72.985809
10.4596987,0.288110,0.942671,0.002807,0.985720,89.836861,73.005219
10.4696703,0.295797,0.955362,0.001342,1.000107,89.923096,72.796532
10.4796915,0.305926,0.954386,0.014155,1.002319,89.190811,72.226891
10.4897976,0.316908,0.945356,0.037341,0.997759,87.855225,71.467484
10.4996433,0.330942,0.934373,0.060648,0.993103,86.498802,70.496582
10.5096045,0.349490,0.928882,0.072973,0.995133,85.794724,69.381287
10.5197325,0.366574,0.928882,0.080539,1.001841,85.388962,68.463821
10.5297289,0.373042,0.929004,0.077244,1.004079,85.587860,68.122070
10.5397415,0.368282,0.929858,0.073827,1.002855,85.778229,68.393311
10.5496922,0.359862,0.932055,0.069312,1.001514,86.031532,68.888634
10.5596266,0.350222,0.935960,0.063089,1.001327,86.387680,69.484901
10.5696993,0.340338,0.937424,0.059550,0.999069,86.582832,70.046242
10.5800009,0.332650,0.935227,0.052838,0.994031,86.952972,70.420090
10.5896883,0.335701,0.933885,0.050154,0.993656,87.106827,70.228172
10.5997114,0.341558,0.937180,0.046127,0.998547,87.352341,69.975571
10.6095982,0.342778,0.939132,0.046127,1.000797,87.358299,69.948181
10.6196756,0.338263,0.940841,0.048445,1.000975,87.225906,70.224808
10.6296864,0.334969,0.939010,0.054425,0.998452,86.875305,70.367401
10.6397066,0.335457,0.935838,0.061014,0.996015,86.487953,70.279472
10.6496239,0.336433,0.933641,0.063699,0.994450,86.327438,70.183624
10.6601200,0.340826,0.933031,0.063699,0.995372,86.330841,69.933304
10.6702290,0.346195,0.931811,0.064431,0.996129,86.291435,69.618477
10.6799603,0.349612,0.931689,0.062967,0.997114,86.379417,69.431618
10.6895952,0.349490,0.932543,0.063089,0.997877,86.375175,69.455460
10.6995811,0.350344,0.935715,0.063333,1.001157,86.373070,69.473434
10.7099237,0.349734,0.935105,0.062845,1.000343,86.398125,69.493958
10.7195606,0.348880,0.934129,0.061502,0.999048,86.470581,69.520279
10.7295904,0.348758,0.930712,0.062113,0.995849,86.424057,69.457954
10.7396345,0.348148,0.931445,0.065285,0.996523,86.243683,69.505676
10.7495832,0.348880,0.934861,0.064309,0.999909,86.312485,69.534988
10.7598228,0.353151,0.934861,0.062845,1.001314,86.401627,69.305565
10.7696838,0.354981,0.935349,0.064065,1.002494,86.335983,69.217384
10.7799921,0.354859,0.940719,0.065773,1.007573,86.257126,69.332451
10.7895145,0.355347,0.943159,0.066994,1.010104,86.197144,69.355453
10.7997684,0.354371,0.941695,0.069190,1.008541,86.066177,69.378075
10.8095913,0.352297,0.937180,0.069068,1.003588,86.053711,69.398186
10.8197279,0.353883,0.936326,0.066750,1.003192,86.184875,69.295982
10.8296757,0.361205,0.941695,0.062357,1.010518,86.462166,69.014748
10.8398285,0.366330,0.943037,0.060404,1.013492,86.583145,68.770966
10.8495712,0.367306,0.942793,0.057842,1.013469,86.728188,68.714432
10.8597984,0.364866,0.943281,0.061014,1.013227,86.547684,68.853294
10.8695269,0.360961,0.944380,0.064065,1.013040,86.374176,69.082146
10.8796768,0.359740,0.943281,0.064431,1.011605,86.348244,69.124588
10.8895550,0.359008,0.942793,0.061502,1.010707,86.511345,69.153564
10.8995829,0.358764,0.943403,0.059916,1.011094,86.602737,69.178833
10.9095392,0.359984,0.941207,0.062845,1.009658,86.431396,69.069595
10.9196243,0.359008,0.937058,0.065285,1.005598,86.277634,69.037025
10.9295988,0.354493,0.934007,0.064553,1.001100,86.302879,69.216240
10.9396019,0.353761,0.933763,0.062845,1.000505,86.398705,69.250542
10.9495258,0.356080,0.935349,0.058086,1.002519,86.678444,69.158600
10.9596348,0.356324,0.940841,0.055279,1.007573,86.854973,69.256874
10.9696331,0.355347,0.943891,0.057109,1.010180,86.759117,69.370125
10.9795170,0.353761,0.941573,0.061869,1.007737,86.480194,69.408157
10.9895792,0.353517,0.934007,0.064431,1.000747,86.308571,69.268600
10.9995070,0.351564,0.927540,0.065529,0.994093,86.220390,69.241837
11.0098858,0.352419,0.926929,0.066140,0.993867,86.184280,69.183189
11.0195169,0.353883,0.927906,0.068458,0.995454,86.056618,69.124237
11.0295639,0.355835,0.927418,0.066872,0.995587,86.148651,69.008980
11.0395031,0.356568,0.924977,0.064797,0.993439,86.260223,68.918938
11.0497923,0.356446,0.925953,0.063211,0.994202,86.354706,68.945793
11.0595188,0.354371,0.928882,0.061746,0.996099,86.446053,69.118004
11.0694790,0.352053,0.931322,0.061380,0.997532,86.472229,69.292725
11.0795536,0.350954,0.933519,0.062113,0.999242,86.436218,69.396362
11.0896082,0.350710,0.929858,0.060648,0.995647,86.507759,69.335258
11.0996199,0.352419,0.928760,0.061014,0.995247,86.485237,69.220711
11.1095600,0.355347,0.929614,0.063821,0.997260,86.330772,69.080521
11.1195250,0.357178,0.932177,0.062357,1.000209,86.425659,69.034897
11.1295261,0.359252,0.933763,0.061869,1.002399,86.461426,68.956467
11.1396809,0.363767,0.934251,0.061746,1.004472,86.475716,68.725662
11.1499472,0.363523,0.934373,0.062601,1.004550,86.427177,68.741188
11.1597004,0.360717,0.934739,0.061746,1.003826,86.473442,68.898361
11.1694679,0.359252,0.936814,0.063577,1.005348,86.374268,69.019028
11.1797123,0.361327,0.938034,0.063455,1.007220,86.387970,68.933525
11.1896229,0.364988,0.941207,0.061746,1.011385,86.499832,68.804359
11.1995811,0.370601,0.942305,0.060526,1.014370,86.579201,68.530685
11.2096062,0.370235,0.939498,0.062479,1.011748,86.459549,68.491730
11.2195034,0.367550,0.935838,0.062601,1.007375,86.437210,68.557579
11.2295380,0.367550,0.936936,0.062113,1.008365,86.468498,68.580437
11.2394447,0.370601,0.939620,0.060526,1.011877,86.570763,68.474953
11.2496319,0.370113,0.938400,0.056621,1.010339,86.787354,68.475311
11.2595701,0.369991,0.938766,0.051740,1.010372,87.064659,68.489388
11.2695007,0.375116,0.935838,0.054669,1.009699,86.896278,68.157379
11.2794685,0.376336,0.933153,0.057842,1.007844,86.709908,68.036003
11.2894878,0.371211,0.933763,0.055279,1.006363,86.851189,68.320045
11.2998838,0.359862,0.941939,0.044052,1.009302,87.498451,69.090927
11.3096666,0.338874,0.938156,0.022453,0.997735,88.710495,70.139656
11.3197346,0.313003,0.969151,-0.018426,1.018609,91.036522,72.101280
11.3294687,0.286767,0.920828,-0.100430,0.969663,95.944878,72.702202
