Keuwl Accelerometer Data File
2019-06-28 13-16-04

Time (s), X (m/s2), Y (m/s2), Z (m/s2), R (m/s2), Theta (deg), Phi (deg)
0.0000000,0.100063,0.818446,-0.051008,0.826116,93.539940,83.029594
0.0098230,0.157905,0.822961,0.033192,0.838630,87.731720,79.138420
0.0197890,0.259921,0.842486,0.096525,0.886937,83.752174,72.854126
0.0298960,0.395983,0.903134,0.169010,1.000509,80.274750,66.324745
0.0398710,0.478962,0.955850,0.247962,1.097515,76.942398,63.385231
0.0499020,0.516913,0.990384,0.302997,1.157526,74.825325,62.438503
0.0598710,0.525333,1.010763,0.360961,1.194952,72.417946,62.537331
0.0698680,0.520208,1.074462,0.328379,1.238111,74.619621,64.165749
0.0805470,0.454557,1.036633,0.220750,1.153239,78.964500,66.322868
0.0899170,0.420511,0.843584,0.122395,0.950496,82.601524,63.504612
0.1009420,0.420511,0.884952,0.076390,0.982753,85.541870,64.583900
0.1100290,0.379997,0.975741,0.023918,1.047397,88.691521,68.721840
0.1205240,0.234295,1.028213,-0.038195,1.055261,92.074265,77.163406
0.1302400,0.161444,0.977083,-0.044418,0.991327,92.568115,80.617767
0.1407780,0.127032,0.936082,-0.038317,0.945439,92.322739,82.271835
0.1504710,0.162664,0.927051,-0.020501,0.941437,91.247772,80.047958
0.1601200,0.242471,0.934739,0.014643,0.965787,89.131241,75.458015
0.1700560,0.322034,0.934983,0.061380,0.990791,86.448204,70.994904
0.1813430,0.376702,0.928638,0.108850,1.008028,83.800964,67.920044
0.1907440,0.398301,0.918876,0.145946,1.012066,81.708679,66.564903
0.2003910,0.395983,0.913262,0.167057,1.009336,80.473022,66.558846
0.2100440,0.384878,0.919364,0.167789,1.010700,80.443909,67.284081
0.2199780,0.367428,0.931078,0.148143,1.011858,81.581253,68.464493
0.2300120,0.344243,0.941451,0.115439,1.009039,83.430695,69.914993
0.2402440,0.320569,0.947918,0.084078,1.004183,85.197144,71.315376
0.2500540,0.302509,0.952189,0.062723,1.001055,86.407684,72.375038
0.2602540,0.291526,0.953288,0.051984,0.998222,87.014870,72.995766
0.2706180,0.291404,0.955728,0.052350,1.000537,87.000786,73.043381
0.2804040,0.299214,0.955362,0.062845,1.003093,86.408012,72.609734
0.2905740,0.312271,0.952433,0.082369,1.005697,85.302063,71.847404
0.3000140,0.328013,0.949139,0.102992,1.009487,84.144249,70.935356
0.3099430,0.342534,0.948284,0.115439,1.014840,83.468407,70.139526
0.3201150,0.350100,0.947552,0.122273,1.017534,83.098335,69.721817
0.3298880,0.351076,0.947064,0.124835,1.017727,82.954308,69.660278
0.3403620,0.348758,0.943403,0.120320,1.012975,83.178360,69.711632
0.3499830,0.338385,0.937058,0.115683,1.002978,83.376785,70.144600
0.3602720,0.325694,0.932909,0.104823,0.993672,83.944595,70.755035
0.3701430,0.314102,0.936204,0.090545,0.991633,84.761070,71.453102
0.3804260,0.308000,0.938522,0.078830,0.990910,85.437088,71.831413
0.3902420,0.304461,0.937790,0.075414,0.988855,85.626167,72.013542
0.3999060,0.305194,0.935471,0.073339,0.986726,85.737518,71.931305
0.4103610,0.309465,0.934861,0.076268,0.987700,85.571342,71.684052
0.4203000,0.314834,0.938766,0.083834,0.993695,85.160454,71.460106
0.4299960,0.324108,0.942549,0.094816,1.001217,84.565887,71.023788
0.4418340,0.330820,0.942671,0.106287,1.004673,83.927170,70.662064
0.4504940,0.334725,0.942183,0.111412,1.006063,83.641983,70.441666
0.4601170,0.335701,0.940963,0.112388,1.005354,83.581497,70.365479
0.4706380,0.331796,0.942183,0.112266,1.005187,83.587425,70.599960
0.4800770,0.328257,0.943037,0.107141,1.004266,83.875687,70.807762
0.4906470,0.323620,0.944746,0.101162,1.003747,84.215675,71.091248
0.5006270,0.319837,0.944868,0.095548,1.002098,84.528625,71.299072
0.5100480,0.317152,0.946942,0.091643,1.002838,84.756760,71.483131
0.5202610,0.316298,0.948162,0.088959,1.003479,84.914024,71.551781
0.5299940,0.316298,0.950359,0.089325,1.005587,84.903778,71.591545
0.5401210,0.317152,0.948162,0.093596,1.004170,84.651855,71.505341
0.5500110,0.323254,0.947064,0.097867,1.005486,84.414383,71.154099
0.5599390,0.331186,0.946576,0.101894,1.008004,84.198357,70.716209
0.5702170,0.334602,0.945112,0.105189,1.008097,84.010635,70.504265
0.5802520,0.334602,0.944502,0.107873,1.007809,83.855431,70.492615
0.5901650,0.332894,0.943403,0.104823,1.005891,84.018417,70.563843
0.6006990,0.327403,0.944868,0.098843,1.004857,84.354950,70.888466
0.6101320,0.319349,0.943525,0.097135,1.000829,84.430428,71.300911
0.6214499,0.317518,0.944502,0.095060,1.000968,84.550499,71.418602
0.6300300,0.316786,0.945112,0.093108,1.001129,84.663620,71.469673
0.6400970,0.316176,0.942915,0.092864,0.998839,84.665413,71.462784
0.6500650,0.322644,0.940963,0.095060,0.999273,84.541229,71.073837
0.6601030,0.331308,0.945600,0.093108,1.006277,84.690994,70.691185
0.6698980,0.333016,0.950603,0.092986,1.011530,84.725586,70.693573
0.6806740,0.331796,0.948040,0.096159,1.009017,84.531456,70.710938
0.6901130,0.327891,0.943159,0.101284,1.003654,84.208138,70.829910
0.7000499,0.325328,0.940963,0.101772,1.000803,84.163490,70.927689
0.7107550,0.324352,0.942061,0.100674,1.001408,84.230194,71.001389
0.7198810,0.323620,0.944624,0.097623,1.003281,84.416077,71.088982
0.7300320,0.323986,0.945356,0.095426,1.003878,84.545357,71.082733
0.7401530,0.325084,0.945356,0.095060,1.004198,84.568085,71.023186
0.7511970,0.325816,0.945600,0.094206,1.004585,84.619118,70.988068
0.7602090,0.325694,0.945600,0.092254,1.004364,84.729790,70.994675
0.7700900,0.325938,0.944013,0.093352,1.003051,84.659874,70.951797
0.7807570,0.325572,0.941817,0.092620,1.000797,84.689911,70.930481
0.7900240,0.326671,0.945234,0.091643,1.004280,84.764313,70.934967
0.8004910,0.325816,0.948406,0.092620,1.007080,84.723129,71.040306
0.8103230,0.324108,0.947796,0.095670,1.006239,84.544235,71.121384
0.8200099,0.325572,0.946332,0.097257,1.005485,84.449318,71.014931
0.8302850,0.326427,0.945478,0.098477,1.005077,84.377159,70.952744
0.8413900,0.325572,0.945356,0.097989,1.004638,84.402664,70.996735
0.8502759,0.325328,0.944868,0.097867,1.004087,84.406578,71.000854
0.8608940,0.325084,0.944502,0.098111,1.003688,84.390350,71.007256
0.8699850,0.325938,0.944746,0.094694,1.003866,84.587265,70.965500
0.8799260,0.325694,0.945112,0.090667,1.003760,84.817543,70.985565
0.8906880,0.325084,0.947186,0.093474,1.005773,84.667381,71.057243
0.9001850,0.325206,0.946820,0.095182,1.005628,84.568848,71.043831
0.9101940,0.325572,0.947064,0.097501,1.006198,84.439301,71.028557
0.9208590,0.328501,0.946576,0.100430,1.006978,84.276169,70.861115
0.9299610,0.330087,0.942793,0.101528,1.004054,84.196457,70.704010
0.9402300,0.330942,0.940231,0.100918,1.001868,84.218819,70.608994
0.9499559,0.331186,0.940353,0.100552,1.002027,84.240776,70.598091
0.9602010,0.329599,0.940963,0.098965,1.001918,84.331322,70.695724
0.9701210,0.329355,0.940353,0.096525,1.001027,84.466621,70.697372
0.9800400,0.329477,0.943525,0.091888,1.003613,84.746826,70.750893
0.9910810,0.330087,0.947674,0.091155,1.007648,84.809723,70.796097
1.0001490,0.328989,0.950115,0.093840,1.009831,84.668015,70.900948
1.0100629,0.327769,0.951457,0.099087,1.011198,84.376564,70.991608
1.0204060,0.330454,0.950115,0.104334,1.011338,84.078552,70.822136
1.0299540,0.334114,0.946332,0.106165,1.009182,83.961365,70.553780
1.0402200,0.335823,0.945722,0.105433,1.009100,84.002678,70.450218
1.0500000,0.335579,0.944990,0.102016,1.007981,84.191254,70.449356
1.0608629,0.330454,0.944380,0.094572,1.004986,84.600304,70.714241
1.0701870,0.322400,0.947064,0.090545,1.004525,84.828491,71.200394
1.0804400,0.316908,0.946576,0.090667,1.002326,84.810112,71.489746
1.0911651,0.320813,0.943525,0.089813,1.000613,84.850311,71.221169
1.1000479,0.323010,0.942427,0.094206,1.000689,84.598106,71.081238
1.1103230,0.324352,0.941573,0.097013,1.000587,84.436104,70.992249
1.1202649,0.328745,0.940963,0.098965,1.001638,84.329727,70.742065
1.1299800,0.331674,0.942061,0.099453,1.003682,84.313316,70.604233
1.1405400,0.330087,0.946332,0.097257,1.006956,84.457451,70.770859
1.1499449,0.330820,0.949505,0.099331,1.010380,84.358093,70.791008
1.1618389,0.333748,0.948529,0.101040,1.010596,84.261963,70.615120
1.1704509,0.330942,0.942183,0.104090,1.004025,84.049278,70.646187
1.1801859,0.326305,0.937424,0.101162,0.997733,84.180695,70.807686
1.1900749,0.321545,0.938156,0.094328,0.996206,84.566673,71.081261
1.2001990,0.318983,0.942549,0.089935,0.999118,84.835564,71.302856
1.2099890,0.319227,0.944257,0.091521,1.000952,84.753868,71.321053
1.2208539,0.317152,0.942915,0.093108,0.999171,84.653130,71.409477
1.2309450,0.320813,0.947186,0.093962,1.004446,84.632355,71.288689
1.2407089,0.327159,0.952189,0.093230,1.011133,84.709618,71.038002
1.2506279,0.331918,0.954386,0.096769,1.015079,84.529617,70.823265
1.2608280,0.335335,0.952433,0.102870,1.014968,84.182907,70.603752
1.2700690,0.333382,0.949139,0.108483,1.011818,83.845123,70.646324
1.2802100,0.328501,0.945600,0.110558,1.007122,83.697594,70.842789
1.2899420,0.326549,0.943647,0.107507,1.004322,83.855026,70.911850
1.3040000,0.324352,0.941329,0.102992,1.000955,84.094162,70.987671
1.3204820,0.321423,0.944502,0.092254,1.001952,84.717072,71.206039
1.3299179,0.321545,0.945112,0.090667,1.002421,84.810600,71.210693
1.3402350,0.321057,0.946332,0.089813,1.003339,84.864342,71.259727
1.3500930,0.321545,0.945356,0.095304,1.003081,84.548012,71.215202
1.3602870,0.325572,0.944502,0.099453,1.003978,84.314995,70.980782
1.3699410,0.329355,0.942183,0.103724,1.003465,84.066956,70.732101
1.3800130,0.330209,0.941817,0.105921,1.003632,83.941864,70.678879
1.3903600,0.330331,0.941085,0.105555,1.002946,83.958740,70.658340
1.3998990,0.332528,0.943647,0.102870,1.005797,84.129684,70.588264
1.4106300,0.331430,0.946576,0.099087,1.007805,84.357567,70.703049
1.4200920,0.328989,0.947674,0.096769,1.007812,84.490051,70.855339
1.4299499,0.328623,0.948406,0.097257,1.008428,84.465561,70.888786
1.4410119,0.328135,0.947430,0.096525,1.007280,84.501076,70.896873
1.4500970,0.328379,0.944135,0.098233,1.004427,84.387497,70.821854
1.4604980,0.325206,0.938156,0.101284,0.998075,84.175652,70.881424
1.4707860,0.322156,0.933641,0.103358,0.993052,84.025757,70.962852
1.4801149,0.320935,0.931933,0.100185,0.990725,84.196129,70.997520
1.4903899,0.323498,0.936448,0.097135,0.995500,84.400520,70.942413
1.5002850,0.328989,0.940841,0.095426,1.001260,84.531052,70.726509
1.5104849,0.330454,0.942183,0.097013,1.003155,84.450386,70.672607
1.5204320,0.328623,0.943281,0.098965,1.003776,84.341850,70.792534
1.5299460,0.328745,0.944868,0.100430,1.005452,84.267456,70.815826
1.5404329,0.331796,0.945600,0.101162,1.007215,84.235657,70.664848
1.5500729,0.333138,0.944257,0.102992,1.006584,84.127304,70.566940
1.5599129,0.332894,0.941695,0.103724,1.004175,84.071167,70.531235
1.5700849,0.330209,0.936326,0.099941,0.997864,84.251884,70.574028
1.5801411,0.326427,0.934007,0.097013,0.994150,84.399963,70.735970
1.5913820,0.320447,0.937668,0.095304,0.995485,84.506279,71.132179
1.6007129,0.320935,0.943037,0.091277,1.000325,84.764603,71.205482
1.6100219,0.322766,0.945600,0.092254,1.003418,84.724808,71.153465
1.6200930,0.324962,0.946332,0.096647,1.005229,84.482834,71.047974
1.6299011,0.328013,0.945478,0.101162,1.005860,84.227867,70.866898
1.6411220,0.333016,0.945356,0.100430,1.007315,84.278091,70.594406
1.6510880,0.332894,0.946942,0.101406,1.008861,84.231163,70.631058
1.6609060,0.332650,0.948529,0.100430,1.010172,84.294327,70.674171
1.6701149,0.332162,0.946698,0.101040,1.008354,84.249161,70.665886
1.6802580,0.328379,0.945112,0.097379,1.005262,84.441093,70.840218
1.6907120,0.324352,0.947064,0.096525,1.005710,84.492462,71.094612
1.7000250,0.323620,0.947552,0.096647,1.005945,84.486778,71.143295
1.7099380,0.324352,0.947186,0.096769,1.005848,84.479256,71.096870
1.7201179,0.327037,0.943769,0.095670,1.003398,84.528740,70.887680
1.7301830,0.326549,0.941451,0.093718,1.000873,84.627167,70.870552
1.7402389,0.327769,0.941329,0.094938,1.001272,84.559174,70.801979
1.7502120,0.328501,0.942793,0.095426,1.002935,84.540207,70.789932
1.7601939,0.328379,0.944624,0.097379,1.004803,84.438545,70.831039
1.7704899,0.326427,0.944990,0.096769,1.004452,84.471565,70.943619
1.7805680,0.325572,0.944380,0.096037,1.003530,84.508469,70.978500
1.7902089,0.329355,0.944990,0.097501,1.005478,84.435303,70.785126
1.8018119,0.332406,0.946454,0.097989,1.007904,84.420860,70.648117
1.8102189,0.334358,0.946210,0.097745,1.008297,84.436974,70.538322
1.8202119,0.333626,0.942915,0.095304,1.004728,84.556976,70.514984
1.8306410,0.331186,0.939498,0.094572,1.000642,84.576797,70.581772
1.8401690,0.328135,0.939864,0.090789,0.999630,84.789055,70.754372
1.8505449,0.324962,0.941939,0.089325,1.000414,84.877350,70.965927
1.8602480,0.322522,0.944746,0.089935,1.002324,84.852119,71.150879
1.8701349,0.323132,0.946820,0.091888,1.004652,84.752274,71.156197
1.8810800,0.324718,0.948895,0.094328,1.007343,84.626923,71.108704
1.8907629,0.327281,0.948529,0.097745,1.008153,84.436180,70.963493
1.9000989,0.329965,0.946454,0.100185,1.007318,84.292061,70.779747
1.9105009,0.331552,0.944013,0.097623,1.005295,84.427299,70.647957
1.9201521,0.330942,0.944502,0.093718,1.005181,84.650261,70.690170
1.9303520,0.325694,0.945478,0.093352,1.004350,84.666801,70.992401
1.9404519,0.322888,0.944135,0.090301,1.001899,84.828918,71.119667
1.9501170,0.323376,0.943769,0.087739,1.001484,84.973953,71.086342
1.9612401,0.323132,0.943403,0.087006,1.000996,85.013573,71.092789
1.9701699,0.323986,0.942305,0.092498,1.000731,84.696571,71.025864
1.9801090,0.328867,0.942427,0.097257,1.002886,84.434883,70.763176
1.9904500,0.332772,0.939498,0.098233,1.001521,84.371155,70.495758
2.0001419,0.329843,0.939376,0.096159,1.000235,84.483299,70.652290
2.0108540,0.329111,0.943159,0.093474,1.003295,84.654175,70.763794
2.0201070,0.331064,0.947796,0.093230,1.008272,84.694565,70.745781
2.0300231,0.334480,0.947186,0.092376,1.008748,84.745804,70.550316
2.0402360,0.330942,0.944502,0.090911,1.004923,84.809586,70.690170
2.0500610,0.324962,0.944746,0.090911,1.003200,84.800644,71.018425
2.0618858,0.328379,0.944868,0.091277,1.004460,84.786217,70.835632
2.0701540,0.328379,0.945356,0.090301,1.004831,84.844040,70.844803
2.0802319,0.330087,0.946820,0.092742,1.006989,84.715683,70.780045
2.0899670,0.329355,0.947430,0.096525,1.007679,84.503258,70.831009
2.1010029,0.331796,0.946332,0.097867,1.007577,84.426010,70.678696
2.1104200,0.333260,0.945356,0.096647,1.007025,84.492706,70.581245
2.1199939,0.332650,0.945112,0.094694,1.006409,84.600983,70.609512
2.1299338,0.329233,0.943403,0.095182,1.003725,84.558517,70.761795
2.1412060,0.326793,0.941573,0.092620,1.000965,84.690804,70.859596
2.1512179,0.324108,0.941573,0.091766,1.000013,84.734886,71.005524
2.1608598,0.323498,0.940353,0.089813,0.998489,84.839325,71.015877
2.1700029,0.325084,0.942061,0.088715,1.000514,84.912949,70.961586
2.1801810,0.326793,0.945600,0.088593,1.004391,84.939621,70.935211
2.1916411,0.328867,0.949139,0.089203,1.008452,84.925255,70.889305
2.2011530,0.331064,0.948406,0.091766,1.008711,84.780411,70.757256
2.2106590,0.331308,0.947308,0.092620,1.007837,84.727104,70.723434
2.2206280,0.329233,0.947430,0.095670,1.007557,84.551392,70.837593
2.2302740,0.329111,0.945722,0.100063,1.006338,84.293465,70.812103
2.2405629,0.332528,0.943891,0.100674,1.005804,84.255493,70.592903
2.2507930,0.332040,0.945234,0.097867,1.006626,84.420731,70.644745
2.2604480,0.329233,0.945966,0.094084,1.006031,84.633850,70.810097
2.2704220,0.324352,0.943403,0.092254,1.001861,84.716591,71.026482
2.2801731,0.321789,0.939376,0.092620,0.997274,84.671097,71.090767
2.2901819,0.321545,0.938888,0.088227,0.996337,84.919739,71.094971
2.3016119,0.323864,0.940841,0.085908,0.998724,85.065437,71.005089
2.3107469,0.333016,0.944746,0.088837,1.005652,84.932022,70.582809
2.3202789,0.340460,0.945356,0.095670,1.009338,84.561035,70.194054
2.3301408,0.342656,0.941695,0.097989,1.006879,84.415161,70.004974
2.3407149,0.339118,0.940841,0.099575,1.005036,84.314011,70.178757
2.3501029,0.335823,0.942305,0.100185,1.005362,84.280914,70.384727
2.3600969,0.338385,0.946088,0.098599,1.009608,84.395515,70.319496
2.3698502,0.338507,0.947064,0.095304,1.010248,84.586807,70.331680
2.3801758,0.335579,0.944868,0.094084,1.007095,84.639542,70.447021
2.3899388,0.333016,0.943403,0.091766,1.004654,84.759277,70.557251
2.4008861,0.330576,0.944746,0.091277,1.005065,84.789368,70.714569
2.4099519,0.325328,0.945722,0.090789,1.004227,84.812965,71.016785
2.4204819,0.319715,0.944990,0.092376,1.001876,84.709663,71.307961
2.4300559,0.317763,0.943891,0.092254,1.000207,84.707832,71.394112
2.4405408,0.318251,0.945722,0.090057,1.001890,84.842880,71.401085
2.4504371,0.318251,0.946576,0.088959,1.002598,84.909546,71.416718
2.4605598,0.322888,0.946088,0.090423,1.003751,84.831482,71.155884
2.4699090,0.328135,0.943647,0.090667,1.003177,84.814522,70.825882
2.4804490,0.327769,0.944380,0.091643,1.003834,84.761978,70.859482
2.4898701,0.325572,0.944135,0.098599,1.003549,84.361572,70.973938
2.5010550,0.322156,0.944013,0.102016,1.002673,84.160393,71.157196
2.5106959,0.319715,0.943891,0.098965,1.001470,84.328781,71.287727
2.5212059,0.319715,0.942427,0.099331,1.000126,84.300056,71.260681
2.5300190,0.319227,0.941939,0.099575,0.999535,84.282616,71.278275
2.5402870,0.322888,0.948529,0.094328,1.006410,84.621925,71.200958
2.5500631,0.327037,0.954020,0.087739,1.012326,85.027924,71.078354
2.5600939,0.318861,0.936448,0.070777,0.991774,85.907684,71.196274
2.5699520,0.315078,0.923269,0.060404,0.977419,86.456879,71.157097
2.5806651,0.311173,0.914727,0.060648,0.968107,86.408287,71.212646
2.5901041,0.307024,0.917899,0.067848,0.970261,85.990173,71.505661
2.6011109,0.293967,0.932665,0.073705,0.980669,85.689690,72.505653
2.6100879,0.272246,0.951579,0.081271,0.993089,85.305855,74.034225
2.6208529,0.257724,0.969639,0.089203,1.007264,84.919250,75.115265
2.6301270,0.261019,0.992459,0.096403,1.030727,84.633354,75.264763
2.6401010,0.292259,1.015034,0.104579,1.061436,84.345726,73.937317
2.6500311,0.340460,1.023332,0.111534,1.084233,84.095589,71.597855
2.6611619,0.383048,1.010763,0.126666,1.088307,83.316322,69.244843
2.6699331,0.401474,0.990506,0.150827,1.079367,81.967377,67.936195
2.6808708,0.388783,0.972080,0.170840,1.060791,80.732170,68.201073
2.6901810,0.364255,0.971836,0.172182,1.052043,80.580322,69.453415
2.7006688,0.335335,0.994167,0.157173,1.060906,81.480286,71.360641
2.7100821,0.300557,1.018573,0.133011,1.070288,82.861046,73.559929
2.7200980,0.262850,1.028457,0.100430,1.066255,84.595352,75.663429
2.7299650,0.223556,1.010885,0.069556,1.037644,86.156410,77.529793
2.7407720,0.180480,0.980500,0.041978,0.997856,87.588966,79.570328
2.7507060,0.133499,0.940597,0.020745,0.950250,88.749077,81.921936
2.7604790,0.103236,0.909723,0.015376,0.915691,89.037888,83.525719
2.7701738,0.112876,0.903134,0.024894,0.910501,88.433289,82.875938
2.7801979,0.155098,0.918753,0.039049,0.932571,87.600174,80.418015
2.7898989,0.218187,0.933153,0.057109,0.960022,86.589600,76.839691
2.8004107,0.278713,0.924123,0.089569,0.969385,84.698433,73.216805
2.8098800,0.320447,0.897521,0.136672,0.962761,81.838814,70.351601
2.8208418,0.346561,0.869210,0.189755,0.954797,78.536827,68.262413
2.8302348,0.358642,0.850784,0.230268,0.951567,75.996086,67.142471
2.8404360,0.371943,0.854566,0.254552,0.966138,74.723732,66.479301
2.8500869,0.389759,0.874457,0.274808,0.996046,73.984383,65.976707
2.8615139,0.421487,0.913750,0.296408,1.049023,73.587189,65.237480
2.8699088,0.424782,0.936204,0.293113,1.069033,74.086555,65.594879
2.8799548,0.405989,0.921438,0.272734,1.043197,74.844437,66.221527
2.8900809,0.392932,0.903622,0.268097,1.021178,74.779350,66.498604
2.9002130,0.394397,0.918509,0.315932,1.048342,72.460480,66.761917
2.9101110,0.434666,0.945844,0.262117,1.073434,75.866272,65.318680
2.9204648,0.491897,0.968297,0.208059,1.105826,79.155281,63.069313
2.9301198,0.544248,0.999658,0.160590,1.149483,81.969170,61.434639
2.9399097,0.530580,1.019671,0.163396,1.161010,81.909538,62.510025
2.9507880,0.457363,0.980500,0.128252,1.089500,83.239670,64.992867
2.9599380,0.379509,0.903866,0.148387,0.991473,81.392609,67.223778
2.9700480,0.338263,0.830283,0.163030,0.911247,79.693779,67.833656
2.9802501,0.343999,0.773661,0.179260,0.865460,78.045967,66.028290
2.9905589,0.370235,0.741324,0.194026,0.851047,76.821556,63.461361
3.0002921,0.383292,0.743520,0.186338,0.857005,77.441925,62.728458
3.0101261,0.385854,0.768048,0.147899,0.872156,80.236702,63.325817
3.0198689,0.391712,0.795505,0.145214,0.898528,80.699455,63.784050
3.0302887,0.389881,0.821863,0.167545,0.924953,79.563873,64.620918
3.0407448,0.416362,0.824181,0.155220,0.936336,80.457787,63.197914
3.0499420,0.416362,0.778787,0.100185,0.888765,83.527611,61.869766
3.0605171,0.420511,0.683848,0.001708,0.802796,89.878067,58.411900
3.0706618,0.440889,0.654806,-0.057231,0.791473,94.146675,56.047089
3.0799737,0.478474,0.614048,-0.029287,0.779006,92.154556,52.073814
3.0899019,0.527408,0.552302,0.041856,0.764819,86.862839,46.320778
3.1001899,0.587812,0.501782,0.096159,0.778816,82.907730,40.485508
3.1101110,0.637844,0.472007,0.110314,0.801127,82.085312,36.501583
3.1198878,0.659443,0.476400,0.139357,0.825374,80.279579,35.845398
3.1299069,0.684825,0.554010,0.209157,0.905350,76.642670,38.972191
3.1399097,0.728023,0.724118,0.275663,1.063181,74.972595,44.845924
3.1500070,0.755357,0.932055,0.283106,1.232655,76.722237,50.977947
3.1599629,0.739982,1.065798,0.208425,1.314130,80.874191,55.227821
3.1701438,0.682872,1.158174,0.060526,1.345862,87.422424,59.475922
3.1801169,0.577684,1.250793,-0.093596,1.380928,93.886345,65.209969
3.1900458,0.457851,1.284595,-0.100552,1.367452,94.216888,70.383080
3.2000020,0.388173,1.256407,0.017328,1.315119,89.245049,72.831207
3.2100310,0.324230,1.274589,0.194392,1.329470,81.592216,75.727806
3.2200818,0.177796,1.383683,0.255772,1.418312,79.610695,82.677925
3.2301528,-0.036609,1.628106,0.143018,1.634785,84.981117,91.288101
3.2408478,-0.309587,1.910480,0.045761,1.935942,88.645546,99.204567
3.2502110,-0.579514,1.932689,0.035388,2.018013,88.995201,106.691277
3.2600908,-0.768414,1.534876,0.118490,1.720565,86.051102,116.594200
3.2702410,-0.745717,1.129497,0.178894,1.365233,82.470566,123.433601
3.2800369,-0.534729,0.920218,0.152536,1.075176,81.843903,120.160446
3.2900908,-0.196100,0.884830,0.036975,0.907053,87.663773,102.496170
3.3000669,0.222092,0.984771,-0.115927,1.016139,96.550911,77.290901
3.3099918,0.641871,1.146703,-0.218797,1.332215,99.452835,60.761944
3.3210909,0.899473,1.260556,-0.223800,1.564653,98.223518,54.490139
3.3300180,0.871895,1.221262,-0.137038,1.506805,95.218040,54.475861
3.3400161,0.687021,1.113389,-0.049788,1.309241,92.179367,58.323177
3.3500421,0.471153,1.041270,0.045639,1.143814,87.713264,65.654266
3.3605061,0.278469,1.011739,0.094206,1.053583,84.870049,74.611061
3.3698440,0.131913,0.999903,0.080661,1.011787,85.427452,82.484612
3.3799198,0.035754,0.964270,0.054181,0.966453,86.786232,87.876488
3.3904808,-0.011959,0.909601,0.049666,0.911035,86.874931,90.753242
3.3999770,-0.020867,0.862864,0.057598,0.865036,86.182198,91.385330
3.4101629,-0.014399,0.833578,0.074071,0.836986,84.922806,90.989639
3.4199040,-0.001464,0.834554,0.101772,0.840738,83.047256,90.100533
3.4304750,0.035266,0.881779,0.071265,0.885357,85.383118,87.709709
3.4400268,0.072363,0.940719,0.051618,0.944909,86.868507,85.601295
3.4499459,0.080417,0.966223,0.094450,0.974153,84.436081,85.242348
3.4602509,0.073339,0.981720,0.139967,0.994356,81.908096,85.727669
3.4703028,0.028189,1.021258,0.175599,1.036628,80.247375,88.418930
3.4802809,-0.013911,1.076659,0.167301,1.089668,81.168213,90.740265
3.4899268,-0.072119,1.065554,0.186216,1.084105,80.109306,93.871994
3.5001459,-0.102260,1.023942,0.162786,1.041832,81.010704,95.703156
3.5102379,-0.138258,0.989652,0.107385,1.005016,83.866280,97.952980
3.5199709,-0.149973,0.994777,0.065529,1.008151,86.273170,98.573380
3.5302210,-0.126666,0.967199,0.062235,0.977441,86.349457,97.461075
3.5405829,-0.052960,0.826500,0.143018,0.840453,80.202454,93.666382
3.5502210,-0.016108,0.829429,0.227827,0.860300,74.643555,91.112564
3.5602570,0.046737,0.878118,0.254308,0.915395,73.870338,86.953362
3.5703509,0.135818,0.929492,0.276761,0.979285,73.583641,81.686745
3.5801148,0.227217,0.967321,0.335701,1.048824,71.332642,76.781235
3.5900888,0.314468,0.965124,0.437107,1.105177,66.702339,71.952766
3.5999968,0.375482,0.933153,0.506663,1.126263,63.265175,68.081131
3.6105971,0.406965,0.901181,0.526187,1.120099,61.980721,65.696487
3.6198478,0.390736,0.831503,0.516303,1.053869,60.665211,64.830467
3.6300018,0.367062,0.786474,0.460170,0.982361,62.067398,64.980675
3.6398888,0.342046,0.780861,0.379021,0.932950,66.029861,66.344795
3.6503909,0.316054,0.788915,0.292869,0.898916,70.985817,68.168037
3.6598897,0.279568,0.773295,0.212208,0.849221,75.529274,70.123680
3.6702449,0.238444,0.741202,0.154488,0.793790,78.777412,72.167068
3.6805828,0.218797,0.749744,0.144116,0.794202,79.545197,73.731201
3.6902339,0.212330,0.778055,0.148509,0.820066,79.566521,74.735756
3.7000289,0.198785,0.781837,0.107385,0.813828,82.417671,75.734634
3.7109969,0.170474,0.761825,-0.032216,0.781330,92.363075,77.386681
3.7200110,0.158271,0.747303,-0.130571,0.774958,99.699875,78.042046
3.7303689,0.157173,0.743886,-0.076878,0.764186,95.773788,78.069664
3.7411180,0.133987,0.748524,0.076878,0.764297,84.227051,79.851410
3.7501469,0.094450,0.748890,0.199029,0.780621,75.228668,82.811790
3.7600119,0.097989,0.771343,0.229780,0.810784,73.536491,82.760101
3.7708228,0.104945,0.796969,0.115317,0.812078,81.836266,82.498466
3.7800889,0.095670,0.820887,0.017450,0.826627,88.790398,83.352440
3.7903059,0.099331,0.855909,-0.017816,0.861838,91.184525,83.380234
3.8001630,0.125812,0.881291,-0.064675,0.892572,94.155258,81.875450
3.8106968,0.129838,0.870064,-0.039537,0.880587,92.573380,81.512466
3.8199968,0.107385,0.838581,0.012691,0.845524,89.139984,82.702652
3.8301029,0.102748,0.815395,-0.064919,0.824403,94.516541,82.818001
3.8401179,0.116049,0.833822,-0.127886,0.851517,98.637711,82.076614
3.8500748,0.135330,0.868478,-0.196832,0.900728,102.622459,81.143166
3.8600249,0.148631,0.891053,-0.260897,0.940284,106.109047,80.530045
3.8699419,0.175599,0.854811,-0.252965,0.908585,106.165726,78.391525
3.8806248,0.202323,0.760848,-0.121296,0.796579,98.758598,75.108627
3.8902478,0.240152,0.668229,-0.019647,0.710344,91.584885,70.232254
3.9000680,0.342900,0.656880,-0.007810,0.741035,90.603859,62.434822
3.9109249,0.509470,0.758896,0.076512,0.917244,85.215111,56.125362
3.9201908,0.707644,0.963782,0.136306,1.203418,83.496399,53.712524
3.9303989,0.868722,1.199297,0.103724,1.484503,85.993401,54.081970
3.9400251,0.879338,1.427735,0.063333,1.677997,87.836967,58.371193
3.9502089,0.667985,1.637258,0.099453,1.771075,86.780907,67.805038
3.9602108,0.503734,1.932201,0.053449,1.997500,88.466713,75.387962
3.9699788,0.351198,2.184068,0.050642,2.212704,88.688560,80.865028
3.9801319,0.083956,2.211525,0.044662,2.213568,88.843880,87.825935
3.9901690,-0.317885,2.183458,0.026480,2.206636,89.312416,98.283363
4.0001240,-0.766340,2.042515,0.129228,2.185370,86.609932,110.565796
4.0102100,-1.157197,1.709255,0.028677,2.064335,89.204048,124.098732
4.0201621,-1.209304,1.226022,-0.327159,1.752877,100.756821,134.606689
4.0307889,-0.914238,1.124372,-0.378045,1.497652,104.621048,129.114929
4.0401020,-0.546444,1.082150,-0.375238,1.269036,107.198761,116.792023
4.0501847,-0.184019,1.125348,-0.400742,1.208663,109.363380,99.286926
4.0617218,0.128008,1.262752,-0.446869,1.345593,109.396164,84.211571
4.0700521,0.350222,1.396129,-0.485308,1.518999,108.632202,75.917809
4.0804391,0.460658,1.421023,-0.465295,1.564613,107.300720,72.038681
4.0903416,0.501416,1.358667,-0.381461,1.497633,104.756378,69.743431
4.1001720,0.472373,1.240177,-0.254430,1.351262,100.853027,69.148590
4.1106601,0.399888,1.110705,-0.134109,1.188091,96.481255,70.199562
4.1206970,0.326305,1.009665,-0.050032,1.062262,92.699585,72.090149
4.1303258,0.268341,0.941695,0.036975,0.979879,87.837494,74.094818
4.1400399,0.219774,0.890565,0.113609,0.924291,82.939667,76.137527
4.1502328,0.195368,0.874335,0.169620,0.911812,79.279106,77.404320
4.1600747,0.187680,0.895202,0.188168,0.933819,78.375084,78.159370
4.1704659,0.180236,0.930956,0.200127,0.969131,78.082603,79.042900
4.1805210,0.167789,0.962074,0.208547,0.998614,77.945839,80.106903
4.1901217,0.126422,0.989774,0.228316,1.023603,77.111717,82.721153
4.2000747,0.054425,1.007834,0.286645,1.049218,74.145287,86.908936
4.2104497,-0.022087,1.003685,0.315688,1.052393,72.544106,91.260651
4.2209468,-0.084200,0.996486,0.292381,1.041902,73.702667,94.829834
4.2302070,-0.085664,1.025895,0.243203,1.057802,76.708023,94.773232
4.2402072,-0.059916,1.076048,0.206716,1.097361,79.141975,93.187027
4.2502861,-0.041246,1.044199,0.141431,1.054540,82.292473,92.261993
4.2601657,-0.019403,0.997340,0.080905,1.000804,85.363152,91.114510
4.2707119,-0.019036,1.012227,0.030507,1.012866,88.274010,91.077408
4.2802629,-0.070411,0.966467,-0.004881,0.969040,90.288605,94.166840
4.2902389,-0.142041,0.846879,-0.043442,0.859806,92.896133,99.521217
4.3005700,-0.187924,0.730219,-0.020745,0.754298,91.575958,104.432060
4.3101869,-0.161200,0.648826,0.028067,0.669140,87.596069,103.952538
4.3200231,-0.068580,0.635403,0.110558,0.648586,80.185432,96.160179
4.3302507,0.025382,0.642359,0.208059,0.675690,72.066055,87.737213
4.3399749,0.109948,0.638698,0.297140,0.712962,65.369316,80.232620
4.3500109,0.199517,0.631742,0.367916,0.757804,60.954567,72.472839
4.3650761,0.335579,0.682750,0.397691,0.858440,62.401546,63.825409
4.3803778,0.349856,0.695563,0.319959,0.841773,67.660027,63.298405
4.3899589,0.319837,0.667008,0.225753,0.773408,73.028641,64.381828
4.3998404,0.272612,0.638698,0.171572,0.715325,76.122177,66.886017
4.4103918,0.241251,0.661883,0.170352,0.724783,76.406113,69.973648
4.4204988,0.228560,0.709352,0.202079,0.772176,74.828979,72.140602
4.4299488,0.252355,0.770855,0.263216,0.852750,72.021088,71.873077
4.4398613,0.298848,0.831991,0.305072,0.935194,70.960983,70.241905
4.4499378,0.356812,0.875189,0.283961,0.986866,73.277313,67.819443
4.4599867,0.385977,0.882999,0.250647,0.995735,75.420670,66.388901
4.4699569,0.362547,0.877874,0.156563,0.962608,80.639587,67.560204
4.4800501,0.307024,0.845048,0.085542,0.903154,84.565094,70.032837
4.4901862,0.271636,0.839801,0.085298,0.886751,84.480095,72.076073
4.5000162,0.251989,0.852858,0.175477,0.906453,78.837837,73.539474
4.5103168,0.295675,0.908747,0.353395,1.018888,69.705620,71.976875
4.5200720,0.273710,0.946454,0.226607,1.010962,77.047089,73.870369
4.5301380,0.202690,0.956948,0.079075,0.981369,85.378342,78.041031
4.5399437,0.128130,0.966345,-0.093230,0.979250,95.463142,82.447067
4.5500088,0.038561,0.965368,-0.176575,0.982142,100.357300,87.712570
4.5601120,-0.063211,0.930712,-0.213428,0.956960,102.886894,93.885368
4.5700259,-0.156929,0.839557,-0.322644,0.913007,110.694550,100.587471
4.5801458,-0.218065,0.721921,-0.370113,0.840063,116.140724,106.807587
4.5906882,-0.236858,0.618929,-0.266999,0.714467,111.944191,110.941315
4.5999684,-0.163884,0.536926,-0.086274,0.567971,98.737000,106.973618
4.6103277,0.005125,0.454801,-0.109338,0.467787,103.516998,89.354355
4.6204567,0.187192,0.449431,-0.316176,0.580514,123.000641,67.387863
4.6299300,0.285791,0.548885,-0.371089,0.721566,120.949516,62.495094
4.6401591,0.290672,0.688486,-0.251623,0.788554,108.608170,67.110977
4.6500826,0.265778,0.787939,-0.062113,0.833873,94.271736,71.360321
4.6601949,0.268585,0.806365,0.189510,0.870791,77.430115,71.578056
4.6704125,0.318373,0.738639,0.327037,0.868275,67.873611,66.682701
4.6811509,0.455899,0.669815,0.262728,0.851776,72.034340,55.759464
4.6902180,0.657246,0.684337,0.130327,0.957744,82.179123,46.156807
4.7002230,0.820887,0.845048,0.135086,1.185837,83.458900,45.830925
4.7100611,0.854689,1.198443,0.095914,1.475113,86.271896,54.504833
4.7204418,0.627471,1.589057,-0.051252,1.709224,91.718300,68.452415
4.7301621,0.263826,1.957095,-0.094450,1.977055,92.738243,82.322533
4.7399187,-0.208669,2.114390,-0.083956,2.126320,92.262856,95.636261
4.7501531,-0.641871,2.070215,-0.145336,2.172306,93.836189,107.226059
4.7602568,-0.820276,2.003466,-0.236003,2.177711,96.221489,112.265602
4.7703099,-0.804413,1.926588,-0.175355,2.095130,94.801071,112.662109
4.7800436,-0.821741,1.841900,-0.094816,2.019120,92.691551,114.043442
4.7899218,-0.838093,1.805291,-0.022819,1.990477,90.656868,114.902718
4.8001838,-0.846024,1.714014,0.084322,1.913298,87.474075,116.270599
4.8107967,-0.736931,1.564285,0.132401,1.734239,85.621475,115.225014
4.8201900,-0.519476,1.461049,0.059916,1.551808,87.787231,109.572845
4.8305111,-0.258701,1.459218,-0.018548,1.482089,90.717079,100.053345
4.8401227,0.011837,1.530361,-0.103480,1.533901,93.868233,89.556847
4.8502607,0.168033,1.587104,-0.129838,1.601247,94.650978,83.956367
4.8600469,0.132157,1.549031,-0.087861,1.557139,93.234596,85.123566
4.8703198,0.039293,1.473252,-0.047713,1.474548,91.854294,88.472221
4.8804708,-0.019036,1.399912,-0.037341,1.400540,91.527786,90.779076
4.8911791,-0.012691,1.304364,-0.057353,1.305686,92.517578,90.557449
4.9004989,0.078586,1.201372,-0.095792,1.207744,94.549202,86.257393
4.9104338,0.185606,1.074462,-0.129106,1.097992,96.752686,80.199287
4.9217739,0.266999,0.992215,-0.098477,1.032219,95.474533,74.938843
4.9305911,0.256382,0.900449,-0.013789,0.936339,90.843811,74.106918
4.9407601,0.205496,0.829795,0.102382,0.860970,83.170532,76.090714
4.9501848,0.171328,0.795871,0.194880,0.837103,76.537872,77.851257
4.9600677,0.160834,0.803925,0.254918,0.858572,72.727943,78.686722
4.9707866,0.187070,0.871284,0.301655,0.940812,71.298828,77.882225
4.9806538,0.187558,0.873969,0.238688,0.925187,75.049240,77.887764
4.9910679,0.150095,0.844560,0.161322,0.872832,79.349022,79.922615
5.0004959,0.059062,0.831991,0.004881,0.834099,89.664703,85.939468
5.0108967,-0.104945,0.753527,-0.162542,0.777969,102.059731,97.928658
5.0205669,-0.336067,0.642969,-0.183775,0.748414,104.214508,117.595161
5.0308332,-0.569264,0.491653,-0.098721,0.758637,97.477089,139.183960
5.0399685,-0.670303,0.365354,0.065529,0.766214,85.093864,151.407089
5.0500679,-0.502026,0.430761,0.321912,0.735671,64.050720,139.368896
5.0601668,-0.180480,0.533143,0.510324,0.759766,47.802750,108.702057
5.0702939,0.130083,0.543027,0.613438,0.829522,42.310486,76.528618
5.0801301,0.347293,0.509103,0.646020,0.892827,43.650299,55.699490
5.0899940,0.453946,0.484332,0.465173,0.810574,54.978695,46.854816
5.1006718,0.490677,0.496046,0.186948,0.722340,75.000626,45.311771
5.1101785,0.525089,0.577806,0.138380,0.792923,79.949310,47.736553
5.1200447,0.488237,0.632718,0.258945,0.840095,72.047249,52.344463
5.1307569,0.366940,0.628936,0.348270,0.807154,64.438553,59.739418
5.1400599,0.239908,0.647484,0.257480,0.736945,69.550049,69.669128
5.1504011,0.128984,0.698126,0.122883,0.720497,80.180038,79.532196
5.1609936,0.045517,0.752673,0.026114,0.754500,88.016525,86.539345
5.1708789,-0.021843,0.761459,-0.066140,0.764638,94.962166,91.643127
5.1801209,-0.072729,0.755845,-0.131791,0.770688,99.846207,95.496201
5.1900902,-0.136550,0.804779,-0.180602,0.836022,102.475723,99.629890
5.2000399,-0.203178,0.883609,-0.202812,0.929074,102.608864,102.949532
5.2106175,-0.164373,0.918998,-0.255040,0.967791,105.279488,100.140732
5.2200928,-0.066384,0.876532,-0.285181,0.924144,107.974228,94.330994
5.2301888,0.007322,0.801850,-0.326305,0.865732,112.142517,89.476845
5.2401428,0.034046,0.741446,-0.312393,0.805289,112.825562,87.370918
5.2499418,0.022331,0.694587,-0.229170,0.731757,108.250816,88.158554
5.2604837,0.058940,0.695807,-0.166935,0.717976,103.444778,85.158195
5.2699718,0.180602,0.780739,-0.143018,0.814018,100.119011,76.975304
5.2802968,0.352053,0.936204,-0.099941,1.005190,95.706085,69.391594
5.2899966,0.511910,1.112779,-0.084932,1.227820,93.966484,65.296219
5.3008261,0.592693,1.275565,-0.151071,1.414629,96.130440,65.078003
5.3129640,0.480061,1.369161,-0.340216,1.490237,103.196793,70.678116
5.3299837,-0.018914,1.486797,-0.328745,1.522825,102.467072,90.728851
5.3399596,0.098721,2.082785,0.163396,2.091515,85.519295,87.286285
5.3499622,0.251745,2.723191,0.412457,2.765730,81.423416,84.718307
5.3599787,0.038195,2.855104,0.255406,2.866759,84.888618,89.233559
5.3698988,-0.452604,2.615927,0.150461,2.659054,86.756210,99.816055
5.3800378,-0.958047,2.204203,0.331552,2.426168,82.145576,113.491959
5.3902698,-1.272270,1.744277,0.514351,2.219399,76.599747,126.106903
5.3999686,-1.242862,1.421267,0.446259,1.940065,76.701599,131.168854
5.4102058,-0.985259,1.314004,0.247596,1.660917,81.426857,126.863083
5.4201589,-0.682750,1.301801,0.026724,1.470221,88.958473,117.675468
5.4300919,-0.410138,1.320838,-0.147411,1.390883,96.083832,107.250282
5.4400210,-0.184629,1.407966,-0.304461,1.452292,102.101372,97.470680
5.4501810,-0.039415,1.505955,-0.450408,1.572362,106.645721,91.499252
5.4601088,0.020135,1.515595,-0.520574,1.602633,108.954933,89.238869
5.4701080,0.027700,1.424928,-0.447723,1.493869,107.440010,88.886314
5.4799662,0.012447,1.273369,-0.179870,1.286070,98.039764,89.439964
5.4899387,-0.128740,0.957559,-0.026968,0.966550,91.598854,97.657288
5.5000896,-0.133133,0.891297,0.068580,0.903791,85.648186,98.495468
5.5102811,-0.080295,0.902646,0.129594,0.915430,81.861481,95.083366
5.5204530,-0.000732,0.958169,0.185606,0.975980,79.037094,90.043785
5.5301938,0.062235,1.066774,0.221116,1.091225,78.309158,86.661201
5.5401559,0.132889,1.180627,0.210865,1.206650,79.935730,83.577927
5.5501447,0.169132,1.148289,0.195856,1.177087,80.421982,81.621140
5.5600438,0.109460,0.964392,0.183165,0.987716,79.313042,83.524574
5.5701137,0.018304,0.851272,0.095182,0.856772,83.621613,88.768196
5.5800877,-0.117758,0.796237,-0.000976,0.804898,90.069489,98.412651
5.5901732,-0.281032,0.750354,-0.019403,0.801490,91.387154,110.532555
5.6000137,-0.390980,0.653585,0.176575,0.781804,76.946762,120.888184
5.6102271,-0.387563,0.518744,0.429175,0.776847,56.464245,126.764084
5.6202970,-0.265656,0.455411,0.613682,0.809060,40.666767,120.256439
5.6306715,-0.097623,0.452238,0.633085,0.784121,36.159138,102.181305
5.6399980,0.064309,0.488359,0.430639,0.654278,48.838047,82.498215
5.6501799,0.190121,0.571338,0.117514,0.613500,78.956970,71.594429
5.6601925,0.270415,0.630278,-0.012325,0.685949,91.029526,66.778656
5.6709118,0.292503,0.599771,0.130327,0.679903,78.948914,64.001938
5.6807017,0.253698,0.503124,0.329355,0.652665,59.693092,63.240730
5.6899219,0.190975,0.432225,0.441378,0.646610,46.952652,66.162209
5.7000508,0.169498,0.513985,0.294211,0.616011,61.470795,71.748886
5.7112188,0.122029,0.646508,0.046615,0.659573,85.947273,79.311150
5.7202959,-0.040025,0.702031,-0.020013,0.703456,91.630234,93.263115
5.7306008,-0.251257,0.716552,0.032094,0.760005,87.579788,109.323074
5.7402134,-0.364011,0.746449,0.010861,0.830547,89.250755,115.996521
5.7500949,-0.318861,0.795016,-0.108239,0.863388,97.201881,111.854462
5.7599945,-0.231000,0.866891,-0.204764,0.920212,102.856987,104.920876
5.7700748,-0.229170,0.941939,-0.238688,0.998369,103.832130,103.674149
5.7802000,-0.293601,0.982453,-0.276151,1.061920,105.072945,106.638504
5.7903161,-0.342046,0.950603,-0.386953,1.081838,110.957832,109.789764
5.8006306,-0.371455,0.852614,-0.486406,1.049533,117.609947,113.541130
5.8106618,-0.399644,0.737297,-0.454191,0.953735,118.439003,118.459419
5.8202958,-0.369869,0.640650,-0.483843,0.883934,123.187096,119.999268
5.8299737,-0.266633,0.617831,-0.409772,0.787859,121.339546,113.343208
5.8399463,-0.133133,0.624054,-0.264436,0.690720,112.509766,102.042717
5.8501968,0.018914,0.688486,-0.165105,0.708258,103.480461,88.426338
5.8600841,0.188778,0.834798,-0.182311,0.875078,102.024887,77.257652
5.8699789,0.361083,1.006858,-0.288476,1.107864,105.093155,70.270988
5.8807898,0.450774,1.073730,-0.269561,1.195306,103.033257,67.226334
5.8909826,0.536926,1.118026,-0.269561,1.269226,102.262001,64.347610
5.9001975,0.494704,1.113511,-0.405867,1.284277,108.422867,66.045670
5.9101481,0.434056,1.119491,-0.555108,1.322803,114.812195,68.807388
5.9201579,0.383292,1.454459,-0.314590,1.536662,101.813271,75.236565
5.9301987,0.256016,2.223972,0.086762,2.240340,87.780533,83.433212
5.9400496,-0.063821,2.981403,0.519110,3.026932,80.125130,91.226303
5.9501963,-0.666154,2.952605,0.728877,3.113342,76.460594,102.713959
5.9599495,-1.143408,2.401767,0.553888,2.717105,78.237679,115.457695
5.9701905,-1.409919,1.860692,0.495192,2.386475,78.024147,127.152618
5.9802289,-1.223093,1.458486,0.401474,1.945333,78.089813,129.983337
5.9906378,-0.911798,1.413702,0.117514,1.686338,86.004066,122.820885
6.0004320,-0.580612,1.314004,-0.072729,1.438404,92.898247,113.838951
6.0100470,-0.296041,1.288134,-0.177186,1.333539,97.635399,102.943069
6.0200057,-0.100430,1.305462,-0.288964,1.340827,102.445541,94.399117
6.0311699,-0.003905,1.340729,-0.449431,1.414057,108.531815,90.166878
6.0400605,0.035632,1.365622,-0.561210,1.476872,112.333618,88.505356
6.0503960,0.041612,1.313394,-0.525211,1.415126,111.785995,88.185326
6.0600548,0.055157,1.205033,-0.370357,1.261868,107.067551,87.379280
6.0700889,0.063821,1.068117,-0.212330,1.090885,101.223694,86.580589
6.0809345,0.019281,0.947308,-0.090545,0.951821,95.458710,88.834023
6.0903597,0.011227,0.942061,-0.049300,0.943417,92.995438,89.317230
6.1002207,0.047103,0.979402,-0.044296,0.981534,92.586624,87.246559
6.1101584,0.097867,0.941451,-0.048323,0.947757,92.922607,84.065231
6.1201239,0.130815,0.853102,-0.026236,0.863472,91.741173,81.282173
6.1302609,0.103480,0.735711,0.008908,0.743006,89.313049,81.993668
6.1399584,0.025016,0.619783,0.040880,0.621634,86.229424,87.688667
6.1511312,-0.071997,0.546444,0.090301,0.558515,80.695526,97.505783
6.1601939,-0.186826,0.480427,0.137648,0.533536,75.049026,111.249802
6.1702366,-0.285181,0.413555,0.174257,0.531716,70.869202,124.589523
6.1801858,-0.312271,0.411481,0.247596,0.572829,64.390602,127.194748
6.1902089,-0.226241,0.494582,0.303607,0.622875,60.828297,114.581200
6.2002630,-0.081881,0.594768,0.285547,0.664823,64.563652,97.838593
6.2104015,0.073827,0.644555,0.172182,0.671229,75.136444,83.465820
6.2200947,0.188290,0.612828,0.065041,0.644392,84.207031,72.920525
6.2303948,0.208059,0.544614,0.052350,0.585349,84.868935,69.091644
6.2400589,0.177918,0.505076,0.049910,0.537818,84.675270,70.594727
6.2503238,0.149485,0.517279,0.145458,0.557747,74.882713,73.881592
6.2615771,0.108972,0.489579,0.184995,0.534589,69.753998,77.451538
6.2704868,0.022453,0.405379,0.074682,0.412812,79.577271,86.829720
6.2804866,-0.050886,0.412945,-0.078464,0.423402,100.679718,97.024971
6.2901726,-0.107141,0.553888,-0.197076,0.597587,109.255829,100.947784
6.3000665,-0.109948,0.799654,-0.194392,0.830254,103.540642,97.828758
6.3101764,-0.025504,1.066652,-0.171206,1.080606,99.116089,91.369698
6.3200021,0.098843,1.228462,-0.107873,1.237144,95.002281,85.399841
6.3298841,0.185117,1.188315,-0.035022,1.203157,91.668037,81.145546
6.3399220,0.212452,1.005760,0.156807,1.039845,81.326813,78.072456
6.3500051,0.142529,0.837116,0.206594,0.873933,76.326065,80.337341
6.3599548,0.009030,0.734490,0.057842,0.736820,85.497551,89.295616
6.3699050,-0.148265,0.721311,-0.087250,0.741542,96.757118,101.615311
6.3802028,-0.282008,0.800020,-0.198297,0.871138,103.157539,109.417633
6.3898292,-0.305316,0.968785,-0.254674,1.047197,104.075226,107.492401
6.3999028,-0.212818,1.165373,-0.284937,1.218431,103.524162,100.349190
6.4098697,-0.153512,1.319007,-0.356324,1.374887,105.020569,96.638474
6.4198489,-0.198297,1.365134,-0.470908,1.457624,108.848434,98.264862
6.4306440,-0.169132,1.340484,-0.095182,1.354461,94.029678,97.191124
6.4401207,-0.020745,1.373676,-0.095182,1.377126,93.963249,90.865196
6.4501309,0.084200,1.489847,0.377923,1.539338,75.788033,86.765327
6.4598498,0.118124,1.608947,0.296896,1.640369,79.572388,85.801064
6.4700074,-0.044907,1.559160,0.239176,1.578037,81.282333,91.649765
6.4799757,-0.264802,1.487895,0.154976,1.519200,84.144966,100.091331
6.4899979,-0.502880,1.415166,0.071753,1.503573,87.264717,109.562698
6.5001640,-0.696661,1.309733,0.035144,1.483905,88.642899,118.009003
6.5098615,-0.797091,1.181725,0.005857,1.425434,89.764557,124.000237
6.5199356,-0.756211,1.092400,-0.020013,1.328757,90.862976,124.692825
6.5298567,-0.580368,1.061893,-0.052350,1.211274,92.477051,118.658417
6.5398040,-0.351442,1.072754,-0.100430,1.133313,95.083984,108.139198
6.5501971,-0.149973,1.111193,-0.156441,1.132128,97.942711,97.686531
6.5602708,0.006468,1.157930,-0.188778,1.173235,99.259377,89.679985
6.5699544,0.112999,1.201494,-0.199151,1.223118,99.370743,84.627228
6.5806999,0.158515,1.190389,-0.143140,1.209398,96.797234,82.414978
6.5901461,0.133743,1.094475,-0.017572,1.102756,90.913033,83.033073
6.6002831,0.048811,0.950969,0.071265,0.954884,85.719933,87.061691
6.6100788,-0.045395,0.824669,0.079563,0.829741,84.497536,93.150719
6.6199408,-0.062723,0.795627,0.078464,0.801943,84.385033,94.507553
6.6307769,0.025260,0.847001,0.081393,0.851277,84.513405,88.291786
6.6406231,0.119344,0.897398,0.028677,0.905753,88.185677,82.424751
6.6508079,0.083101,0.772685,-0.113975,0.785454,98.343460,83.861496
6.6600780,-0.090423,0.573901,-0.086274,0.587351,98.446564,98.953857
6.6705036,-0.283595,0.535584,0.032216,0.606888,86.957130,117.901466
6.6801667,-0.490677,0.670547,0.205984,0.856053,76.076813,126.195030
6.6905408,-0.645287,0.768536,0.259067,1.036417,75.524620,130.017883
6.7000189,-0.544248,0.735589,0.080539,0.918576,84.969963,126.497017
6.7099624,-0.174379,0.703373,-0.064065,0.727493,95.052170,103.923920
6.7200818,0.299214,0.739982,-0.125934,0.808060,98.965904,67.983879
6.7300558,0.611363,0.764265,-0.102504,0.984060,95.979027,51.342422
6.7423420,0.625275,0.738883,-0.050642,0.969269,92.994926,49.760670
6.7505140,0.483477,0.688608,0.047347,0.842717,86.779205,54.926968
6.7602181,0.306902,0.622590,0.308732,0.759686,66.021439,63.759285
6.7701106,0.203544,0.573168,0.608923,0.860662,44.967709,70.449020
6.7801924,0.230390,0.609655,0.927784,1.133817,35.086685,69.298309
6.7900820,0.431615,0.689340,0.969395,1.265389,39.996372,57.948143
6.8000154,0.617831,0.671401,0.529970,1.055160,59.850025,47.379398
6.8098898,0.694221,0.724850,-0.132889,1.012428,97.542290,46.236481
6.8199997,0.680920,1.019671,-0.705692,1.414702,119.922424,56.265648
6.8298488,0.474935,1.377703,-0.831381,1.677744,119.705048,70.979401
6.8398919,0.049178,1.589057,-0.754869,1.759928,115.399063,88.227394
6.8498116,-0.543027,1.612242,-0.650168,1.821242,110.915565,108.614296
6.8598208,-1.023820,1.506321,-0.241373,1.837246,97.549194,124.203255
6.8698816,-1.219920,1.405282,0.134598,1.865781,85.863083,130.961136
6.8798676,-1.184654,1.337556,0.109948,1.790125,86.478729,131.530853
6.8899698,-1.100820,1.256163,-0.076146,1.671989,92.610275,131.229248
6.8998408,-0.979524,1.281179,-0.115561,1.616861,94.098564,127.399681
6.9097872,-0.802094,1.339508,-0.002074,1.561295,90.076126,120.913071
6.9199505,-0.633817,1.333651,0.101650,1.480095,86.061943,115.419373
6.9299788,-0.505687,1.235784,0.095548,1.338660,85.906967,112.254532
6.9398599,-0.390126,1.114975,0.036120,1.181809,88.248558,109.284737
6.9500680,-0.191097,0.952067,-0.191829,0.989822,101.174713,101.349472
6.9600840,-0.100308,0.919852,-0.237834,0.955382,104.414864,96.223373
6.9699607,0.005247,0.914849,-0.128618,0.923860,98.002609,89.671379
6.9802365,0.092132,0.899107,0.072973,0.906756,85.384010,84.149315
6.9900694,0.133133,0.852736,0.194270,0.884660,77.314583,81.126343
7.0005264,0.112266,0.810148,0.023307,0.818222,88.367676,82.110481
7.0100665,0.050520,0.774638,-0.470542,0.907759,121.222054,86.268600
7.0202794,-0.074193,0.725704,-0.659931,0.983697,132.134079,95.837433
7.0307999,-0.298970,0.790745,-0.442476,0.954173,117.627861,110.710922
7.0401216,-0.523137,0.882511,0.294333,1.067300,73.991890,120.658699
7.0503197,-0.509103,0.857007,0.746815,1.245544,53.159496,120.712349
7.0601287,-0.250647,1.025651,0.770245,1.306928,53.888729,103.732697
7.0700631,0.095914,1.425905,0.780739,1.628483,61.351997,86.151756
7.0800891,0.482867,1.696442,0.977937,2.016789,60.994194,74.111778
7.0901618,0.782448,1.697784,0.575121,1.955878,72.899574,65.256729
7.0999141,0.831381,1.602968,-0.145214,1.811571,94.597717,62.586441
7.1106277,0.633817,1.496315,-0.301777,1.652801,100.520370,67.043205
7.1202579,0.309709,1.383072,-0.058086,1.418514,92.346817,77.378090
7.1304255,0.008664,1.205765,0.287866,1.239681,76.572823,89.588310
7.1401095,-0.203300,0.951945,0.355835,1.036412,69.919868,102.055122
7.1500587,-0.332894,0.731318,0.090057,0.808551,83.605072,114.474922
7.1599889,-0.399522,0.683482,-0.420999,0.896664,118.002945,120.307930
7.1699338,-0.432225,0.971470,-0.636135,1.239048,120.890991,113.985191
7.1809812,-0.569752,1.350735,-0.528628,1.558380,109.829132,112.870438
7.1900997,-0.910334,1.408088,-0.426856,1.730210,104.282776,122.882797
7.2004490,-1.317177,1.127301,-0.423439,1.784674,103.725128,139.441574
7.2106962,-1.462147,0.926441,-0.435154,1.784804,104.111549,147.640961
7.2202396,-1.262630,0.958779,-0.312393,1.615884,101.146980,142.788757
7.2300305,-0.932299,1.046395,-0.144970,1.408950,95.905739,131.699829
7.2401171,-0.580978,1.050545,-0.085176,1.203509,94.058388,118.943726
7.2510381,-0.230268,1.015400,-0.101528,1.046121,95.569420,102.777184
7.2601447,0.071997,1.007346,-0.086274,1.013594,94.882759,85.911919
7.2699203,0.267487,1.030898,-0.028067,1.065405,91.509552,75.454247
7.2806258,0.357910,1.041026,0.053937,1.102154,87.194969,71.026779
7.2901540,0.375604,0.996974,0.068946,1.067609,86.297264,69.356392
7.3007588,0.331552,0.902524,0.057231,0.963198,86.593590,69.828651
7.3101177,0.268829,0.819178,0.103236,0.868320,83.171844,71.831757
7.3223038,0.245888,0.774028,0.112999,0.819968,82.078957,72.376350
7.3398504,-0.074193,0.584761,0.052716,0.591802,84.889450,97.230942
7.3498578,-0.345951,0.486894,0.082003,0.602887,82.182533,125.394791
7.3598928,-0.540709,0.488725,0.262362,0.774630,70.202751,137.890854
7.3698001,-0.380851,0.660175,0.496901,0.909829,56.896904,119.980415
7.3799138,0.048323,1.008201,0.620272,1.184711,58.428410,87.255898
7.3900285,0.452604,1.512057,0.583785,1.682846,69.701973,73.335976
7.4016209,0.783668,1.893030,0.033436,2.049101,89.065048,67.511650
7.4101429,0.783668,1.893030,0.033436,2.049101,89.065048,67.511650
7.4201469,0.630888,1.628594,0.141919,1.752278,85.354454,68.824532
7.4298487,0.335945,1.338288,0.141919,1.387089,84.127533,75.908455
7.4398360,-0.280910,0.753039,-0.117636,0.812290,98.326836,110.457283
7.4500585,-0.511666,0.584395,-0.155709,0.792190,101.335548,131.203720
7.4599457,-0.591351,0.695441,-0.167545,0.928119,100.400124,130.375336
7.4699340,-0.593303,0.997218,-0.254430,1.187934,102.367325,120.750885
7.4798446,-0.667008,1.268244,-0.549495,1.534694,110.980392,117.741264
7.4905119,-0.918876,1.352809,-0.793308,1.817626,115.877785,124.185722
7.5007925,-1.291307,1.320228,-0.805633,2.014825,113.568962,134.365524
7.5099669,-1.540489,1.244082,-0.701665,2.100757,109.512077,141.076050
7.5199881,-1.434569,1.231391,-0.402572,1.932970,102.020767,139.358185
7.5304089,-1.174281,1.247255,-0.129106,1.717920,94.309998,133.273911
7.5399218,-0.853346,1.255308,-0.057720,1.518990,92.177689,124.207474
7.5499015,-0.455655,1.248353,-0.032704,1.329314,91.409729,110.052330
7.5600533,-0.047103,1.248841,-0.014887,1.249818,90.682510,92.160027
7.5702271,0.280300,1.260068,0.050398,1.291851,87.764206,77.458855
7.5801797,0.462488,1.226510,0.133377,1.317578,84.190048,69.339699
7.5902119,0.530092,1.136453,0.168155,1.265227,82.362480,64.993546
7.6017628,0.588788,1.049202,0.137648,1.210968,83.473198,60.699863
7.6099420,0.682750,0.973666,0.054547,1.190441,87.373749,54.961258
7.6212749,0.722287,0.860912,0.202690,1.141907,79.775772,50.004040
7.6300955,0.547909,0.638698,0.417704,0.939476,63.601372,49.375275
7.6398497,0.292747,0.439059,0.375116,0.647445,54.593143,56.306259
7.6507378,0.150339,0.411114,0.309343,0.536013,54.751923,69.913185
7.6603980,0.040025,0.430883,0.269317,0.509700,58.103676,84.692940
7.6699204,-0.096891,0.436862,0.527896,0.692034,40.286724,102.505081
7.6803942,-0.139479,0.642603,0.677503,0.944141,44.144440,102.246254
7.6907096,0.114219,1.007590,0.353639,1.073939,70.774223,83.532654
7.6998534,0.428198,1.368917,-0.225387,1.451925,98.930313,72.630272
7.7100186,0.506053,1.619198,-0.141553,1.702330,94.769798,72.644249
7.7198634,0.306048,1.590155,0.110070,1.623075,86.111465,79.105827
7.7298379,-0.059428,1.280202,0.164861,1.292141,82.669815,92.657806
7.7398419,-0.299946,0.920462,0.017084,0.968251,88.989006,108.048981
7.7497945,-0.348758,0.578538,-0.158881,0.693960,103.235176,121.082680
7.7599607,-0.236613,0.315932,-0.422951,0.578521,136.977875,126.830925
7.7698708,-0.088227,0.205496,-0.823937,0.853748,164.814468,113.235535
7.7804084,-0.021477,0.294089,-1.039440,1.080456,164.162231,94.176842
7.7898331,-0.092376,0.496534,-1.159516,1.264736,156.463348,100.538864
7.7997918,-0.337043,0.835408,-0.988676,1.337529,137.661667,111.971474
7.8097792,-0.591961,2.163080,0.279446,2.259960,82.897163,105.305161
7.8199387,-0.990628,3.763607,1.023332,4.024089,75.267799,104.746490
7.8302898,-1.966247,2.663397,0.928150,3.438208,74.338608,126.436516
7.8399239,-2.358081,1.065188,0.813443,2.712353,72.548225,155.690445
7.8498158,-1.945014,0.793796,0.295797,2.121483,81.985161,157.798721
7.8598671,-1.320960,1.173061,-0.343389,1.799701,100.999657,138.393738
7.8700328,-0.598550,1.714380,-0.876410,2.016297,115.763840,109.245888
7.8798866,0.151438,2.081442,-1.051033,2.336665,116.730865,85.838715
7.8898149,0.527408,2.027750,-0.506907,2.155663,103.600540,75.420685
7.9002795,0.606604,1.644580,0.285669,1.776012,80.743843,69.753471
7.9104757,0.606360,1.244204,0.815761,1.606606,59.485630,64.017807
7.9199190,0.711305,0.695197,0.612950,1.168315,58.355713,44.343857
7.9300117,0.744497,0.607581,0.473227,1.071155,63.781773,39.217739
7.9400926,0.575609,0.631498,0.413555,0.949286,64.173424,47.650902
7.9499664,0.275541,0.739738,0.306780,0.846905,68.762390,69.570427
7.9600134,-0.078220,0.915459,0.181579,0.936565,78.820862,94.883713
7.9699230,-0.421487,1.162078,0.187680,1.250321,81.366959,109.935753
7.9798489,-0.619173,1.412603,0.277127,1.567043,79.813835,113.668831
7.9899926,-0.632840,1.503393,0.284083,1.655711,80.120453,112.828247
8.0000296,-0.519232,1.414556,0.151804,1.514468,84.247261,110.156342
8.0098581,-0.357422,1.328526,0.026724,1.376025,88.887169,105.058105
8.0200510,-0.245644,1.323156,-0.038561,1.346317,91.641281,100.517212
8.0299730,-0.144726,1.324255,-0.085176,1.334860,93.658470,96.237022
8.0399008,-0.035998,1.273003,-0.054059,1.274658,92.430664,91.619797
8.0498781,0.055889,1.170254,0.059916,1.173119,87.072395,87.265739
8.0598679,0.139235,1.128033,0.189510,1.152284,80.533836,82.963493
8.0707350,0.257358,1.187338,0.248206,1.240005,78.453362,77.770187
8.0827293,0.298238,1.199785,0.231854,1.257850,79.378166,76.040565
8.0960588,0.268219,0.899717,0.374628,1.010830,68.246513,73.399902
8.1108656,0.272856,0.851760,0.314956,0.948231,70.600616,72.237465
8.1221704,0.284205,0.985503,0.156319,1.037509,81.334396,73.913216
8.1301889,0.234417,1.130595,-0.021477,1.154841,91.065613,78.286301
8.1399488,0.064797,1.096793,-0.264680,1.130137,103.544571,86.618965
8.1499033,-0.184385,0.921926,-0.443940,1.039725,115.275948,101.309929
8.1602268,-0.387319,0.742300,-0.438449,0.945126,117.639397,117.554741
8.1698475,-0.454313,0.609899,-0.380729,0.850489,116.593605,126.682350
8.1798182,-0.420023,0.524967,-0.366696,0.765817,118.609009,128.663055
8.1898670,-0.366818,0.486528,-0.410504,0.734696,123.968704,127.014481
8.1998739,-0.330698,0.517889,-0.428565,0.749158,124.894112,122.560211
8.2098408,-0.313003,0.613438,-0.388173,0.790541,119.407768,117.032707
8.2198029,-0.301411,0.716552,-0.332284,0.845404,113.144257,112.813583
8.2298250,-0.266389,0.785132,-0.333626,0.893701,111.919800,108.741631
8.2398958,-0.216479,0.789525,-0.333870,0.884128,112.186745,105.333015
8.2497911,-0.146312,0.757798,-0.291160,0.824887,110.669067,100.927956
8.2598085,-0.051862,0.720701,-0.239664,0.761274,108.349937,94.115952
8.2700510,0.046737,0.726192,-0.141797,0.741381,101.026382,86.317581
8.2798920,0.115683,0.766706,-0.089935,0.780582,96.616051,81.419746
8.2900496,0.118368,0.814175,-0.042588,0.823836,92.963211,81.728081
8.2999372,0.072241,0.876166,-0.002319,0.879142,90.151108,85.286552
8.3100872,0.027456,0.939132,0.020135,0.939749,88.772308,88.325378
8.3198547,0.012935,0.987944,0.054791,0.989546,86.825928,89.249878
8.3298130,0.023552,0.987822,0.074071,0.990875,85.712936,88.634216
8.3407135,0.043320,0.965979,0.123371,0.974788,82.729042,87.432243
8.3498182,0.070411,0.949871,0.172060,0.967893,79.760223,85.760620
8.3599043,0.098843,0.952800,0.189022,0.976384,78.837387,84.077339
8.3698530,0.122517,0.950603,0.156197,0.971110,80.744141,82.656021
8.3798094,0.167057,0.957437,0.133011,0.980961,82.207100,80.102455
8.3901911,0.199273,0.976595,0.114585,1.003283,83.441948,78.467201
8.3999605,0.207693,1.017109,0.085420,1.041606,85.296005,78.458916
8.4102659,0.159491,1.088617,0.078098,1.103007,85.939781,81.664993
8.4200621,0.127398,1.053961,0.061258,1.063399,86.697578,83.107796
8.4304638,0.105677,1.004540,0.039415,1.010852,87.765350,83.994614
8.4406614,0.096769,0.964514,0.004271,0.969366,89.747559,84.270744
8.4499159,0.088471,0.933885,-0.019281,0.938264,91.177460,84.588287
8.4599457,0.080051,0.910944,-0.033070,0.915052,92.071106,84.977936
8.4701777,0.068946,0.900083,-0.038317,0.903533,92.430527,85.619713
8.4802284,0.051374,0.897521,-0.069190,0.901648,94.401062,86.723969
8.4908466,0.030019,0.894348,-0.087006,0.899071,95.553413,88.077576
8.5009222,0.019769,0.883853,-0.092498,0.888900,95.972931,88.718712
8.5099173,0.017816,0.863230,-0.090789,0.868174,96.002678,88.817642
8.5211744,0.013545,0.846757,-0.097623,0.852473,96.575783,89.083542
8.5303669,0.011227,0.845780,-0.112144,0.853257,97.552284,89.239517
8.5401869,0.002563,0.858227,-0.120198,0.866607,97.972610,89.828918
8.5509462,-0.006590,0.880192,-0.121541,0.888569,97.861694,90.428932
8.5601444,-0.011105,0.908747,-0.108850,0.915310,96.829826,90.700104
8.5703630,-0.000122,0.936936,-0.084566,0.940744,95.157425,90.007462
8.5806971,0.021477,0.950969,-0.067116,0.953576,94.035995,88.706230
8.5900974,0.056499,0.943281,-0.058696,0.946793,93.554291,86.572281
8.6008568,0.095304,0.921682,-0.023674,0.926899,91.463531,84.096451
8.6114435,0.121418,0.902036,0.045151,0.911290,87.160072,82.333778
8.6202297,0.140333,0.889100,0.105311,0.906247,83.326851,81.030602
8.6302299,0.153146,0.877996,0.142285,0.902538,80.929466,80.105629
8.6400976,0.157051,0.868234,0.149363,0.894876,80.391846,79.746895
8.6506958,0.153146,0.865427,0.135574,0.889268,81.230751,79.964828
8.6604824,0.149119,0.867624,0.122029,0.888762,82.108253,80.247818
8.6700115,0.150827,0.861644,0.127764,0.884027,81.690224,80.071198
8.6802263,0.153756,0.854078,0.146190,0.880035,80.437775,79.794601
8.6902819,0.160712,0.849319,0.160956,0.879249,79.451920,79.284943
8.7001543,0.164006,0.857495,0.156685,0.886987,79.825409,79.172249
8.7106924,0.156441,0.879826,0.145946,0.905466,80.724396,79.917686
8.7200432,0.145580,0.909845,0.133133,0.930987,81.778389,80.909424
8.7307043,0.132767,0.933397,0.124347,0.950957,82.486488,81.904510
8.7416840,0.121296,0.945966,0.121052,0.961362,82.766251,82.693123
8.7498980,0.112632,0.951091,0.129106,0.966400,82.322609,83.246239
8.7602034,0.107995,0.953898,0.146800,0.971151,81.305771,83.540771
8.7703791,0.106287,0.955972,0.152658,0.973902,80.981773,83.655792
8.7806492,0.112388,0.954874,0.150583,0.973186,81.098724,83.287186
8.7902975,0.125079,0.951701,0.157539,0.972727,80.679558,82.512695
8.8001413,0.139357,0.942305,0.159980,0.965895,80.466263,81.587555
8.8102446,0.149973,0.932299,0.160468,0.957822,80.355530,80.861465
8.8206711,0.149973,0.924001,0.158027,0.949338,80.417923,80.780800
8.8299770,0.141675,0.918021,0.157295,0.942113,80.388901,81.226944
8.8401899,0.138991,0.911554,0.154976,0.935022,80.459419,81.330513
8.8502083,0.140699,0.908869,0.146800,0.931338,80.931030,81.200089
8.8599558,0.145092,0.916801,0.132889,0.937676,81.852501,81.007011
8.8705606,0.168277,0.933153,0.097989,0.953254,84.099907,79.777596
8.8801489,0.168277,0.958657,0.082003,0.976762,85.184113,80.044037
8.8901148,0.202201,0.990262,0.068336,1.013003,86.131950,78.459435
8.9006805,0.209767,0.985015,0.067726,1.009378,86.152756,77.977974
8.9101419,0.203544,0.964270,0.080905,0.988834,85.306892,78.080650
8.9205523,0.191219,0.938522,0.101040,0.963119,83.978081,78.483917
8.9300842,0.180114,0.914116,0.117392,0.939058,82.818680,78.853432
8.9401617,0.177918,0.898253,0.128618,0.924692,82.004631,78.796387
8.9505329,0.183043,0.891053,0.137160,0.919942,81.425423,78.391609
8.9601688,0.199029,0.900205,0.142407,0.932878,81.219246,77.532883
8.9700689,0.218431,0.914605,0.143628,0.951232,81.315628,76.567894
8.9801550,0.227461,0.931322,0.138625,0.968668,81.772240,76.275063
8.9902630,0.223800,0.948895,0.135940,0.984361,82.062103,76.729095
9.0004921,0.219285,0.961586,0.139967,0.996154,81.922806,77.153625
9.0100946,0.220506,0.970250,0.142285,1.005113,81.861778,77.196045
9.0202541,0.225265,0.981842,0.144116,1.017609,81.858284,77.078217
9.0301828,0.231122,0.999903,0.146190,1.036626,81.892830,76.984962
9.0402107,0.240640,1.018085,0.152048,1.057130,81.730431,76.701309
9.0499754,0.247474,1.026139,0.155342,1.066928,81.628098,76.440887
9.0600367,0.244423,1.024674,0.150095,1.064062,81.890892,76.583519
9.0699224,0.232220,1.019915,0.146068,1.056167,82.050499,77.173218
9.0799904,0.218797,1.012349,0.147044,1.046110,81.919563,77.804344
9.0901928,0.211598,1.003929,0.143628,1.035991,82.030960,78.098007
9.1015949,0.208059,0.996364,0.138136,1.027186,82.271423,78.205093
9.1100254,0.206472,0.991361,0.136062,1.021734,82.347321,78.235092
9.1200542,0.203056,0.986113,0.128740,1.015000,82.713112,78.364563
9.1300106,0.198419,0.981110,0.123005,1.008502,82.994316,78.566780
9.1400108,0.198663,0.979646,0.123981,1.007246,82.929581,78.536430
9.1507978,0.204764,0.981598,0.130083,1.011130,82.608383,78.216919
9.1600266,0.214282,0.983551,0.127276,1.014637,82.793846,77.709259
9.1700058,0.223068,0.982818,0.126300,1.015698,82.856918,77.212341
9.1801662,0.222580,0.981110,0.131425,1.014589,82.557274,77.217911
9.1901464,0.219652,0.980134,0.139845,1.014133,82.073891,77.368515
9.2004757,0.218919,0.984405,0.142163,1.018425,81.975800,77.462166
9.2101469,0.213550,0.989286,0.134842,1.021016,82.410995,77.818878
9.2199516,0.205130,0.996364,0.130815,1.025637,82.672264,78.366562
9.2300205,0.196954,1.000879,0.124103,1.027595,83.063431,78.867500
9.2404470,0.189510,0.999780,0.118490,1.024458,83.358253,79.266808
9.2500000,0.184873,0.996120,0.112754,1.019385,83.649506,79.485901
9.2600899,0.181945,0.992459,0.108972,1.014866,83.835960,79.611481
9.2699099,0.177796,0.987944,0.104456,1.009235,84.059212,79.797943
9.2802935,0.172915,0.983795,0.101406,1.004009,84.203194,80.031349
9.2898722,0.164251,0.980500,0.099087,0.999088,84.308182,80.490273
9.2999287,0.161322,0.979280,0.100430,0.997547,84.221870,80.645386
9.3099442,0.167301,0.982208,0.103846,1.001752,84.049759,80.333481
9.3205042,0.175599,0.983429,0.107385,1.004738,83.864578,79.876068
9.3300600,0.182189,0.979036,0.108239,1.001708,83.796806,79.458412
9.3400974,0.184873,0.972202,0.111168,0.995848,83.590622,79.233215
9.3498659,0.186460,0.965979,0.118246,0.990891,83.146400,79.074745
9.3599863,0.189144,0.963416,0.125689,0.989820,82.704765,78.892578
9.3728828,0.190975,0.960853,0.134964,0.988901,82.155884,78.758652
9.3898249,0.192683,0.966467,0.145336,0.996146,81.610695,78.724854
9.3998623,0.193781,0.969517,0.145946,0.999408,81.602913,78.696999
9.4098692,0.194148,0.969395,0.144970,0.999218,81.657890,78.674812
9.4198799,0.195002,0.969761,0.143384,0.999511,81.752251,78.630463
9.4298849,0.194148,0.974765,0.141187,1.003889,81.915108,78.735596
9.4398642,0.194758,0.978914,0.138502,1.007663,82.099731,78.747765
9.4507580,0.194148,0.977327,0.138136,1.005954,82.107277,78.764374
9.4598751,0.183775,0.972690,0.139845,0.999728,81.958931,79.300941
9.4698515,0.174135,0.970250,0.139235,0.995537,81.960320,79.825203
9.4805145,0.169864,0.969884,0.140089,0.994561,81.902679,80.066063
9.4901447,0.171084,0.975375,0.140821,1.000228,81.906502,80.051323
9.5000448,0.177308,0.982575,0.139723,1.008173,82.033730,79.770943
9.5098143,0.184385,0.989042,0.136916,1.015356,82.250320,79.439682
9.5199051,0.185850,0.992093,0.134720,1.018301,82.397575,79.389702
9.5298529,0.185728,0.991116,0.135208,1.017393,82.363007,79.386307
9.5398359,0.180724,0.987334,0.132889,1.012496,82.458221,79.627243
9.5498524,0.173647,0.984405,0.133011,1.008414,82.420517,79.996071
9.5598288,0.168399,0.984649,0.134964,1.008021,82.305580,80.294891
9.5699415,0.166691,0.985991,0.134964,1.009049,82.313461,80.404343
9.5798292,0.173037,0.986601,0.134354,1.010631,82.360466,80.052269
9.5898924,0.179626,0.984161,0.133133,1.009239,82.419762,79.656395
9.5998764,0.183409,0.980256,0.137160,1.006655,82.168892,79.402306
9.6098909,0.183165,0.977937,0.137892,1.004453,82.109459,79.391571
9.6199474,0.183409,0.978670,0.139479,1.005429,82.025894,79.385521
9.6298008,0.185728,0.979036,0.138747,1.006109,82.073418,79.258369
9.6397657,0.189999,0.980622,0.135574,1.008018,82.270554,79.034630
9.6497831,0.193049,0.982208,0.137282,1.010370,82.190887,78.880470
9.6599255,0.190365,0.985259,0.139723,1.013162,82.073212,79.064476
9.6698036,0.187802,0.993801,0.133255,1.020131,82.494255,79.298813
9.6799536,0.185117,1.003197,0.122273,1.027436,83.165169,79.544968
9.6898232,0.184751,1.001733,0.107995,1.024336,83.948082,79.550270
9.6998320,0.186338,0.992947,0.104090,1.015628,84.117500,79.371414
