Keuwl Accelerometer Data File
2019-06-28 13-16-51

Time (s), X (m/s2), Y (m/s2), Z (m/s2), R (m/s2), Theta (deg), Phi (deg)
0.0000000,0.271148,0.917411,-0.018792,0.956827,91.125381,73.534569
0.0099430,0.325206,0.860180,0.050764,0.921002,86.840363,69.290009
0.0198180,0.399522,0.847367,0.091643,0.941300,84.412926,64.756767
0.0299700,0.440279,0.889467,0.097379,0.997236,84.396210,63.664940
0.0398760,0.433080,0.947552,0.076268,1.044620,85.813095,65.437187
0.0498670,0.398423,0.965979,0.068214,1.047143,86.264938,67.586021
0.0598590,0.359618,0.941329,0.075536,1.010510,85.713135,69.091507
0.0699450,0.344487,0.906673,0.089813,0.974060,84.709534,69.195908
0.0798580,0.370113,0.899351,0.089935,0.976680,84.716576,67.631203
0.0902480,0.415385,0.921194,0.088715,1.014403,84.982780,65.728401
0.0998540,0.453092,0.948040,0.104090,1.055892,84.342560,64.455696
0.1100390,0.466760,0.974032,0.128618,1.087725,83.209167,64.396111
0.1200920,0.452116,0.980256,0.143750,1.089025,82.414902,65.239784
0.1300810,0.430883,0.968663,0.147289,1.070356,82.090599,66.019432
0.1398590,0.412091,0.951091,0.142285,1.046250,82.183800,66.573784
0.1499200,0.403183,0.945356,0.141675,1.037461,82.151184,66.902351
0.1599850,0.404403,0.969517,0.102382,1.055456,84.433403,67.358116
0.1704640,0.377190,0.966467,0.061869,1.039307,86.587242,68.680405
0.1802740,0.371333,0.913018,0.071875,0.988259,85.829269,67.867966
0.1899290,0.393176,0.949749,0.030263,1.028361,88.313629,67.511459
0.2000830,0.372797,0.967565,0.003783,1.036906,89.790970,68.928604
0.2100010,0.331674,0.965491,-0.012447,1.020948,90.698540,71.040924
0.2201300,0.289696,0.955240,-0.020623,0.998415,91.183563,73.129005
0.2306560,0.261629,0.939742,-0.035022,0.976111,92.056175,74.442513
0.2403670,0.258579,0.925831,-0.038439,0.962031,92.289925,74.395294
0.2500820,0.279568,0.920828,-0.021965,0.962582,91.307549,73.111473
0.2601420,0.311295,0.923269,0.005247,0.974350,89.691437,71.367630
0.2703670,0.341802,0.923879,0.065163,0.987232,86.215378,69.697327
0.2801360,0.364866,0.925221,0.091399,0.998757,84.749329,68.477951
0.2903020,0.389515,0.921682,0.106775,1.006291,83.909019,67.090424
0.3000050,0.394519,0.921438,0.111046,1.008476,83.678185,66.821556
0.3102210,0.393420,0.924367,0.105433,1.010124,84.008781,66.944885
0.3208030,0.385000,0.928516,0.094694,1.009621,84.618210,67.479126
0.3307910,0.373042,0.931689,0.080051,1.006783,85.439514,68.179184
0.3401150,0.362059,0.936326,0.065895,1.006049,86.244484,68.859482
0.3500920,0.351320,0.937790,0.051496,1.002760,87.056320,69.462746
0.3601170,0.341314,0.940719,0.045883,1.001775,87.374847,70.058083
0.3713350,0.339728,0.943525,0.046981,1.003923,87.317726,70.197975
0.3807240,0.342900,0.941329,0.053327,1.003257,86.953102,69.984695
0.3904810,0.348880,0.934617,0.060770,0.999460,86.514091,69.530083
0.3999530,0.352663,0.925831,0.067238,0.993003,86.117447,69.147423
0.4106840,0.357910,0.922414,0.071509,0.991999,85.866219,68.793037
0.4200780,0.365842,0.926441,0.072729,0.998711,85.823853,68.451462
0.4308190,0.368771,0.927540,0.072241,1.000770,85.860481,68.318260
0.4405550,0.365598,0.926319,0.069556,0.998282,86.004623,68.461945
0.4507000,0.358520,0.926807,0.068580,0.996098,86.052139,68.851868
0.4604150,0.351809,0.929980,0.066506,0.996522,86.173363,69.278534
0.4705980,0.351809,0.932665,0.063943,0.998860,86.329643,69.333130
0.4819620,0.352541,0.932543,0.061991,0.998881,86.441940,69.291283
0.4903530,0.354005,0.932543,0.063333,0.999483,86.366982,69.212601
0.4999720,0.358276,0.934373,0.065163,1.002827,86.274315,69.021179
0.5102690,0.359862,0.934373,0.067482,1.003548,86.144333,68.936424
0.5206120,0.359252,0.935593,0.069800,1.004624,86.015930,68.994041
0.5300220,0.357056,0.937180,0.072363,1.005500,85.873016,69.143684
0.5400580,0.356690,0.937180,0.077244,1.005734,85.595131,69.163231
0.5500370,0.359130,0.937302,0.079319,1.006877,85.481735,69.035507
0.5598490,0.361083,0.937180,0.078586,1.007404,85.525879,68.929001
0.5703180,0.364133,0.937668,0.079441,1.009022,85.484413,68.776848
0.5802780,0.364255,0.938522,0.078830,1.009812,85.522675,68.787971
0.5904110,0.365598,0.938034,0.075902,1.009619,85.688515,68.706703
0.6004510,0.365964,0.936326,0.071509,1.007844,85.931320,68.651909
0.6100820,0.359008,0.937058,0.068702,1.005825,86.083405,69.037025
0.6202190,0.351809,0.942549,0.066628,1.008269,86.211067,69.531799
0.6311380,0.348026,0.944502,0.068824,1.008931,86.088531,69.772392
0.6401320,0.348392,0.940841,0.067604,1.005549,86.145050,69.680496
0.6502800,0.351809,0.937912,0.067116,1.003968,86.166893,69.439056
0.6601410,0.355591,0.938766,0.066628,1.006065,86.202751,69.254021
0.6708380,0.359374,0.938278,0.069922,1.007177,86.019089,69.042427
0.6813230,0.359862,0.932299,0.072241,1.001948,85.865356,68.893669
0.6903660,0.358642,0.929736,0.072851,0.999170,85.818764,68.906075
0.7000549,0.357544,0.929004,0.067604,0.997726,86.114777,68.949883
0.7100400,0.358032,0.932299,0.065895,1.000855,86.224960,68.991638
0.7212300,0.360717,0.935349,0.068824,1.004854,86.072639,68.910919
0.7317070,0.361693,0.932665,0.069434,1.002749,86.029442,68.803421
0.7408040,0.360228,0.931078,0.070288,1.000806,85.972694,68.848854
0.7501280,0.360351,0.934861,0.070166,1.004361,85.993950,68.920403
0.7600590,0.360595,0.936936,0.069190,1.006312,86.057449,68.949989
0.7710930,0.360351,0.933397,0.066262,1.002733,86.211082,68.890244
0.7799380,0.360351,0.933397,0.066506,1.002749,86.197166,68.890244
0.7899390,0.354005,0.935227,0.067360,1.002251,86.146332,69.267197
0.7999110,0.353761,0.934495,0.066262,1.001408,86.206062,69.265419
0.8098710,0.355591,0.929248,0.067116,0.997222,86.140923,69.059860
0.8203020,0.356446,0.930102,0.067360,0.998339,86.131210,69.031532
0.8303570,0.358276,0.932787,0.068336,1.001560,86.087692,68.988609
0.8400410,0.359252,0.933153,0.068946,1.002292,86.055595,68.943916
0.8498700,0.360106,0.929248,0.066994,0.998833,86.154167,68.817421
0.8601040,0.360106,0.930102,0.064797,0.999483,86.282867,68.835159
0.8700500,0.359496,0.935227,0.064919,1.004043,86.292793,68.973511
0.8812120,0.359130,0.940597,0.065529,1.008955,86.276146,69.102585
0.8908530,0.360839,0.939986,0.067482,1.009125,86.165672,68.999382
0.9005210,0.360717,0.935838,0.068580,1.005292,86.088295,68.920952
0.9102160,0.360228,0.935105,0.071143,1.004613,85.939140,68.931931
0.9235420,0.362181,0.933397,0.072607,1.003831,85.852180,68.792526
0.9403150,0.364011,0.933763,0.072119,1.004798,85.884079,68.702530
0.9502880,0.364866,0.935105,0.067726,1.006050,86.140007,68.684937
0.9601340,0.363401,0.935838,0.067848,1.006209,86.133652,68.777985
0.9702160,0.360839,0.935838,0.067726,1.005278,86.137039,68.914444
0.9801280,0.358398,0.937302,0.067238,1.005736,86.166672,69.074547
0.9909280,0.356324,0.936692,0.068458,1.004512,86.092232,69.172859
1.0004270,0.355347,0.935105,0.068702,1.002703,86.071190,69.192818
1.0104110,0.358764,0.934617,0.069434,1.003515,86.032471,69.000099
1.0209100,0.362791,0.934373,0.067970,1.004634,86.120613,68.780197
1.0300620,0.367672,0.934373,0.065773,1.006262,86.252235,68.520554
1.0399539,0.370845,0.933153,0.065407,1.006270,86.273155,68.326591
1.0503839,0.368404,0.932177,0.065163,1.004451,86.280350,68.435631
1.0600600,0.358398,0.932055,0.066506,1.000799,86.189743,68.967018
1.0702300,0.353883,0.934373,0.069312,1.001544,86.031654,69.256401
1.0830460,0.356812,0.937302,0.071265,1.005449,85.935555,69.159187
1.1000090,0.361205,0.934739,0.066994,1.004338,86.175285,68.872322
1.1101749,0.364133,0.934129,0.063089,1.004575,86.399368,68.703636
1.1203740,0.363401,0.935960,0.058086,1.005711,86.688995,68.780502
1.1303709,0.362669,0.938522,0.059672,1.007925,86.605942,68.872185
1.1405920,0.357666,0.943891,0.063943,1.011407,86.375237,69.246948
1.1499840,0.352419,0.941329,0.068580,1.007473,86.096779,69.474892
1.1601390,0.351076,0.937180,0.071997,1.003366,85.885185,69.463577
1.1700480,0.354615,0.933519,0.074804,1.001402,85.716080,69.199753
1.1806470,0.361815,0.932299,0.075780,1.002912,85.666618,68.789314
1.1901690,0.366940,0.932421,0.071143,1.004547,85.938873,68.518631
1.2000359,0.366696,0.929492,0.067726,1.001503,86.122459,68.470154
1.2103879,0.362791,0.928516,0.065407,0.999018,86.246063,68.658340
1.2200689,0.356812,0.933275,0.065163,1.001281,86.268555,69.077034
1.2302051,0.350954,0.936448,0.059550,1.001823,86.592239,69.455414
1.2399579,0.346805,0.936570,0.055157,1.000239,86.838890,69.680756
1.2501469,0.345951,0.936326,0.057353,0.999839,86.711555,69.721870
1.2601720,0.353517,0.935471,0.061746,1.001945,86.466812,69.298302
1.2700220,0.359130,0.932787,0.064675,1.001623,86.297813,68.942902
1.2799751,0.364866,0.930224,0.066506,1.001432,86.192154,68.583199
1.2909319,0.367062,0.934007,0.071021,1.006056,85.951942,68.545319
1.3003349,0.367672,0.937790,0.070777,1.009773,85.980751,68.591721
1.3101579,0.365476,0.942915,0.068946,1.013615,86.099724,68.813568
1.3200170,0.359984,0.942305,0.066628,1.010924,86.221031,69.091873
1.3300279,0.353395,0.937912,0.064675,1.004365,86.307938,69.354141
1.3401039,0.349124,0.936448,0.066262,1.001605,86.206802,69.553673
1.3499929,0.346927,0.937424,0.064431,1.001635,86.311852,69.691193
1.3608079,0.351564,0.940231,0.061502,1.005691,86.493919,69.498573
1.3704380,0.356080,0.939864,0.059550,1.006819,86.609169,69.250175
1.3803459,0.356934,0.937790,0.059306,1.005171,86.617538,69.162598
1.3907651,0.355103,0.938034,0.061258,1.004868,86.504990,69.265282
1.4002609,0.354737,0.938400,0.061502,1.005095,86.491844,69.292236
1.4100720,0.357056,0.938278,0.062479,1.005862,86.438805,69.166000
1.4207150,0.358886,0.936570,0.063455,1.004982,86.379921,69.033562
1.4300860,0.358154,0.936448,0.063699,1.004622,86.364670,69.070137
1.4401560,0.358764,0.935105,0.066628,1.003779,86.194092,69.010101
1.4500180,0.357788,0.932787,0.064919,1.001158,86.282097,69.014740
1.4602020,0.356568,0.931200,0.063333,0.999143,86.365746,69.047569
1.4704109,0.355225,0.930712,0.060648,0.998042,86.516151,69.109627
1.4800240,0.357300,0.934495,0.059062,1.002214,86.621521,69.075882
1.4912999,0.357056,0.937302,0.060038,1.004803,86.574471,69.146164
1.5000330,0.356202,0.938278,0.065163,1.005729,86.285088,69.211571
1.5102699,0.355957,0.939376,0.068458,1.006886,86.101463,69.246819
1.5200660,0.357300,0.937424,0.066628,1.005418,86.200310,69.135620
1.5301230,0.359130,0.938156,0.064919,1.006641,86.302376,69.052933
1.5399709,0.360839,0.938156,0.064797,1.007244,86.311546,68.961990
1.5500989,0.361937,0.935960,0.065895,1.005664,86.243042,68.858444
1.5606940,0.361327,0.934983,0.064919,1.004473,86.294380,68.870842
1.5700840,0.359984,0.934861,0.064187,1.003830,86.333885,68.939941
1.5802150,0.357056,0.934495,0.066506,1.002593,86.196571,69.088936
1.5904180,0.358276,0.933031,0.067482,1.001729,86.137329,68.993629
1.6000340,0.361205,0.932543,0.066750,1.002278,86.181389,68.826965
1.6102370,0.360961,0.930224,0.065163,0.999928,86.263504,68.791946
1.6200870,0.360839,0.929370,0.062723,0.998933,86.400047,68.780724
1.6300789,0.360106,0.930956,0.063943,1.000223,86.334648,68.852859
1.6411630,0.358154,0.931078,0.064065,0.999643,86.325516,68.959976
1.6503780,0.354859,0.932665,0.063455,0.999908,86.361519,69.169235
1.6608139,0.353761,0.935227,0.062113,1.001826,86.445419,69.280273
1.6702229,0.353517,0.937058,0.061746,1.003426,86.472038,69.330383
1.6800981,0.354859,0.938522,0.062479,1.005312,86.436859,69.288177
1.6909620,0.360106,0.939742,0.063455,1.008374,86.392113,69.033318
1.7003019,0.364988,0.939742,0.068214,1.010438,86.129059,68.774269
1.7109948,0.365476,0.937058,0.070411,1.008270,85.995605,68.692986
1.7200060,0.359130,0.931811,0.072607,1.001258,85.841499,68.922775
1.7300119,0.355713,0.929858,0.071387,0.998130,85.898682,69.065849
1.7400529,0.356934,0.933885,0.065163,1.001893,86.270844,69.082993
1.7500451,0.361205,0.937424,0.058696,1.006319,86.656197,68.927513
1.7605120,0.361937,0.936570,0.055889,1.005627,86.814064,68.871002
1.7703249,0.360839,0.942061,0.058818,1.010516,86.663170,69.041611
1.7802908,0.359862,0.945112,0.060892,1.013136,86.554291,69.155083
1.7901940,0.361937,0.942671,0.064797,1.011843,86.328331,68.995796
1.8007818,0.363279,0.938034,0.068580,1.008257,86.099823,68.829750
1.8099960,0.363401,0.938156,0.071753,1.008636,85.920616,68.825775
1.8203249,0.364255,0.937790,0.072729,1.008673,85.865173,68.772888
1.8299160,0.367062,0.937912,0.069068,1.009546,86.077042,68.626564
1.8401350,0.368038,0.937180,0.063211,1.008838,86.407661,68.559654
1.8498840,0.363279,0.937912,0.061136,1.007665,86.521652,68.827240
1.8599529,0.356690,0.937180,0.061380,1.004640,86.497223,69.163231
1.8701609,0.352419,0.933885,0.062479,1.000122,86.418343,69.325081
1.8801149,0.351320,0.931078,0.062113,0.997091,86.428520,69.327187
1.8903229,0.351931,0.933031,0.059916,0.998995,86.561546,69.333992
1.9002260,0.355713,0.933763,0.060282,1.001039,86.547585,69.145851
1.9103520,0.359618,0.934495,0.062357,1.003242,86.436478,68.951965
1.9199939,0.361815,0.935349,0.063577,1.004903,86.372665,68.852371
1.9301479,0.361571,0.937180,0.064675,1.006589,86.316109,68.903023
1.9408679,0.361815,0.937424,0.066384,1.007016,86.220261,68.895050
1.9502820,0.361937,0.936570,0.066872,1.006297,86.189697,68.871002
1.9601279,0.362547,0.937546,0.065773,1.007352,86.256302,68.858620
1.9701979,0.361083,0.937668,0.063943,1.006822,86.358711,68.939011
1.9800270,0.361083,0.936204,0.062235,1.005351,86.450928,68.908958
1.9899839,0.361571,0.930956,0.063577,1.000727,86.357506,68.774506
2.0000398,0.361083,0.927051,0.064431,0.996974,86.294579,68.719292
2.0102770,0.361571,0.928760,0.062967,0.998646,86.384979,68.728790
2.0200911,0.364622,0.932665,0.060770,1.003247,86.527267,68.647186
2.0299408,0.367306,0.934495,0.061014,1.005941,86.522652,68.542542
2.0403440,0.363889,0.933031,0.062479,1.003427,86.430153,68.693825
2.0502028,0.359496,0.933153,0.066017,1.002183,86.222977,68.930862
2.0605340,0.357300,0.933885,0.066872,1.002136,86.173859,69.063400
2.0704179,0.358154,0.934739,0.066140,1.003188,86.219788,69.035202
2.0800829,0.360228,0.936692,0.065529,1.005709,86.264107,68.964493
2.0900071,0.361449,0.934129,0.064187,1.003675,86.333313,68.846718
2.0999830,0.358398,0.931933,0.063211,1.000471,86.377579,68.964500
2.1101909,0.354859,0.930102,0.064065,0.997557,86.317818,69.116791
2.1204920,0.352175,0.932421,0.063089,0.998707,86.378189,69.308487
2.1302960,0.351564,0.937546,0.064309,1.003357,86.325172,69.444771
2.1409168,0.353883,0.938278,0.062113,1.004717,86.455658,69.335426
2.1504529,0.356568,0.937058,0.063089,1.004588,86.399422,69.167267
2.1601989,0.360351,0.935960,0.064675,1.005015,86.310326,68.942970
2.1703308,0.363035,0.936326,0.066262,1.006425,86.224998,68.807533
2.1802380,0.364255,0.936814,0.066140,1.007311,86.235283,68.752739
2.1901259,0.362791,0.935349,0.065285,1.005365,86.276772,68.800377
2.2002089,0.360717,0.934861,0.065895,1.004203,86.237572,68.900871
2.2100217,0.356812,0.935471,0.066628,1.003424,86.192741,69.121925
2.2205019,0.355225,0.936326,0.065163,1.003562,86.277054,69.224144
2.2298968,0.356690,0.934251,0.066506,1.002235,86.195213,69.103539
2.2400229,0.359618,0.933031,0.066384,1.002137,86.201828,68.921829
2.2502871,0.359984,0.938400,0.063089,1.007057,86.408257,69.012436
2.2603829,0.359008,0.937424,0.062357,1.005753,86.445381,69.044502
2.2700219,0.357788,0.934251,0.063211,1.002414,86.384605,69.044777
2.2799580,0.355957,0.937546,0.065895,1.005008,86.240585,69.209763
2.2900338,0.356324,0.937180,0.065895,1.004796,86.239792,69.182777
2.2998869,0.354859,0.934373,0.064431,1.001564,86.311584,69.204063
2.3100870,0.355957,0.934373,0.065041,1.001993,86.278206,69.145233
2.3199248,0.355591,0.935227,0.065407,1.002683,86.259811,69.182236
2.3299320,0.354493,0.935715,0.063455,1.002624,86.371391,69.250946
2.3399739,0.352663,0.934251,0.060404,1.000422,86.538452,69.319397
2.3498931,0.353517,0.933763,0.059916,1.000239,86.565826,69.263641
2.3599989,0.355225,0.936448,0.057964,1.003234,86.687790,69.226624
2.3699048,0.356080,0.937668,0.061869,1.004909,86.470276,69.205719
2.3802240,0.359496,0.937546,0.066628,1.006315,86.203697,69.020981
2.3902938,0.359008,0.932177,0.069068,1.001304,86.044701,68.936859
2.3999019,0.359374,0.932055,0.068336,1.001272,86.086563,68.914749
2.4099209,0.361693,0.937180,0.065651,1.006696,86.260818,68.896530
2.4200189,0.363523,0.935715,0.062479,1.005791,86.438553,68.768967
2.4299579,0.360717,0.932787,0.060404,1.001926,86.543655,68.858086
2.4398661,0.356324,0.933885,0.058696,1.001276,86.639336,69.115662
2.4502490,0.353761,0.936082,0.060770,1.002541,86.524818,69.297577
2.4599509,0.353761,0.937912,0.061014,1.004265,86.516838,69.334564
2.4699430,0.355591,0.938156,0.063211,1.005275,86.394913,69.241676
2.4801409,0.357056,0.940108,0.066750,1.007843,86.202507,69.203087
2.4908001,0.358886,0.940231,0.066994,1.008623,86.191559,69.108139
2.5000188,0.359984,0.939864,0.066994,1.008673,86.191750,69.042290
2.5106161,0.358764,0.938522,0.067482,1.007020,86.157646,69.079895
2.5203190,0.356934,0.935593,0.068092,1.003680,86.109932,69.117889
2.5299919,0.355469,0.933763,0.065773,1.001298,86.233635,69.158928
2.5403600,0.353151,0.933885,0.062235,1.000365,86.433220,69.285774
2.5506558,0.350710,0.933031,0.064431,0.998847,86.301544,69.399620
2.5606039,0.350466,0.933031,0.063333,0.998691,86.364098,69.412750
2.5704041,0.351564,0.934129,0.061258,0.999974,86.487862,69.375908
2.5803080,0.356202,0.939742,0.060282,1.006792,86.567337,69.241203
2.5900490,0.359618,0.938644,0.061380,1.007048,86.505608,69.036896
2.6015191,0.358886,0.935715,0.062113,1.004102,86.453484,69.016083
2.6106980,0.359740,0.936936,0.064309,1.005683,86.333679,68.995499
2.6202660,0.357544,0.936326,0.065163,1.004385,86.280106,69.100220
2.6301067,0.358154,0.937546,0.067116,1.005868,86.174141,69.092529
2.6405208,0.356324,0.936204,0.065529,1.003861,86.257225,69.162933
2.6499870,0.354859,0.934739,0.066628,1.002049,86.187508,69.211510
2.6602328,0.359008,0.935838,0.066994,1.004573,86.176178,69.012070
2.6703439,0.361937,0.933641,0.065163,1.003459,86.276672,68.810593
2.6802628,0.357300,0.931445,0.065895,0.999797,86.220963,69.013313
2.6903701,0.352419,0.930834,0.063455,0.997335,86.352127,69.263077
2.7000809,0.353639,0.934495,0.062357,1.001114,86.428894,69.271965
2.7100389,0.358886,0.938522,0.061624,1.006688,86.490440,69.073395
2.7199240,0.356446,0.937180,0.061136,1.004538,86.510811,69.176262
2.7300839,0.354371,0.937058,0.063577,1.003842,86.368820,69.284676
2.7421520,0.361693,0.937424,0.066994,1.007012,86.185455,68.901543
2.7554250,0.362059,0.934007,0.068458,1.004063,86.090485,68.811653
2.7701879,0.358154,0.932665,0.069800,1.001504,86.003502,68.992638
2.7801559,0.354981,0.930468,0.070899,0.998404,85.927887,69.117737
2.7899959,0.351686,0.929980,0.068946,0.996644,86.033203,69.285110
2.8001900,0.351076,0.933397,0.064187,0.999302,86.317245,69.387337
2.8101068,0.353151,0.933885,0.060648,1.000268,86.523911,69.285774
2.8200021,0.354737,0.936204,0.059672,1.002934,86.589035,69.247787
2.8299599,0.355835,0.937424,0.060770,1.004527,86.531693,69.213806
2.8401158,0.356080,0.937180,0.061746,1.004446,86.475624,69.195816
2.8505840,0.356568,0.936326,0.062235,1.003852,86.445625,69.152374
2.8600829,0.355713,0.937424,0.064187,1.004697,86.337051,69.220329
2.8699760,0.355957,0.935960,0.068824,1.003724,86.068214,69.177544
2.8799319,0.355713,0.937180,0.068458,1.004751,86.093163,69.215378
2.8899329,0.357910,0.938034,0.067116,1.006236,86.175545,69.115486
2.9002030,0.358886,0.937546,0.069800,1.006312,86.022621,69.053497
2.9099498,0.359496,0.935960,0.069190,1.005010,86.052330,68.988525
2.9198818,0.357910,0.936936,0.067360,1.005229,86.157768,69.093117
2.9300730,0.356812,0.936814,0.067116,1.004709,86.169724,69.149269
2.9400089,0.354859,0.934983,0.064187,1.002117,86.327606,69.216476
2.9499178,0.355347,0.935227,0.061624,1.002357,86.475258,69.195297
2.9598870,0.355469,0.937180,0.061746,1.004230,86.474861,69.228416
2.9699500,0.356202,0.938522,0.061746,1.005742,86.480171,69.216515
2.9800320,0.356324,0.939986,0.065163,1.007367,86.291130,69.239632
2.9899838,0.357300,0.939132,0.070533,1.007277,85.984695,69.170311
2.9999049,0.359618,0.934495,0.072485,1.003923,85.859543,68.951965
3.0104570,0.359496,0.933031,0.075048,1.002705,85.707672,68.928352
3.0199289,0.360717,0.935227,0.071753,1.004945,85.905609,68.908401
3.0302100,0.362547,0.936448,0.067482,1.006443,86.155441,68.836014
3.0398908,0.359252,0.935715,0.060770,1.004151,86.530396,68.996544
3.0499780,0.352907,0.936082,0.058940,1.002131,86.628227,69.343346
3.0600169,0.349978,0.939010,0.058452,1.003814,86.661797,69.559097
3.0699809,0.348636,0.939132,0.058208,1.003446,86.674538,69.633469
3.0799518,0.351442,0.939254,0.059428,1.004610,86.608673,69.485573
3.0904429,0.357300,0.938766,0.064309,1.006519,86.336731,69.162888
3.1003020,0.359984,0.933885,0.071143,1.003390,85.934181,68.919861
3.1099689,0.356934,0.926197,0.073827,0.995336,85.746277,68.924561
3.1198640,0.356568,0.927662,0.072241,0.996451,85.842514,68.974609
3.1300840,0.356934,0.934129,0.065773,1.002160,86.236877,69.087982
3.1399479,0.355347,0.937424,0.063211,1.004505,86.392143,69.239891
3.1499059,0.353029,0.936570,0.061869,1.002806,86.462868,69.346664
3.1599019,0.350588,0.935715,0.059794,1.001025,86.575523,69.460335
3.1699119,0.351686,0.941695,0.060160,1.007021,86.575073,69.521294
3.1799190,0.356690,0.944502,0.062723,1.011556,86.445023,69.311028
3.1900079,0.358642,0.941695,0.064187,1.009719,86.355293,69.150795
3.1998980,0.357544,0.938400,0.067726,1.006489,86.141693,69.142441
3.2098958,0.356446,0.936204,0.071875,1.004339,85.896156,69.156410
3.2199337,0.355835,0.933275,0.072851,1.001463,85.828354,69.129341
3.2300339,0.353761,0.932055,0.067970,0.999246,86.099655,69.215759
3.2399061,0.348880,0.940841,0.067116,1.005685,86.173447,69.654358
3.2499158,0.349368,0.938888,0.064065,1.003829,86.340858,69.589355
3.2601459,0.348026,0.934739,0.063943,0.999474,86.331902,69.578506
3.2700589,0.348636,0.936204,0.067238,1.001272,86.149551,69.575012
3.2800729,0.351442,0.939742,0.069190,1.005691,86.055008,69.495338
3.2899468,0.354493,0.937180,0.065651,1.004132,86.251259,69.280617
3.2999098,0.355225,0.932909,0.061624,1.000151,86.467476,69.154579
3.3101120,0.352785,0.933031,0.061136,0.999370,86.492752,69.288086
3.3199449,0.351076,0.936448,0.062967,1.002075,86.397362,69.448868
3.3300619,0.350222,0.938766,0.062479,1.003913,86.431885,69.541145
3.3400218,0.349734,0.938400,0.059428,1.003215,86.603951,69.559990
3.3498690,0.347660,0.937912,0.061869,1.002185,86.460670,69.661568
3.3602269,0.351809,0.937180,0.065773,1.003196,86.240768,69.424339
3.3701439,0.357910,0.936326,0.064919,1.004500,86.294479,69.080673
3.3800550,0.359618,0.934495,0.066017,1.003476,86.227859,68.951965
3.3901589,0.355591,0.932299,0.066750,1.000041,86.172836,69.122467
3.3999190,0.352297,0.931200,0.065773,0.997784,86.220352,69.277107
3.4101989,0.357056,0.935593,0.065773,1.003569,86.242165,69.111366
3.4199569,0.360595,0.939010,0.063089,1.007844,86.411064,68.992432
3.4301319,0.360351,0.937790,0.062235,1.006566,86.455223,68.980476
3.4399128,0.359252,0.936570,0.064431,1.005175,86.324852,69.014030
3.4498799,0.358398,0.934983,0.065651,1.003471,86.248779,69.027161
3.4599240,0.355957,0.936204,0.063699,1.003614,86.361015,69.182503
3.4702129,0.354859,0.935715,0.062235,1.002677,86.441452,69.231346
3.4802821,0.353639,0.936448,0.062601,1.002952,86.421478,69.311516
3.4902420,0.352663,0.934617,0.063089,1.000930,86.386238,69.326813
3.4998789,0.351809,0.931933,0.065407,0.998271,86.243256,69.318268
3.5102739,0.351931,0.933275,0.063333,0.999434,86.366806,69.338936
3.5201919,0.353883,0.936814,0.064187,1.003481,86.332603,69.305855
3.5304167,0.355591,0.937790,0.063333,1.004941,86.386742,69.234268
3.5400159,0.357544,0.935593,0.061869,1.003494,86.465294,69.085281
3.5501177,0.357666,0.934861,0.064431,1.003016,86.316933,69.063797
3.5599499,0.357544,0.937302,0.064553,1.005256,86.318184,69.120110
3.5700200,0.355469,0.939986,0.061869,1.006857,86.477119,69.285172
3.5799978,0.354615,0.942549,0.062357,1.008979,86.456764,69.382195
3.5900228,0.355591,0.940963,0.063089,1.007887,86.411217,69.298332
3.6000299,0.355713,0.939742,0.061869,1.006715,86.476624,69.267227
3.6101129,0.354981,0.938034,0.062967,1.004930,86.407616,69.271797
3.6204908,0.356324,0.938400,0.065163,1.005886,86.285667,69.207535
3.6305120,0.359496,0.936814,0.064309,1.005482,86.332947,69.006012
3.6401751,0.360228,0.938034,0.063211,1.006811,86.400421,68.991966
3.6500869,0.359130,0.939742,0.061869,1.007928,86.480865,69.085236
3.6599610,0.357300,0.939498,0.062723,1.007102,86.429283,69.177734
3.6700978,0.356446,0.937668,0.062113,1.005054,86.456848,69.186172
3.6800330,0.357910,0.937424,0.062601,1.005377,86.430115,69.103065
3.6903889,0.356690,0.936570,0.060404,1.004012,86.550842,69.150818
3.7000139,0.359008,0.934739,0.059306,1.003066,86.610428,68.989563
3.7101607,0.360473,0.934129,0.057231,1.002902,86.728592,68.898819
3.7198761,0.358032,0.935471,0.057231,1.003279,86.729820,69.056702
3.7301388,0.354615,0.941939,0.060404,1.008290,86.565498,69.369965
3.7400560,0.353395,0.942305,0.063455,1.008391,86.392174,69.442329
3.7501440,0.353273,0.940475,0.066140,1.006811,86.233406,69.412186
3.7601378,0.354859,0.937180,0.065163,1.004230,86.279533,69.261040
3.7705867,0.358154,0.936326,0.062845,1.004455,86.412888,69.067642
3.7800748,0.361083,0.937180,0.059794,1.006112,86.592857,68.929001
3.7899840,0.361083,0.937790,0.058818,1.006623,86.650253,68.941513
3.8001699,0.359130,0.938522,0.058330,1.006579,86.677940,69.060402
3.8101099,0.356934,0.939498,0.060526,1.006838,86.553581,69.197243
3.8198850,0.352541,0.938888,0.061991,1.004808,86.462952,69.419472
3.8302159,0.352907,0.938400,0.063577,1.004580,86.371490,69.390083
3.8399229,0.358642,0.936814,0.062601,1.005069,86.429024,69.051567
3.8500798,0.361815,0.930102,0.065529,1.000147,86.243301,68.743690
3.8598578,0.362181,0.927662,0.067726,0.998157,86.109436,68.673157
3.8701470,0.360106,0.926929,0.065041,0.996547,86.257835,68.769150
3.8800480,0.358154,0.929736,0.061014,0.998201,86.495651,68.932259
3.8903317,0.354737,0.934739,0.060038,1.001589,86.563469,69.218048
3.8999710,0.347171,0.936448,0.065407,1.000870,86.253021,69.658630
3.9103570,0.331186,0.939132,0.058574,0.997539,86.633759,70.574768
3.9200289,0.315688,0.939864,0.038195,0.992201,87.793846,71.433479
3.9301579,0.299580,0.932421,0.016596,0.979506,89.029182,72.188148
3.9401009,0.274198,0.918265,-0.004393,0.958340,90.262642,73.374130
3.9505749,0.252721,0.906062,-0.031117,0.941162,91.894691,74.415016
3.9601018,0.244667,0.897154,-0.059916,0.931847,93.686562,74.745544
3.9702981,0.248694,0.904964,-0.061136,0.940503,93.727074,74.633804
3.9800727,0.249060,0.931445,-0.059184,0.965983,93.512604,75.029816
3.9900830,0.249304,0.959877,-0.046859,0.992831,92.705215,75.440521
3.9999380,0.255528,0.986968,-0.016474,1.019642,90.925743,75.484726
4.0103269,0.261629,1.031264,0.020989,1.064141,88.869835,75.764526
4.0201821,0.281642,1.097891,0.049422,1.134518,87.503304,75.612167
4.0315380,0.333382,1.141822,0.081881,1.192311,86.062149,73.723572
4.0410199,0.373286,1.127544,0.125201,1.194309,83.982536,71.682327
4.0502329,0.391224,1.072388,0.176453,1.155079,81.212914,69.957237
4.0602298,0.409406,1.018573,0.220994,1.119796,78.617851,68.102791
4.0702119,0.434666,0.977693,0.244789,1.097607,77.113464,66.030876
4.0803046,0.453336,0.945844,0.260653,1.080775,76.044250,64.391922
4.0902147,0.450530,0.919852,0.274930,1.060514,74.974876,63.905075
4.1000190,0.420755,0.893738,0.260043,1.021481,75.251633,64.789833
4.1102157,0.408430,0.888612,0.237956,1.006514,76.324898,65.315231
4.1202850,0.375482,0.848587,0.231488,0.956386,75.992737,66.131607
4.1303291,0.345097,0.809904,0.219407,0.907290,76.005592,66.921333
4.1401958,0.356690,0.826622,0.167911,0.915820,79.435318,66.659668
4.1506681,0.401718,0.875555,0.106165,0.969147,83.710930,65.353615
4.1609116,0.444672,0.949871,0.092376,1.052863,84.966537,64.913841
4.1701708,0.472861,1.022112,0.126422,1.133266,83.595032,65.173264
4.1803122,0.504344,1.047860,0.156197,1.173359,82.350121,64.298073
4.1900020,0.536560,1.020037,0.228682,1.175018,78.777496,62.254742
4.2001801,0.550959,0.942915,0.265778,1.123959,76.321930,59.701626
4.2103710,0.551081,0.813199,0.210377,1.004610,77.912109,55.875645
4.2202039,0.549739,0.755601,0.230390,0.962406,76.149483,53.962173
4.2301469,0.532411,0.675306,0.227461,0.889516,75.184128,51.747791
4.2403417,0.517523,0.598428,0.160346,0.807253,78.543076,49.146610
4.2505469,0.504466,0.570240,0.107263,0.768873,81.980675,48.502209
4.2600360,0.511056,0.581100,0.102260,0.780585,82.472366,48.669586
4.2701631,0.534485,0.588300,0.095304,0.800534,83.162666,47.744061
4.2801986,0.548397,0.579270,-0.009884,0.797741,90.709938,46.568253
4.2904639,0.541807,0.573901,-0.194270,0.812808,103.828133,46.647671
4.3006697,0.507151,0.571582,-0.280422,0.813968,110.152000,48.418133
4.3103781,0.467004,0.565969,-0.225631,0.767673,107.092506,50.472588
4.3200641,0.447723,0.544980,-0.147533,0.720573,101.814491,50.595509
4.3303227,0.468712,0.493728,-0.057598,0.683210,94.836021,46.488907
4.3402472,0.532289,0.451994,-0.016230,0.698494,91.331413,40.336311
4.3500581,0.615512,0.485552,-0.044418,0.785232,93.242798,38.268429
4.3614750,0.727169,0.666642,-0.028799,0.986922,91.672150,42.513496
4.3701715,0.824913,0.962928,0.032948,1.268384,88.511513,49.414257
4.3801651,0.858959,1.222849,0.129350,1.499967,85.052933,54.914841
4.3899741,0.786963,1.380754,0.177064,1.599107,83.642799,60.318962
4.4001260,0.682628,1.570997,0.138136,1.718457,85.389359,66.514130
4.4108400,0.561576,1.750257,0.238200,1.853511,82.616341,72.210983
4.4202037,0.299702,1.673256,0.349124,1.735366,78.393929,79.845253
4.4311342,-0.007444,1.582345,0.355225,1.621745,77.347404,90.269531
4.4412651,-0.277615,1.615903,0.452238,1.700803,74.579758,99.748352
4.4501495,-0.595134,1.459462,0.537414,1.665241,71.172226,112.184448
4.4604936,-0.818324,1.078367,0.283961,1.383171,78.153130,127.193222
4.4701891,-0.829429,0.849563,0.031361,1.187726,88.486954,134.312927
4.4810028,-0.670181,0.832601,-0.105067,1.073968,95.614243,128.831436
4.4901686,-0.369503,0.982575,-0.138502,1.058852,97.516075,110.609055
4.5010023,0.067970,1.207717,-0.167789,1.221210,97.897186,86.778809
4.5115476,0.531801,1.373676,-0.201469,1.486737,97.788170,68.836739
4.5204477,0.827354,1.463611,-0.130205,1.686305,94.428383,60.521278
4.5305281,0.936204,1.499732,-0.001098,1.767957,90.035591,58.025639
4.5402637,0.851272,1.421756,0.077366,1.658927,87.326973,59.089062
4.5503459,0.659565,1.281423,0.114463,1.445742,85.459007,62.764534
4.5603700,0.455045,1.096549,0.131791,1.194510,83.665634,67.462585
4.5710659,0.337653,1.013326,0.174379,1.082242,80.727654,71.571259
4.5802121,0.240762,0.960975,0.216113,1.013975,77.693909,75.934654
4.5901532,0.136672,0.934617,0.246620,0.976222,75.366997,81.680420
4.6014266,0.031849,0.941207,0.252965,0.975129,74.964508,88.061913
4.6106920,-0.030263,0.975375,0.227583,1.002031,76.872307,91.777153
4.6206822,-0.053327,1.007468,0.197076,1.027947,78.946922,93.029907
4.6303906,-0.042832,1.023698,0.150339,1.035565,81.652519,92.395889
4.6412778,-0.038439,1.029433,0.086396,1.033767,85.205963,92.138428
4.6500101,-0.062479,1.020403,0.016474,1.022447,89.076797,93.503807
4.6599751,-0.096159,1.016132,-0.030507,1.021128,91.712021,95.405914
4.6703453,-0.132889,1.039928,-0.062479,1.050244,93.410522,97.282181
4.6802139,-0.188656,1.064334,-0.095548,1.085139,95.051537,100.051445
4.6902518,-0.233197,1.062137,-0.109582,1.092943,95.754311,102.383057
4.7001166,-0.255162,1.000269,-0.099331,1.037069,95.496262,104.310570
4.7102599,-0.247474,0.944868,-0.065651,0.978942,93.845345,104.676888
4.7203150,-0.211476,0.902646,-0.020989,0.927325,91.296936,103.185677
4.7303061,-0.131059,0.874945,0.033436,0.885338,87.835640,98.519043
4.7403812,-0.057964,0.855177,0.122395,0.865833,81.873413,93.877556
4.7501378,-0.005003,0.862620,0.189999,0.883311,77.578712,90.332314
4.7612252,0.026602,0.864817,0.229536,0.895155,75.142242,88.238106
4.7701650,0.037463,0.833333,0.269805,0.876723,72.076736,87.425980
4.7807159,0.013911,0.772441,0.276761,0.820643,70.290657,88.968246
4.7905979,-0.016474,0.724850,0.280788,0.777509,68.829926,91.301956
4.8002496,-0.031361,0.712037,0.274808,0.763872,68.914703,92.521935
4.8099680,-0.045029,0.707522,0.271758,0.759254,69.027054,93.641541
4.8200812,-0.044174,0.739127,0.254430,0.782940,71.036423,93.420242
4.8303089,-0.046371,0.785010,0.221238,0.816907,74.286705,93.380554
4.8399296,-0.055645,0.809050,0.199029,0.835027,76.210823,93.934509
4.8501129,-0.060282,0.804535,0.187680,0.828332,76.904442,94.285049
4.8600907,-0.041490,0.796115,0.195856,0.820902,76.196877,92.983284
4.8700819,-0.018304,0.785620,0.237590,0.820965,73.177773,91.334702
4.8800387,-0.000244,0.783546,0.304828,0.840752,68.742172,90.017845
4.8901706,0.031605,0.799287,0.313370,0.859104,68.606995,87.735588
4.9000978,0.083834,0.819300,0.272124,0.867371,71.715591,84.157631
4.9100947,0.152170,0.838093,0.208303,0.876895,76.258255,79.709106
4.9200149,0.185850,0.836628,0.173647,0.874437,78.545998,77.475616
4.9304547,0.182555,0.810636,0.249915,0.867707,73.260696,77.308739
4.9399719,0.180846,0.789891,0.334358,0.876601,67.577957,77.104332
4.9501247,0.166447,0.763167,0.372431,0.865352,64.508224,77.696434
4.9605212,0.142773,0.730097,0.371699,0.831617,63.451214,78.935211
4.9702668,0.115683,0.709108,0.338507,0.794232,64.772903,80.734451
4.9802146,0.083834,0.693245,0.160834,0.716578,77.029640,83.104736
4.9899950,0.026846,0.685435,0.073583,0.689896,83.877266,87.757050
5.0002737,0.011959,0.660419,-0.089203,0.666523,97.691154,88.962608
5.0100060,0.048689,0.623078,-0.227949,0.665250,110.038544,85.531792
5.0201097,0.113731,0.553278,-0.338507,0.658512,120.933899,78.384193
5.0302510,0.147289,0.458584,-0.331674,0.584808,124.551727,72.193947
5.0401778,0.140211,0.524845,-0.002441,0.543256,90.257401,75.042885
5.0499010,0.123493,0.743032,0.382926,0.844973,63.052040,80.563622
5.0602808,0.180114,0.976961,0.447113,1.089405,65.768829,79.554146
5.0701375,0.360595,1.211134,0.024894,1.263920,88.871445,73.419998
5.0801287,0.564382,1.297408,-0.231122,1.433601,99.277596,66.490601
5.0900240,0.672134,1.129863,-0.123615,1.320468,95.371582,59.252407
5.1004086,0.748646,0.972202,-0.049666,1.228053,92.317825,52.401878
5.1111798,0.836140,0.965368,-0.180480,1.289822,98.043602,49.102993
5.1202707,0.807829,1.047860,-0.146312,1.331167,96.310287,52.370190
5.1315250,0.594645,1.777225,0.499585,1.939515,75.073326,71.500160
5.1406507,0.594645,1.777225,0.499585,1.939515,75.073326,71.500160
5.1499820,0.495192,2.267170,0.584639,2.393131,75.859604,77.679031
5.1605039,0.230390,2.560039,0.370357,2.596929,81.800896,84.857536
5.1701989,-0.317152,2.462538,0.259189,2.496369,84.040451,97.338776
5.1809635,-1.227974,2.120247,0.066872,2.451090,88.436638,120.077942
5.1904049,-1.227974,1.642993,-0.147899,2.056507,94.124123,126.774460
5.2012043,-1.173305,0.900693,-0.276151,1.504710,100.575104,142.488190
5.2102976,-0.847489,0.834798,-0.292259,1.224965,103.803055,135.432220
5.2200899,-0.528384,0.957803,-0.279324,1.128981,104.324432,118.883881
5.2314529,-0.217455,1.185996,-0.313370,1.245823,104.568436,100.389908
5.2402530,0.159003,1.424196,-0.391956,1.485680,105.296997,83.629639
5.2503781,0.501904,1.565871,-0.407454,1.694072,103.917076,72.227951
5.2603531,0.670303,1.548909,-0.308244,1.715646,100.350342,66.599052
5.2701826,0.609045,1.395275,-0.165471,1.531375,96.203133,66.418480
5.2803607,0.446381,1.221507,-0.044418,1.301271,91.956154,69.925949
5.2901077,0.336555,1.124860,0.056377,1.175482,87.250984,73.342964
5.3004599,0.275907,1.086421,0.104212,1.125742,84.688400,75.750450
5.3106236,0.261995,1.084590,0.131791,1.123542,83.263725,76.419693
5.3202085,0.265656,1.107410,0.183897,1.153581,80.827103,76.510239
5.3306508,0.230268,1.112413,0.218553,1.156828,79.109970,78.305023
5.3403339,0.153878,1.105457,0.214160,1.136477,79.138107,82.075432
5.3502321,0.087739,1.119735,0.176331,1.136924,81.077690,85.519653
5.3601899,0.045883,1.148411,0.136794,1.157440,83.212532,87.712067
5.3699698,0.020013,1.163787,0.112388,1.169372,84.484787,89.014832
5.3801222,0.003539,1.161590,0.105189,1.166349,84.825676,89.825447
5.3901911,-0.026724,1.121077,0.091888,1.125154,85.315628,91.365562
5.3999329,-0.071021,1.065920,0.095060,1.072504,84.914978,93.811897
5.4098587,-0.112510,1.012594,0.099331,1.023656,84.431496,96.340195
5.4200969,-0.145824,0.962318,0.082247,0.976773,85.169800,98.616722
5.4300065,-0.165837,0.928516,0.073461,0.946066,85.546547,100.126495
5.4399719,-0.179748,0.898863,0.074193,0.919657,85.372627,101.308441
5.4501801,-0.194880,0.869088,0.074804,0.893805,85.199234,102.638649
5.4599972,-0.195978,0.831747,0.070288,0.857409,85.297745,103.258324
5.4699812,-0.184995,0.780007,0.084200,0.806055,84.003998,103.342400
5.4800458,-0.159857,0.752551,0.097867,0.775542,82.750420,101.992569
5.4900670,-0.133377,0.748768,0.119222,0.769842,81.091003,100.100105
5.5007696,-0.103724,0.775980,0.146434,0.796459,79.405510,97.613525
5.5101027,-0.062967,0.808318,0.167423,0.827872,78.332420,94.454262
5.5203018,-0.027700,0.805633,0.171084,0.824064,78.017654,91.969254
5.5307846,-0.018060,0.764997,0.188046,0.787978,76.193481,91.352402
5.5400958,-0.014399,0.721921,0.227583,0.757081,72.505974,91.142662
5.5502329,-0.000122,0.702275,0.259433,0.748662,69.724869,90.009956
5.5600491,0.022209,0.718138,0.265046,0.765810,69.751106,88.228630
5.5702710,0.009640,0.680798,0.239298,0.721694,70.635391,89.188728
5.5801911,-0.022087,0.583053,0.223434,0.624789,69.046150,92.169441
5.5901680,-0.044785,0.533875,0.234783,0.584937,66.335419,94.795074
5.6003346,-0.041124,0.579392,0.258213,0.635657,66.032799,94.059891
5.6103144,-0.030751,0.675795,0.286889,0.734812,67.019043,92.605377
5.6202707,-0.061380,0.742056,0.265900,0.790644,70.347862,94.728554
5.6306686,-0.107629,0.756577,0.198541,0.789564,75.436325,98.096466
5.6401582,-0.123005,0.758286,0.129960,0.779113,80.397858,99.213943
5.6504707,-0.096769,0.761459,0.088105,0.772623,83.452133,97.242516
5.6604075,-0.049300,0.758530,0.099575,0.766625,82.536880,93.718628
5.6702151,-0.009518,0.738029,0.170840,0.757604,76.967690,90.738892
5.6801896,0.013057,0.696783,0.301411,0.759293,66.611588,88.926460
5.6901865,0.030385,0.634915,0.245278,0.681323,68.899696,87.260086
5.7008576,0.026846,0.635159,0.104823,0.644310,80.636948,87.579720
5.7108598,0.022575,0.652975,0.076878,0.657873,83.289169,88.019905
5.7202587,0.062845,0.673842,0.075536,0.680969,83.631424,84.671822
5.7303395,0.148021,0.662005,0.094816,0.684946,82.043068,77.396294
5.7401738,0.253942,0.619051,-0.008054,0.669160,90.689621,67.696030
5.7502255,0.308854,0.579636,-0.120442,0.667739,100.391502,61.949432
5.7604008,0.336189,0.581344,-0.111656,0.680773,99.439957,59.959396
5.7701178,0.398790,0.617587,0.042954,0.736405,86.656067,57.148769
5.7804160,0.491287,0.669327,0.110802,0.837639,82.398697,53.721264
5.7900715,0.551813,0.721921,-0.008908,0.908707,90.561684,52.606869
5.8001709,0.597330,0.790379,-0.090911,0.994871,95.243004,52.919796
5.8104339,0.699956,0.924245,-0.026480,1.159685,91.308403,52.862347
5.8202815,0.840411,1.120955,0.026724,1.401266,88.907219,53.140083
5.8301177,0.904354,1.332797,-0.015132,1.610724,90.538261,55.841587
5.8400116,0.978303,1.725851,-0.090789,1.985921,92.620277,60.453144
5.8501749,0.943403,2.029580,0.229658,2.249877,84.141289,65.069733
5.8599291,0.944746,2.226534,0.697882,2.517347,73.905106,67.007896
5.8702779,0.921804,2.449237,0.853834,2.752729,71.930077,69.375473
5.8803248,0.525455,2.540392,0.657734,2.676249,75.772820,78.313728
5.8901439,-0.077366,2.543809,0.436130,2.582084,80.275764,91.742027
5.9001508,-0.731562,2.208230,0.247962,2.339433,83.915657,108.329445
5.9101958,-1.225900,1.560136,-0.114707,1.987464,93.308678,128.159012
5.9201398,-1.362083,1.098136,-0.357910,1.785853,101.561165,141.123627
5.9301801,-1.152926,0.875677,-0.517279,1.537410,109.661446,142.782394
5.9402366,-0.871528,0.786108,-0.529238,1.287486,114.271637,137.949905
5.9501595,-0.641260,0.766828,-0.517523,1.125642,117.371513,129.904083
5.9601269,-0.431005,0.841143,-0.549861,1.093451,120.189903,117.130775
5.9702597,-0.263704,0.997218,-0.549617,1.168787,118.050255,104.812218
5.9809628,-0.136062,1.187949,-0.567433,1.323524,115.386925,96.533913
5.9902415,-0.027456,1.306805,-0.585127,1.432084,114.115936,91.203629
6.0002947,0.108361,1.395641,-0.513252,1.490968,110.135475,85.560303
6.0106678,0.288964,1.487773,-0.417704,1.572083,105.408607,79.008537
6.0203905,0.467736,1.516938,-0.328745,1.621095,101.700272,72.863274
6.0303988,0.571460,1.437497,-0.194758,1.559133,97.175797,68.320290
6.0402937,0.553888,1.303632,-0.013301,1.416483,90.538033,66.980301
6.0509839,0.488969,1.214429,0.160346,1.318954,83.017258,68.068680
6.0612826,0.411969,1.156587,0.304950,1.265072,76.051292,70.394440
6.0700979,0.336433,1.104237,0.378899,1.214945,71.828331,73.055359
6.0803375,0.279079,1.049080,0.420145,1.164034,68.842171,75.103020
6.0901351,0.231976,0.983307,0.428565,1.097439,67.013557,76.725800
6.1002016,0.165837,0.903500,0.370967,0.990672,68.009048,79.599167
6.1103306,0.098355,0.856275,0.322400,0.920229,69.491455,83.447502
6.1222568,0.041978,0.850295,0.225387,0.880661,75.171349,87.173683
6.1402206,-0.100185,0.889223,0.173525,0.911518,79.025681,96.428200
6.1509008,-0.155709,0.935227,0.082857,0.951715,85.005440,99.452621
6.1603041,-0.198663,0.986357,-0.029531,1.006598,91.681145,101.387611
6.1702080,-0.224411,1.018939,-0.131791,1.051649,97.199142,102.420509
6.1801062,-0.295431,0.945112,-0.127520,0.998387,97.338203,107.358658
6.1907010,-0.340094,0.865549,-0.084810,0.933826,95.210770,111.450989
6.2003098,-0.351686,0.794772,-0.039537,0.870006,92.604698,113.869370
6.2101212,-0.309221,0.745595,0.006834,0.807202,89.514938,112.525246
6.2202888,-0.234051,0.726070,0.057842,0.765051,85.664024,107.866875
6.2302637,-0.155220,0.738883,0.128130,0.765806,80.368317,101.863861
6.2401247,-0.069556,0.770367,0.199151,0.798726,75.561821,95.159241
6.2502260,0.018426,0.789281,0.252721,0.828959,72.249893,88.662636
6.2604198,0.077732,0.761337,0.297506,0.821088,68.756569,84.170319
6.2711868,0.110802,0.721433,0.328501,0.800410,65.769028,81.268402
6.2814198,0.114341,0.708498,0.359984,0.802890,63.361431,80.832382
6.2899957,0.093108,0.713745,0.367672,0.808260,62.941921,82.567757
6.3001599,0.054669,0.712281,0.352419,0.796575,63.741779,85.611053
6.3107300,0.023063,0.703007,0.316176,0.771180,65.795776,88.120979
6.3209901,0.012081,0.692390,0.272612,0.744223,68.512138,89.000404
6.3300958,0.004515,0.670791,0.235149,0.710828,70.682045,89.614349
6.3401756,0.001220,0.657124,0.210743,0.690092,72.218689,89.893600
6.3502579,-0.005857,0.652975,0.200127,0.682980,72.961143,90.513947
6.3605189,-0.012813,0.670425,0.183653,0.695243,74.683144,91.094887
6.3703890,-0.007322,0.699712,0.164495,0.718825,76.771317,90.599518
6.3802962,0.007688,0.730585,0.149851,0.745835,78.409393,89.397110
6.3903975,0.028921,0.758408,0.108972,0.766742,81.829300,87.816170
6.4001317,0.046981,0.784522,0.061014,0.788292,85.560829,86.572937
6.4099765,0.045151,0.783424,0.103480,0.791517,82.487839,86.701553
6.4202490,0.048689,0.776224,0.190487,0.800737,76.238007,86.410767
6.4301829,0.046981,0.762313,0.284937,0.815179,69.540886,86.473343
6.4410028,0.050764,0.773295,0.304461,0.832622,68.551437,86.244141
6.4509730,0.073583,0.803681,0.140089,0.819110,80.152542,84.768707
6.4611998,0.105067,0.834920,0.060892,0.843705,85.861221,82.827576
6.4714279,0.158515,0.838215,0.028311,0.853541,88.099236,79.291229
6.4803281,0.221726,0.786841,-0.019036,0.817706,91.333984,74.262543
6.4899979,0.241739,0.730951,-0.068946,0.772969,95.117386,71.700027
6.5002928,0.221116,0.685313,-0.092376,0.726002,97.310066,72.117729
6.5102930,0.205008,0.687875,0.119832,0.727709,80.521912,73.404320
6.5203500,0.194636,0.738639,0.221848,0.795417,73.804955,75.237801
6.5306969,0.228194,0.852248,0.080417,0.885926,84.792007,75.010391
6.5402741,0.306902,1.006248,-0.061258,1.053792,93.332565,73.038483
6.5511866,0.380241,1.042857,-0.179992,1.124513,99.210510,69.967384
6.5604711,0.477132,1.034315,-0.218065,1.159747,100.837730,65.236008
6.5705948,0.710817,1.196491,-0.199639,1.405954,98.163322,59.286102
6.5811901,0.917655,1.252502,-0.206228,1.566328,97.565735,53.771339
6.5904546,0.935105,1.159638,-0.111656,1.493870,94.286446,51.118095
6.6004248,0.805511,1.088983,0.027090,1.354794,88.854240,53.510010
6.6105494,0.754137,1.381608,0.329965,1.608241,78.160461,61.372520
6.6202111,0.831869,2.038732,0.547664,2.269002,76.032707,67.802940
6.6302857,0.763411,2.724289,0.619539,2.896270,77.648445,74.345856
6.6401362,0.203422,3.089154,0.662371,3.165911,77.923363,86.232498
6.6502128,-0.617953,2.785791,0.346439,2.874460,83.077698,102.507019
6.6600361,-1.231147,1.967101,-0.161932,2.326249,93.991631,122.041153
6.6715236,-1.250427,0.756089,-0.237224,1.480376,99.221146,148.840118
6.6805477,-0.866891,0.688974,-0.167911,1.119991,98.622414,141.523605
6.6901579,-0.475912,0.805633,-0.167667,0.950604,100.158958,120.571625
6.7005959,-0.090301,1.030166,-0.218797,1.057009,101.946411,95.009567
6.7101521,0.269683,1.256529,-0.306902,1.321281,103.431114,77.886627
6.7202201,0.550105,1.382706,-0.355591,1.530012,103.439049,68.305031
6.7306828,0.715332,1.417241,-0.324230,1.620307,101.543045,63.218296
6.7400799,0.721555,1.356104,-0.231854,1.553518,98.583160,61.983471
6.7515998,0.591107,1.244570,-0.142407,1.385150,95.901009,64.594688
6.7606544,0.439181,1.164031,-0.096159,1.247836,94.419609,69.328850
6.7714610,0.311905,1.074828,-0.005979,1.119185,90.306114,73.817764
6.7803392,0.254430,1.005882,0.066017,1.039659,86.359314,75.805222
6.7900276,0.256748,0.977449,0.130815,1.019038,82.624550,75.282494
6.7999659,0.297506,0.981354,0.172304,1.039834,80.461876,73.134880
6.8100204,0.321789,0.982575,0.189755,1.051194,79.600334,71.866570
6.8199415,0.290184,0.965124,0.199883,1.027436,78.781837,73.265533
6.8300724,0.211842,0.936204,0.213184,0.983261,77.478065,77.249977
6.8400059,0.146312,0.911798,0.212574,0.947613,77.036774,80.883705
6.8499308,0.125934,0.895324,0.194758,0.924876,77.843819,81.993477
6.8602071,0.162786,0.906185,0.172426,0.936697,79.392540,79.816055
6.8699689,0.200981,0.932665,0.130571,0.962967,82.207146,77.839218
6.8800116,0.205130,0.952555,0.087983,0.978356,84.840477,77.847107
6.8899775,0.165959,0.939010,0.060648,0.955490,86.360794,79.977158
6.9002347,0.099819,0.914483,0.036853,0.920652,87.705902,83.770599
6.9100032,0.026114,0.876288,0.007566,0.876709,89.505547,88.293045
6.9199347,-0.040025,0.822595,-0.016352,0.823730,91.137451,92.785667
6.9301267,-0.071875,0.783058,-0.023674,0.786706,91.724403,95.244339
6.9399691,-0.073949,0.761947,-0.024528,0.765920,91.835152,95.543373
6.9502697,-0.066628,0.766096,-0.022941,0.769330,91.708809,94.970528
6.9602208,-0.030141,0.785986,-0.016230,0.786731,91.182060,92.196106
6.9700627,0.016230,0.783302,0.004271,0.783481,89.687660,88.813019
6.9801116,0.073339,0.797091,0.059428,0.802661,85.754013,84.743095
6.9902258,0.126666,0.824181,0.126300,0.843369,81.387207,81.262764
7.0004649,0.175355,0.830893,0.190853,0.870378,77.333496,78.082932
7.0100369,0.210377,0.818324,0.260897,0.884296,72.840446,75.582436
7.0200200,0.237834,0.790379,0.303485,0.879413,69.812126,73.252884
7.0300689,0.268097,0.757798,0.301655,0.858562,69.430168,70.517021
7.0402064,0.293113,0.740226,0.291648,0.847884,69.880951,68.397545
7.0503144,0.315566,0.737907,0.293967,0.854696,69.882698,66.846024
7.0603127,0.337775,0.758896,0.311417,0.887128,69.449081,66.006744
7.0700421,0.342046,0.787939,0.327891,0.919432,69.107040,66.534218
7.0808740,0.330820,0.820154,0.330576,0.944127,69.504181,68.032692
7.0902820,0.327891,0.855421,0.310563,0.967319,71.273247,69.027695
7.1000118,0.333016,0.892639,0.289330,0.995699,73.107338,69.541016
7.1100507,0.326549,0.916435,0.294333,1.016425,73.167374,70.387749
7.1202917,0.302631,0.918387,0.304461,1.013764,72.522713,71.761696
7.1303668,0.260531,0.910089,0.293601,0.991131,72.768806,74.025185
7.1403685,0.219163,0.906673,0.268829,0.970751,73.922997,76.410973
7.1506329,0.144726,0.941085,0.214160,0.975936,77.323799,81.257187
7.1601768,0.121174,0.980256,0.194636,1.006711,78.852348,82.953125
7.1701779,0.101772,0.975619,0.116049,0.987754,83.252846,84.044716
7.1802707,0.075536,0.926563,0.061991,0.931702,86.185020,85.339417
7.1900477,0.087861,0.853834,-0.107141,0.865004,97.115044,84.124870
7.2004747,0.141553,0.778177,-0.301655,0.846517,110.876083,79.690407
7.2103500,0.058086,0.713623,-0.129594,0.727617,100.259567,85.346649
7.2200561,-0.104823,0.707766,0.110070,0.723903,81.254227,98.424461
7.2305827,-0.135818,0.727047,-0.063699,0.742362,94.922363,100.581329
7.2401385,0.024772,0.710085,-0.368526,0.800403,117.414597,88.002007
7.2508879,0.309831,0.574633,-0.407087,0.769362,121.946243,61.667328
7.2605605,0.532289,0.393054,-0.286279,0.720957,113.395897,36.443005
7.2702327,0.628447,0.238322,-0.203666,0.702299,106.857887,20.767895
7.2807779,0.669815,0.232098,-0.112754,0.717799,99.037659,19.111773
7.2904487,0.770489,0.440523,0.099575,0.893101,83.598557,29.758562
7.3003798,0.967321,0.900815,0.374506,1.373839,74.181068,42.961136
7.3101406,0.976839,1.322058,0.373042,1.685590,77.213882,53.540134
7.3201437,0.896056,1.519745,0.198419,1.775362,83.583084,59.475983
7.3308549,0.802460,1.513277,0.055035,1.713761,88.159714,62.063896
7.3402596,0.865793,1.766852,0.178772,1.975683,84.808426,63.894218
7.3515205,0.858593,2.283644,0.377801,2.468794,81.197418,69.394981
7.3602047,0.565481,2.805316,0.284815,2.875880,84.316353,78.603340
7.3700910,-0.184385,2.965540,0.199639,2.977966,86.156082,93.557838
7.3800855,-0.995265,2.552717,0.286645,2.754829,84.027451,111.300056
7.3902187,-1.450066,1.586372,0.120808,2.152641,86.782814,132.429718
7.4002967,-1.460927,0.890931,-0.045029,1.711751,91.507370,148.623505
7.4103489,-1.153293,0.654317,-0.178894,1.337990,97.683655,150.431702
7.4201736,-0.776956,0.678479,-0.252599,1.061980,103.760086,138.870819
7.4309859,-0.376946,0.877508,-0.265778,0.991336,105.551308,113.246651
7.4412799,0.056987,1.197711,-0.309587,1.238387,104.477020,87.275909
7.4506826,0.433812,1.448480,-0.381461,1.559423,104.159210,73.327332
7.4601817,0.644921,1.538537,-0.397813,1.715014,103.412445,67.257629
7.4701619,0.687875,1.528653,-0.324962,1.707499,100.971153,65.772827
7.4806681,0.617221,1.438107,-0.230024,1.581779,98.361664,66.771492
7.4902987,0.532411,1.314614,-0.168522,1.428311,96.775917,67.952347
7.5000558,0.452360,1.190877,-0.150705,1.282782,96.746872,69.200493
7.5101628,0.409650,1.118270,-0.170962,1.203150,98.169121,69.880966
7.5201697,0.362059,1.036145,-0.064431,1.099470,93.359573,70.739113
7.5306940,0.325450,0.962806,0.110314,1.022293,83.805244,71.323570
7.5401211,0.292015,0.915703,0.270904,0.998585,74.259117,72.312691
7.5507259,0.261141,0.888978,0.369259,0.997411,68.271004,73.629623
7.5604739,0.216357,0.872261,0.421243,0.992519,64.886185,76.069420
7.5702996,0.166569,0.874579,0.365232,0.962303,67.694870,79.216805
7.5803447,0.146678,0.901670,0.299214,0.961276,71.864357,80.760384
7.5909801,0.159369,0.954142,0.225631,0.993325,76.870834,80.517479
7.6008644,0.149729,0.998682,0.105921,1.015384,84.012238,81.473343
7.6114817,0.139845,1.000757,-0.030507,1.010941,91.729279,82.045052
7.6203475,0.121907,0.971958,-0.030507,0.980048,91.783806,82.851082
7.6307678,-0.035266,0.931078,0.042466,0.932713,87.390450,92.169144
7.6407061,-0.129594,0.872505,0.071387,0.884961,85.373116,98.448456
7.6508999,-0.178772,0.857739,0.051740,0.877698,86.620461,101.773170
7.6614366,-0.183165,0.878118,0.002685,0.897022,89.828522,101.782280
7.6700630,-0.170352,0.890931,-0.030019,0.907568,91.895485,100.824684
7.6801338,-0.131425,0.889711,-0.019891,0.899585,91.266968,98.402756
7.6901851,-0.085908,0.879338,0.025626,0.883896,88.338638,95.579880
7.7007737,-0.056499,0.865671,0.068458,0.870210,85.487968,93.734192
7.7100506,-0.033192,0.874579,0.118978,0.883259,82.258530,92.173431
7.7202229,-0.003905,0.893372,0.152048,0.906227,80.341171,90.250435
7.7303596,0.030995,0.903134,0.145702,0.915336,80.840759,88.034401
7.7400894,0.049910,0.878850,0.142773,0.891769,80.787224,86.749680
7.7508779,0.055279,0.835774,0.149851,0.850899,79.856789,86.215912
7.7601457,0.044662,0.790257,0.173647,0.810342,77.626236,86.765289
7.7702861,0.045029,0.759384,0.195978,0.785557,75.553459,86.606552
7.7802567,0.043198,0.731196,0.216479,0.763791,73.535164,86.618965
7.7906599,0.045029,0.716552,0.229780,0.753839,72.253090,86.404228
7.8007889,0.038439,0.689828,0.243081,0.732413,70.616425,86.810631
7.8109522,0.033924,0.664446,0.255040,0.712520,69.026222,87.077248
7.8199658,0.050764,0.664446,0.256870,0.714176,68.919853,85.631065
7.8300266,0.088959,0.681042,0.272246,0.738816,68.377518,82.558060
7.8478208,0.157783,0.685191,0.307878,0.767575,66.352707,77.032211
7.8599739,0.176819,0.689340,0.324352,0.782086,65.497887,75.613480
7.8699789,0.184507,0.715698,0.336677,0.812169,65.509605,75.543892
7.8799839,0.152048,0.748402,0.385610,0.855523,63.209412,78.515907
7.8899789,0.142041,0.800874,0.245888,0.849727,73.179596,79.942726
7.8998699,0.124225,0.842364,0.082247,0.855437,84.482689,81.610939
7.9100399,0.072485,0.844072,-0.115805,0.855057,97.783813,85.091743
7.9201150,0.004271,0.816494,-0.329355,0.880429,111.967773,89.700294
7.9301233,-0.052594,0.790745,-0.309465,0.850772,111.330406,93.805275
7.9399476,-0.065041,0.762191,-0.036120,0.765813,92.703423,94.877495
7.9504838,0.000122,0.716552,0.163030,0.734864,77.182236,89.990242
7.9602046,0.148631,0.626129,0.165349,0.664431,75.590073,76.646255
7.9701085,0.360961,0.537292,-0.031117,0.648031,92.752304,56.106216
7.9807305,0.558281,0.457485,-0.261995,0.767862,109.950073,39.333027
7.9901481,0.698248,0.445649,-0.284571,0.875861,108.959755,32.547581
8.0000191,0.768048,0.474935,-0.105677,0.909192,96.674667,31.731268
8.0101233,0.887270,0.625397,0.016474,1.085652,89.130554,35.178280
8.0201550,1.025285,0.850295,0.074682,1.334087,86.790932,39.669811
8.0302496,1.044199,0.902768,-0.002563,1.380343,90.106369,40.845226
8.0399637,1.114854,0.948162,0.050032,1.464382,88.042061,40.380554
8.0501986,1.189535,1.120955,0.283106,1.658820,80.173378,43.299843
8.0601139,1.306682,1.673622,0.432103,2.166828,78.497108,52.019028
8.0701294,1.338898,2.718310,0.472129,3.066718,81.143951,63.777538
8.0802689,0.954142,3.837800,0.475301,3.983090,83.146576,76.038368
8.0900803,-0.054303,3.961049,0.502148,3.993121,82.775742,90.785431
8.1000719,-1.395641,2.776395,0.379143,3.130485,83.043648,116.687813
8.1110039,-2.037512,1.207351,-0.102870,2.370598,92.487083,149.350647
8.1208544,-1.437619,0.486406,-0.151315,1.525200,95.693695,161.307190
8.1299686,-1.437619,0.486406,-0.151315,1.525200,95.693695,161.307190
8.1400204,-0.337409,0.858471,-0.200859,0.944014,102.284813,111.456558
8.1499586,0.110436,1.166716,-0.400620,1.238514,108.872795,84.592758
8.1601696,0.439669,1.387954,-0.586958,1.569791,111.956848,72.423096
8.1707249,0.650535,1.492898,-0.641748,1.750366,111.508347,66.454697
8.1807861,0.711061,1.509372,-0.592571,1.770579,109.552856,64.775009
8.1901617,0.680066,1.465198,-0.496168,1.689816,107.074974,65.101822
8.2003078,0.606360,1.345488,-0.401352,1.529409,105.213882,65.740715
8.2101154,0.533631,1.165129,-0.267609,1.309161,101.795105,65.392143
8.2201948,0.505687,1.025773,-0.090301,1.147207,94.514648,63.757572
8.2302752,0.452604,0.918998,0.097135,1.029001,84.583374,63.779861
8.2408752,0.367916,0.859570,0.298482,0.981486,72.295227,66.827919
8.2504263,0.277737,0.840533,0.403549,0.972875,65.493263,71.714905
8.2601681,0.168277,0.824303,0.452116,0.955093,61.746468,78.461891
8.2702913,0.077854,0.803436,0.450164,0.924240,60.852226,84.465233
8.2803984,0.045761,0.805755,0.392932,0.897625,64.039818,86.749527
8.2913132,0.087861,0.836018,0.302143,0.893273,70.230164,84.000572
8.3001137,0.205984,0.890443,0.210133,0.937803,77.051811,76.974991
8.3104563,0.341924,0.921560,0.145580,0.993669,81.575409,69.643761
8.3201313,0.417094,0.940231,0.148997,1.039327,81.757736,66.077545
8.3303690,0.400864,0.949261,0.184995,1.046906,79.821999,67.106117
8.3402634,0.341070,0.939864,0.200127,1.019669,78.681274,70.054527
8.3504591,0.262239,0.911432,0.159735,0.961765,80.439690,73.948280
8.3600874,0.185972,0.875433,0.073705,0.897999,85.292023,78.006729
8.3702841,0.134720,0.858471,-0.007078,0.869007,90.466652,81.081329
8.3803196,0.087617,0.845658,-0.037707,0.851021,92.539482,84.084831
8.3902359,0.038927,0.829184,-0.025870,0.830501,91.785049,87.312149
8.4006004,0.000610,0.801484,-0.005613,0.801504,90.401276,89.956383
8.4104090,-0.034778,0.761459,0.003417,0.762260,89.743172,92.615059
8.4212074,-0.050154,0.726925,0.025504,0.729099,87.995377,93.946838
8.4305811,-0.031361,0.717284,0.050886,0.719771,85.945953,92.503510
8.4401903,0.024406,0.738517,0.068214,0.742062,84.725647,88.107239
8.4501915,0.094572,0.779519,0.076756,0.788977,84.417122,83.082611
8.4604378,0.153146,0.816494,0.084932,0.835062,84.162506,79.376724
8.4703331,0.209767,0.834188,0.103358,0.866345,83.148079,75.884895
8.4803886,0.264558,0.831869,0.139357,0.883978,80.929642,72.357857
8.4901190,0.300557,0.816860,0.195734,0.892136,77.326248,69.799339
8.5002747,0.324962,0.801118,0.252843,0.900733,73.697510,67.920753
8.5102320,0.334480,0.797091,0.305560,0.916841,70.532364,67.235786
8.5202646,0.335335,0.803314,0.351320,0.938717,68.021667,67.342445
8.5300026,0.342534,0.850906,0.372553,0.990033,67.895081,68.072617
8.5404043,0.343511,0.917777,0.366696,1.046318,69.484337,69.479858
8.5517635,0.332528,0.938644,0.356690,1.057760,70.292870,70.492584
8.5607147,0.323010,0.913994,0.368771,1.037166,69.172478,70.536362
8.5704937,0.309587,0.868112,0.375482,0.995213,67.834190,70.372711
8.5808926,0.306292,0.833944,0.349612,0.954728,68.519150,69.832664
8.5902929,0.321179,0.825036,0.311905,0.938682,70.592796,68.729462
8.6002331,0.354615,0.841387,0.275541,0.953733,73.207443,67.146286
8.6102047,0.364622,0.872505,0.306292,0.993996,72.052711,67.319847
8.6204920,0.333626,0.962684,0.285669,1.058146,74.337448,70.885811
8.6313963,0.286645,0.975985,0.194636,1.035662,79.167786,73.632568
8.6405783,0.194148,0.956704,0.103602,0.981687,83.942017,78.528534
8.6509838,0.114707,0.931933,0.127520,0.947585,82.266037,82.983047
8.6601372,0.131547,0.899107,0.156441,0.922047,80.231560,81.676208
8.6701603,0.201713,0.851150,0.164251,0.890012,79.365189,76.667488
8.6808462,0.241007,0.803192,0.205862,0.863471,76.207130,73.297562
8.6901255,0.302753,0.766462,0.072973,0.827314,84.939659,68.445938
8.7008467,0.401352,0.704227,-0.116415,0.818885,98.173042,60.320385
8.7103605,0.497267,0.609289,-0.162542,0.803073,101.677345,50.780651
8.7202044,0.579514,0.533143,-0.086518,0.792189,96.270020,42.613533
8.7306557,0.609289,0.498243,0.033192,0.787769,87.585190,39.274406
8.7406425,0.614536,0.533143,0.119100,0.822241,81.671524,40.943394
8.7506638,0.633695,0.688730,0.174257,0.951989,79.452820,47.383083
8.7606239,0.640528,0.963904,0.243325,1.182622,78.126564,56.395386
8.7706890,0.603554,1.266535,0.340216,1.443653,76.369286,64.520370
8.7803726,0.507883,1.509494,0.368648,1.634754,76.967300,71.404015
8.7912083,0.468712,1.751965,0.222336,1.827158,83.010689,75.022141
8.8007660,0.496901,2.095109,0.193049,2.161865,84.876801,76.657593
8.8104706,0.266389,2.155514,0.281154,2.190034,82.624084,82.954842
8.8202448,-0.198052,1.947577,0.343511,1.987531,80.047432,95.806549
8.8304977,-0.715454,1.654220,0.192195,1.812528,83.913086,113.388588
8.8402462,-1.072510,1.329014,-0.078586,1.709599,92.634689,128.903412
8.8504143,-1.180017,1.118636,-0.198663,1.638064,96.965919,136.529587
8.8599930,-1.080930,1.079953,-0.232465,1.545557,98.650581,135.025879
8.8702259,-0.792576,1.116806,-0.310929,1.404318,102.791817,125.362595
8.8800287,-0.426856,1.166716,-0.345829,1.289585,105.555450,110.095619
8.8902845,-0.049910,1.251037,-0.299336,1.287318,103.445892,92.284584
8.9008007,0.283595,1.322424,-0.229170,1.371769,99.617012,77.896217
8.9100637,0.533143,1.349026,-0.147167,1.458003,95.793137,68.435783
8.9201479,0.677381,1.296798,-0.078708,1.465171,93.079391,62.419743
8.9301424,0.695563,1.176966,0.015376,1.367221,89.355644,59.417770
8.9400034,0.632840,1.046640,0.150583,1.232322,82.981209,58.841152
8.9501076,0.550959,0.973666,0.295919,1.157217,75.183952,60.496197
8.9600029,0.458095,0.952800,0.398423,1.129787,69.350304,64.322273
8.9701767,0.365110,0.953288,0.447479,1.114585,66.329529,69.043137
8.9802685,0.292991,0.962318,0.449553,1.101815,65.920013,73.066414
8.9902439,0.237590,0.961342,0.419290,1.075375,67.051620,76.117874
9.0006943,0.205130,0.950603,0.377679,1.043248,68.775574,77.822891
9.0104532,0.187680,0.952555,0.326915,1.024431,71.390388,78.853897
9.0200081,0.177308,0.981598,0.259433,1.030669,75.421097,79.760979
9.0302086,0.188168,1.031630,0.157661,1.060436,81.449814,79.662949
9.0401421,0.221970,1.083858,0.073339,1.108782,86.207466,78.426079
9.0511198,0.220994,1.094841,0.056621,1.118356,87.097931,78.588173
9.0602293,0.156685,1.068117,0.051862,1.080793,87.249588,81.654655
9.0699854,0.064675,1.032850,0.036853,1.035529,87.960518,86.416924
9.0811930,-0.023918,1.006980,0.027212,1.007632,88.452469,91.360626
9.0911713,-0.059062,0.992337,0.067238,0.996364,86.130562,93.406113
9.1009455,-0.113487,0.930956,0.114829,0.944852,83.019524,96.950249
9.1101189,-0.139113,0.915947,0.154488,0.939243,80.532875,98.635994
9.1201038,-0.124713,0.903988,0.179626,0.930061,78.864281,97.854881
9.1305962,-0.086030,0.879338,0.199517,0.905784,77.275116,95.587761
9.1402054,-0.035022,0.859448,0.216235,0.886924,75.888893,92.333496
9.1507845,0.030019,0.859936,0.229536,0.890549,75.063614,88.000702
9.1601448,0.099453,0.871650,0.277493,0.920146,72.447762,83.490829
9.1703548,0.140943,0.875433,0.326671,0.944967,69.775749,80.853973
9.1800900,0.154610,0.873969,0.349856,0.954005,68.486305,79.967834
9.1902084,0.147167,0.867257,0.353273,0.947943,68.119423,80.369118
9.2007399,0.126788,0.845902,0.334847,0.918558,68.621025,81.475700
9.2104578,0.107019,0.816494,0.329355,0.886899,68.200729,82.532715
9.2203188,0.088837,0.788183,0.335091,0.861052,67.097488,83.569275
9.2309685,0.081515,0.781471,0.321301,0.848868,67.758842,84.045021
9.2405062,0.068336,0.765364,0.273954,0.815783,70.377739,84.897835
9.2510824,0.072119,0.732050,0.215991,0.766648,73.636299,84.373581
9.2605047,0.071265,0.670425,0.191341,0.700828,74.155876,83.932373
9.2703619,0.035388,0.594035,0.220628,0.634671,69.657852,86.590767
9.2807560,-0.002074,0.562186,0.245156,0.613318,66.439308,90.211426
9.2910805,-0.019891,0.568165,0.251623,0.621709,66.125900,92.005028
9.3002777,-0.013423,0.585249,0.223923,0.626768,69.067657,91.313896
9.3100328,0.037585,0.613682,0.208181,0.649121,71.293999,86.495308
9.3206291,0.125567,0.621980,0.106653,0.643429,80.458778,78.586342
9.3303242,0.155464,0.606238,0.096647,0.633273,81.221527,75.616943
9.3403034,0.150339,0.564871,0.143140,0.601805,76.240303,75.096321
9.3507881,0.151560,0.509347,0.178894,0.560721,71.394958,73.429298
9.3605385,0.151071,0.444794,0.209035,0.514160,66.011292,71.240288
9.3706913,0.218431,0.407087,0.164373,0.490358,70.414726,61.783295
9.3802710,0.345219,0.426978,0.036243,0.550273,86.223602,51.043880
9.3902855,0.486894,0.473105,-0.068092,0.682298,95.727539,44.177071
9.4009809,0.620516,0.515083,-0.053082,0.808188,93.765945,39.695675
9.4101086,0.715454,0.598306,0.033192,0.933245,87.961792,39.904434
9.4202976,0.778665,0.704593,0.062113,1.051964,86.615036,42.141121
9.4305058,0.891297,0.838581,0.097867,1.227683,85.427711,43.254505
9.4401875,1.020647,1.042979,0.188168,1.471371,82.652534,45.619991
9.4503345,0.985259,1.358057,0.364866,1.717026,77.731186,54.039417
9.4605484,0.663226,1.525236,0.381828,1.706460,77.070366,66.498917
9.4702711,0.367672,1.608337,0.189510,1.660676,83.447334,77.123230
9.4807253,0.229048,1.662762,-0.033070,1.678789,91.128716,82.156792
9.4902878,0.268341,1.702788,-0.079197,1.725620,92.630486,81.044456
9.5001488,0.401596,1.953678,0.088959,1.996510,87.446213,78.384140
9.5104017,0.489457,2.414702,0.175721,2.470068,85.920517,78.541473
9.5201244,0.207449,2.665715,0.189510,2.680483,85.945801,85.550156
9.5304060,-0.474935,2.594085,0.356202,2.661150,82.307732,100.375038
9.5403042,-1.314492,2.024455,0.356934,2.440022,81.588417,122.995941
9.5502710,-1.837507,1.228462,0.071387,2.211481,88.150169,146.235367
9.5602217,-1.629326,0.806487,-0.069678,1.819335,92.194893,153.665421
9.5703239,-1.129985,0.687753,-0.100063,1.326606,94.325821,148.673660
9.5809956,-0.202690,0.720579,-0.358764,0.830078,115.607613,105.710602
9.5900202,-0.202690,0.884952,-0.358764,0.976183,111.562576,102.900528
9.6009121,0.251013,1.335115,-0.663470,1.511864,116.030029,79.352203
9.6101637,0.400132,1.439328,-0.795871,1.692684,118.046150,74.464111
9.6200409,0.582443,1.405282,-0.724972,1.685123,115.481461,67.487617
9.6313057,0.727779,1.248109,-0.393298,1.497371,105.227905,59.753315
9.6401920,0.760116,1.019915,0.007200,1.272028,89.675705,53.303795
9.6508970,0.764143,0.834310,0.279568,1.165395,76.119904,47.513474
9.6604595,0.780129,0.727413,0.363767,1.126968,71.168625,42.997272
9.6707973,0.760360,0.643213,0.320325,1.046173,72.170387,40.228935
9.6806593,0.698004,0.580734,0.305194,0.957917,71.421638,39.760220
9.6901331,0.613682,0.552302,0.353517,0.898118,66.820099,41.986580
9.7007179,0.523381,0.558647,0.405135,0.866111,62.110790,46.866768
9.7101679,0.469444,0.604896,0.380485,0.855012,63.576302,52.185883
9.7202454,0.465539,0.690194,0.302875,0.885905,70.008415,56.000141
9.7301178,0.482867,0.787329,0.257724,0.958890,74.408684,58.479286
9.7402840,0.491043,0.854444,0.240274,1.014362,76.297981,60.114323
9.7503538,0.466760,0.878728,0.255528,1.027289,75.597023,62.023819
9.7602243,0.416240,0.884708,0.254064,1.010203,75.433861,64.803825
9.7705517,0.367062,0.895812,0.215259,0.991741,77.464111,67.718460
9.7801094,0.330698,0.903622,0.158271,0.975163,80.659447,69.898941
9.7904434,0.312393,0.888246,0.123737,0.949675,82.513412,70.623398
9.8002214,0.310929,0.846268,0.118978,0.909397,82.482346,69.826080
9.8100510,0.313492,0.801240,0.135574,0.871001,81.045341,68.631683
9.8201599,0.314956,0.792820,0.155098,0.867073,79.695717,68.334038
9.8298635,0.325572,0.835530,0.157417,0.910433,80.043327,68.711143
9.8400393,0.350832,0.907527,0.142529,0.983363,81.666153,68.864464
9.8504486,0.389271,0.992581,0.124103,1.073383,83.360687,68.585831
9.8599958,0.420999,1.050178,0.080295,1.134267,85.940636,68.154984
9.8701754,0.400498,1.061893,0.022209,1.135125,88.878914,69.335800
9.8800211,0.337653,1.067384,-0.029043,1.119894,91.486046,72.445908
9.8902321,0.252233,1.094597,-0.057598,1.124758,92.935333,77.023575
9.9005337,0.185728,1.166594,-0.058086,1.182713,92.815056,80.954140
9.9102402,0.125445,1.218456,-0.066262,1.226687,93.096436,84.121857
9.9205046,0.074559,1.226632,-0.094816,1.232548,94.411949,86.521614
9.9301167,0.031117,1.158906,-0.100430,1.163665,94.951042,88.461945
9.9400873,0.030873,1.035413,-0.083956,1.039270,94.633591,88.292099
9.9509525,0.094084,0.931200,-0.056011,0.937616,93.424767,84.230682
9.9602509,0.218553,0.868844,-0.028677,0.896369,91.833328,75.880478
9.9703703,0.373164,0.836506,-0.011227,0.916035,90.702217,65.958458
9.9808760,0.506541,0.840045,-0.005247,0.980962,90.306480,58.910339
9.9901295,0.591473,0.865671,0.018304,1.048600,88.999794,55.657024
10.0008411,0.636257,0.896544,0.041490,1.100153,87.838707,54.637539
10.0102406,0.650535,0.919730,0.045395,1.127457,87.692482,54.727825
10.0202007,0.623444,0.947186,0.049056,1.135011,87.522888,56.646820
10.0305758,0.550593,0.985747,0.079807,1.131910,85.956932,60.814278
10.0403166,0.460048,1.036023,0.114585,1.139350,84.227982,66.056297
10.0508261,0.384024,1.077757,0.104823,1.148922,84.765305,70.388107
10.0600252,0.335945,1.100698,0.044785,1.151695,87.771446,73.027252
10.0701189,0.305926,1.107410,-0.004759,1.148899,90.237335,74.557007
10.0802622,0.285791,1.101674,0.012081,1.138204,89.391853,75.457176
10.0901165,0.299092,1.066164,0.020989,1.107521,88.914108,74.329544
10.1007013,0.314468,1.066530,0.021721,1.112137,88.880890,73.571777
10.1101189,0.329233,1.073486,0.013545,1.122920,89.308853,72.949463
10.1200800,0.369625,1.083614,0.004027,1.144927,89.798477,71.165306
10.1303778,0.419778,1.093621,0.008054,1.171446,89.606079,69.001060
10.1400833,0.472129,1.092888,-0.014155,1.190593,90.681221,66.635612
10.1505919,0.572192,1.090570,-0.070899,1.233602,93.294769,62.315231
10.1602755,0.654195,1.074462,-0.087006,1.260956,93.956573,58.664494
10.1705246,0.630034,1.027969,-0.073949,1.207945,93.509789,58.496212
10.1803017,0.538390,0.973300,-0.063089,1.114073,93.246338,61.050411
10.1901789,0.432103,0.925099,-0.053937,1.022463,93.023849,64.963249
10.2007952,0.355469,0.886904,-0.042710,0.956442,92.559402,68.159187
10.2102747,0.327403,0.851150,-0.054669,0.913585,93.430626,68.960289
10.2204180,0.339606,0.819544,-0.057842,0.889005,93.730484,67.491684
10.2301331,0.378777,0.793430,-0.042588,0.880237,92.773193,64.480583
10.2402248,0.426856,0.768658,-0.020257,0.879461,91.319817,60.955433
10.2506208,0.471153,0.754381,-0.013179,0.889522,90.848923,58.012947
10.2601404,0.513008,0.750476,-0.036609,0.909798,92.306099,55.644379
10.2702999,0.536560,0.752062,-0.053449,0.925392,93.311111,54.493999
10.2806149,0.537048,0.758896,-0.047225,0.930900,92.907898,54.714100
10.2902155,0.513740,0.769512,-0.038073,0.926028,92.356339,56.272209
10.3004427,0.478962,0.790745,-0.031239,0.925018,91.935333,58.796299
10.3103008,0.429907,0.809904,-0.029409,0.917404,91.837029,62.040096
10.3204317,0.377557,0.825646,-0.021477,0.908131,91.355156,65.426025
10.3306980,0.344853,0.846390,-0.010128,0.914004,90.634926,67.832077
10.3402214,0.347293,0.857861,-0.007444,0.925524,90.460823,67.960106
10.3502083,0.385244,0.865671,0.010739,0.947584,89.350677,66.009789
10.3607235,0.427466,0.856397,0.037951,0.957906,87.729424,63.474148
10.3702803,0.475546,0.844438,0.073827,0.971941,85.643692,60.613949
10.3803520,0.522771,0.831625,0.098111,0.987175,84.296211,57.845985
10.3901815,0.562308,0.822595,0.101406,1.001567,84.189011,55.644341
10.4000702,0.592571,0.828574,0.096403,1.023215,84.593842,54.428810
10.4101906,0.616245,0.836384,0.082857,1.042191,85.439995,53.617359
10.4202509,0.631742,0.839191,0.075658,1.053121,85.880241,53.027599
10.4300003,0.628569,0.831381,0.066628,1.044382,86.342262,52.908730
10.4401588,0.605018,0.815395,0.060892,1.017165,86.567955,53.424828
10.4502802,0.575243,0.808196,0.062235,0.993961,86.410210,54.558182
10.4605141,0.571094,0.834188,0.053571,1.012367,86.966713,55.604034
10.4706316,0.580368,0.855421,0.032094,1.034215,88.221725,55.844704
10.4801826,0.580246,0.842974,0.011227,1.023434,89.371475,55.459106
10.4901428,0.554620,0.788915,0.003661,0.964367,89.782501,54.892159
10.5002689,0.517523,0.728267,-0.006834,0.893448,90.438232,54.601509
10.5109177,0.513252,0.704593,-0.010006,0.871768,90.657669,53.928989
10.5203657,0.556329,0.741568,0.008664,0.927092,89.464539,53.122559
10.5305948,0.595012,0.789037,0.028677,0.988656,88.337860,52.980114
10.5402870,0.596110,0.802826,0.042344,1.000835,87.575172,53.405594
10.5502396,0.567677,0.797335,0.059306,0.980570,86.532578,54.550346
10.5601120,0.553644,0.800264,0.067848,0.975473,86.011635,55.323479
10.5702429,0.592693,0.809904,0.052472,1.004979,87.007095,53.803089
10.5808592,0.609899,0.818080,0.049788,1.021621,87.206642,53.294548
10.5902481,0.618319,0.819178,0.055157,1.027820,86.923798,52.954342
10.6007938,0.622834,0.824669,0.066506,1.035580,86.317894,52.937962
10.6107426,0.624542,0.822717,0.079075,1.035939,85.622284,52.797070
10.6205301,0.618685,0.810514,0.094816,1.024058,84.687447,52.644623
10.6304140,0.614170,0.797579,0.106897,1.012306,83.938408,52.402187
10.6401739,0.615512,0.785498,0.102504,1.003180,84.135330,51.917934
10.6506968,0.616611,0.776468,0.096159,0.996172,84.460724,51.546127
10.6605444,0.612828,0.777200,0.094694,0.994266,84.534851,51.743980
10.6702166,0.602577,0.782570,0.092742,0.992026,84.635742,52.403786
10.6804218,0.596842,0.791844,0.088227,0.995500,84.915466,52.993309
10.6900358,0.597208,0.797701,0.082369,0.999885,85.274689,53.179218
10.7001696,0.593791,0.793430,0.079441,0.994198,85.416939,53.189365
10.7106085,0.596354,0.785254,0.076146,0.988969,85.584129,52.785488
10.7202549,0.605018,0.775736,0.073949,0.986550,85.701218,52.048347
10.7303362,0.610997,0.765974,0.072363,0.982481,85.776154,51.421547
10.7404032,0.615146,0.761825,0.070288,0.981694,85.894157,51.080364
10.7513294,0.621126,0.766462,0.075170,0.989399,85.642754,50.979362
10.7602968,0.629058,0.769146,0.078586,0.996732,85.477875,50.721489
10.7704659,0.634183,0.767316,0.085542,0.999139,85.088562,50.426445
10.7802744,0.634183,0.768170,0.086762,0.999900,85.022125,50.457741
10.7900372,0.632474,0.771587,0.083834,1.001198,85.196808,50.658325
10.8007231,0.635159,0.776834,0.083468,1.006909,85.245018,50.729717
10.8104877,0.640894,0.780861,0.086884,1.013922,85.084221,50.622452
10.8199520,0.650291,0.777810,0.087495,1.017606,85.067574,50.102596
10.8299685,0.656880,0.771343,0.088227,1.016979,85.023117,49.582092
10.8400841,0.657490,0.762801,0.090911,1.011150,84.841637,49.240566
10.8501940,0.657002,0.755113,0.090911,1.005044,84.810211,48.974411
10.8598843,0.656514,0.749012,0.091521,1.000203,84.749924,48.765209
10.8702831,0.654806,0.744131,0.095304,0.995783,84.507935,48.653492
10.8801842,0.649924,0.745351,0.101162,0.994074,84.159195,48.912510
10.8901625,0.645775,0.753527,0.102626,0.997678,84.095825,49.403290
10.9001207,0.649558,0.761337,0.096037,1.005377,84.518585,49.529800
10.9103804,0.664568,0.760970,0.095914,1.014853,84.576836,48.868759
10.9209795,0.670181,0.758042,0.108361,1.017601,83.887146,48.520252
10.9305801,0.676771,0.749012,0.117880,1.016333,83.339546,47.900558
10.9401321,0.672256,0.742910,0.119588,1.009032,83.193443,47.858215
10.9502449,0.669693,0.731440,0.118734,0.998794,83.172691,47.523335
10.9600782,0.671279,0.724118,0.116171,0.994213,83.289803,47.168533
10.9703579,0.677381,0.720945,0.112632,0.995637,83.504456,46.784447
10.9801722,0.683848,0.721555,0.107751,0.999950,83.813988,46.536869
10.9902592,0.691414,0.723142,0.109704,1.006490,83.742538,46.284885
11.0002365,0.697516,0.722409,0.112266,1.010449,83.620956,46.004395
11.0100737,0.693611,0.718383,0.114951,1.005178,83.433357,46.005085
11.0205822,0.687631,0.716552,0.117514,1.000046,83.251694,46.179905
11.0302610,0.685679,0.713013,0.107141,0.994999,83.818420,46.119576
11.0402288,0.689462,0.706302,0.098965,0.991975,84.274315,45.691242
11.0509853,0.688974,0.699834,0.094084,0.986562,84.527634,45.448048
11.0601120,0.683970,0.696905,0.094084,0.980992,84.496468,45.536686
11.0699558,0.678357,0.698004,0.093962,0.977858,84.485962,45.817802
11.0802431,0.676771,0.694831,0.093108,0.974412,84.516853,45.754387
11.0902987,0.673232,0.696051,0.096281,0.973139,84.321968,45.954758
11.1009493,0.676405,0.699834,0.097623,0.978172,84.272270,45.975327
11.1102486,0.686411,0.707888,0.092620,0.990376,84.633873,45.882484
11.1212511,0.695197,0.710451,0.090667,0.998128,84.788223,45.621731
11.1305313,0.702763,0.708864,0.094450,1.002639,84.594635,45.247646
11.1404171,0.708620,0.704593,0.101528,1.004441,84.198700,44.836735
11.1508675,0.709963,0.699956,0.103968,1.002395,84.046577,44.593372
11.1603746,0.710817,0.695929,0.109460,1.000779,83.720741,44.393665
11.1701231,0.713867,0.694465,0.115805,1.002646,83.367561,44.210690
11.1803808,0.718993,0.694709,0.116049,1.006498,83.379074,44.015903
11.1911516,0.724850,0.696783,0.118368,1.012386,83.285645,43.868984
11.2000151,0.730463,0.695197,0.122883,1.015862,83.052254,43.582973
11.2110252,0.732050,0.691048,0.124225,1.014335,82.965355,43.349678
11.2215633,0.728267,0.687875,0.128130,1.009932,82.711243,43.366241
11.2300482,0.723020,0.688119,0.129106,1.006446,82.629829,43.583252
11.2402945,0.721433,0.693123,0.131913,1.009102,82.488617,43.853447
11.2507782,0.722531,0.696783,0.128130,1.011917,82.725616,43.960697
11.2600708,0.724240,0.698492,0.132279,1.014846,82.510529,43.963196
11.2703724,0.729609,0.696539,0.131547,1.017252,82.569939,43.671654
11.2805538,0.734002,0.693733,0.123493,1.017485,83.028778,43.384392
11.2901688,0.734490,0.690194,0.111778,1.014070,83.671577,43.219131
11.3000669,0.735711,0.686533,0.107019,1.011954,83.929337,43.019650
11.3102045,0.733270,0.680188,0.103236,1.005484,84.106873,42.849270
11.3203096,0.735833,0.670791,0.102138,1.000921,84.143120,42.352570
11.3302536,0.736931,0.663348,0.097257,0.996271,84.397820,41.991932
11.3409414,0.743642,0.659565,0.096159,0.998637,84.474442,41.571037
11.3501930,0.751696,0.657856,0.088715,1.002842,84.924789,41.191193
11.3601351,0.751818,0.659077,0.081637,1.003134,85.331985,41.239212
11.3705454,0.747913,0.660907,0.086030,1.001785,85.073547,41.465996
11.3800116,0.739493,0.660297,0.083590,0.994902,85.180443,41.761803
11.3901052,0.732050,0.658833,0.082735,0.988333,85.198036,41.986687
11.4002914,0.734246,0.659443,0.081027,0.990226,85.306419,41.927708
11.4102631,0.739615,0.659199,0.085786,0.994451,85.051239,41.709728
11.4199219,0.744131,0.658466,0.086518,0.997393,85.023659,41.504982
11.4301691,0.750476,0.659443,0.086152,1.002747,85.071289,41.305744
11.4408293,0.760848,0.659321,0.091643,1.010936,84.798882,40.910885
11.4501591,0.768658,0.655172,0.091888,1.014164,84.801628,40.442867
11.4600763,0.772075,0.650535,0.096037,1.014159,84.566193,40.116798
11.4703283,0.772075,0.648582,0.097013,1.013001,84.504494,40.031956
11.4800901,0.771343,0.651633,0.098111,1.014505,84.450356,40.191227
11.4901047,0.771343,0.655904,0.095548,1.017010,84.609093,40.375851
11.5001163,0.771099,0.654317,0.096891,1.015929,84.527298,40.316338
11.5112486,0.775126,0.649192,0.096647,1.015683,84.539795,39.947231
11.5204010,0.785132,0.642237,0.093840,1.018679,84.714455,39.283100
11.5301628,0.789281,0.632962,0.092986,1.015998,84.748848,38.727802
11.5401201,0.786841,0.625641,0.094938,1.009732,84.604897,38.489273
11.5503397,0.787207,0.625275,0.092620,1.009575,84.736206,38.459961
11.5605068,0.782936,0.626495,0.085664,1.006391,85.117065,38.666344
11.5701742,0.781349,0.630278,0.081881,1.007205,85.336967,38.891491
11.5799274,0.790135,0.633451,0.076756,1.015611,85.665672,38.719112
11.5898695,0.806853,0.629058,0.075658,1.025890,85.770683,37.941513
11.5999537,0.810148,0.617099,0.073949,1.021087,85.846878,37.296925
11.6099739,0.781471,0.687997,0.056377,1.042697,86.900581,41.360283
