Keuwl Accelerometer Data File
2019-06-28 13-17-51

Time (s), X (m/s2), Y (m/s2), Z (m/s2), R (m/s2), Theta (deg), Phi (deg)
0.0000000,0.132889,0.910334,0.201103,0.941705,77.669403,81.694710
0.0099356,0.146556,0.839191,0.323010,0.911074,69.234901,80.093765
0.0198669,0.193659,0.769024,0.365598,0.873249,65.249748,75.865395
0.0299750,0.272368,0.740836,0.387197,0.879172,63.869907,69.814072
0.0398736,0.371577,0.809538,0.380729,0.968698,66.856712,65.344917
0.0498404,0.433568,0.869820,0.393786,1.048635,67.943375,63.505730
0.0598553,0.416484,0.892517,0.449675,1.082707,65.460197,64.984390
0.0698992,0.375726,0.873847,0.464929,1.058743,63.951435,66.733849
0.0805097,0.363889,0.870064,0.459438,1.049052,64.026512,67.303719
0.0902304,0.375116,0.874823,0.477010,1.064691,63.382847,66.790802
0.1002398,0.397081,0.885196,0.530702,1.105844,61.320648,65.839943
0.1100985,0.434178,0.926685,0.549251,1.161436,61.776848,64.895607
0.1201883,0.457973,1.002831,0.452116,1.191562,67.701523,65.454742
0.1300607,0.420999,0.995876,0.412823,1.157338,69.102310,67.084167
0.1402274,0.387319,0.977937,0.381217,1.118796,70.078094,68.393616
0.1500608,0.331430,0.940841,0.361449,1.060977,70.081970,70.594177
0.1606485,0.277005,0.946576,0.356812,1.048834,70.111031,73.688469
0.1707673,0.232587,0.948162,0.336799,1.032735,70.966362,76.217354
0.1803202,0.205862,0.931445,0.309709,1.002939,72.013016,77.537178
0.1901302,0.203300,0.901914,0.290550,0.969122,72.553955,77.297302
0.2000132,0.222580,0.880070,0.292259,0.953667,72.154121,75.806847
0.2099677,0.255406,0.873237,0.313248,0.962236,71.001640,73.696762
0.2210499,0.281398,0.866525,0.337043,0.971416,69.698479,72.009155
0.2314005,0.297506,0.853834,0.356934,0.972082,68.457909,70.789871
0.2409753,0.303363,0.842852,0.366208,0.967748,67.764618,70.204941
0.2504143,0.306292,0.840045,0.365232,0.965859,67.781380,69.967461
0.2602502,0.306170,0.847245,0.358276,0.969497,68.312241,70.131607
0.2701052,0.302509,0.852858,0.352297,0.971077,68.728394,70.470390
0.2800291,0.297140,0.857251,0.349612,0.972317,68.926460,70.882698
0.2904232,0.294211,0.863352,0.346683,0.975770,69.188652,71.182053
0.3001322,0.298238,0.867624,0.348026,0.981243,69.226273,71.030045
0.3100981,0.309709,0.871895,0.358886,0.992431,68.800072,70.444283
0.3207406,0.323254,0.875311,0.375604,1.005854,68.073418,69.730736
0.3303974,0.334602,0.879704,0.389027,1.018421,67.542953,69.175293
0.3404188,0.340094,0.886782,0.399400,1.030323,67.191956,69.017456
0.3501390,0.339484,0.890077,0.407332,1.036052,66.848907,69.122681
0.3600971,0.336311,0.886904,0.412701,1.034420,66.486313,69.233452
0.3700021,0.330820,0.881657,0.411236,1.027558,66.408852,69.432655
0.3804131,0.320447,0.880192,0.403427,1.019891,66.699196,69.995209
0.3902591,0.309831,0.880559,0.393420,1.012995,67.146667,70.615227
0.4000457,0.299458,0.883365,0.381950,1.007916,67.731361,71.273491
0.4099994,0.292137,0.884708,0.375482,1.004509,68.050041,71.726418
0.4212548,0.287011,0.887270,0.371577,1.003839,68.274757,72.074806
0.4307445,0.285669,0.889711,0.368526,1.004492,68.476761,72.199173
0.4411013,0.286035,0.891907,0.368771,1.006631,68.509850,72.218925
0.4505107,0.291160,0.893005,0.369259,1.009250,68.538597,71.941681
0.4601559,0.301533,0.891907,0.375360,1.013566,68.263649,71.320824
0.4700855,0.317396,0.889955,0.383048,1.019552,67.932274,70.371559
0.4799333,0.328745,0.887758,0.387807,1.023026,67.723396,69.679939
0.4900477,0.332162,0.888002,0.387685,1.024294,67.759834,69.491425
0.5000134,0.325572,0.883487,0.384268,1.016961,67.798851,69.770737
0.5103253,0.312881,0.876410,0.381706,1.005827,67.697639,70.353249
0.5201237,0.301289,0.871650,0.376702,0.996220,67.781990,70.932137
0.5300714,0.294211,0.870796,0.373286,0.992063,67.897041,71.331718
0.5399982,0.290550,0.873725,0.368771,0.991870,68.173752,71.605873
0.5502902,0.290550,0.874823,0.364011,0.991080,68.451561,71.627411
0.5601442,0.299946,0.874579,0.368038,0.995143,68.294571,71.070038
0.5700182,0.298970,0.874335,0.376092,0.997642,67.853195,71.122391
0.5806221,0.296774,0.869210,0.382438,0.994916,67.394012,71.148598
0.5905131,0.293845,0.862010,0.385977,0.989133,67.031998,71.176613
0.6002797,0.292869,0.858837,0.384268,0.985411,67.048172,71.170319
0.6102284,0.297506,0.863597,0.379631,0.989155,67.431168,70.991364
0.6202533,0.303119,0.870430,0.372797,0.994237,67.978271,70.799812
0.6300477,0.311295,0.874945,0.369015,0.999303,68.329269,70.415054
0.6404679,0.318495,0.879948,0.372797,1.007336,68.279297,70.102425
0.6505695,0.319959,0.877386,0.377190,1.007200,68.006958,69.964447
0.6602989,0.316664,0.875189,0.381461,1.005856,67.713333,70.108673
0.6703720,0.305682,0.879094,0.382560,1.006280,67.655655,70.826233
0.6801711,0.295919,0.888612,0.381217,1.011201,67.852341,71.581573
0.6901026,0.292503,0.901181,0.376336,1.019468,68.336807,72.017769
0.7006169,0.293723,0.914116,0.369869,1.028924,68.932266,72.186806
0.7106045,0.300190,0.922780,0.366208,1.037182,69.324196,71.979736
0.7206028,0.310929,0.927784,0.367306,1.045166,69.425003,71.472412
0.7309855,0.324230,0.929004,0.373408,1.052429,69.218475,70.760590
0.7408063,0.340582,0.926807,0.379143,1.057694,68.994247,69.822701
0.7503857,0.354615,0.921560,0.387441,1.060724,68.576370,68.953339
0.7601419,0.358886,0.914971,0.394030,1.058882,68.153618,68.583008
0.7700245,0.352663,0.905940,0.393542,1.048797,67.961334,68.730133
0.7801778,0.344487,0.898619,0.388783,1.037950,68.002357,69.025604
0.7901725,0.332894,0.893250,0.382682,1.027209,68.127335,69.560699
0.8001083,0.320325,0.887270,0.372431,1.014180,68.455482,70.149239
0.8103852,0.309221,0.878728,0.364011,1.000142,68.656433,70.613258
0.8201747,0.300190,0.872627,0.356446,0.989265,68.880539,71.016380
0.8305389,0.293967,0.871040,0.352419,0.984544,69.025574,71.350998
0.8403355,0.287621,0.866769,0.351809,0.978665,68.931847,71.642525
0.8504093,0.286035,0.857617,0.358398,0.972508,68.375038,71.555267
0.8603337,0.289574,0.857983,0.369991,0.978203,67.775597,71.350189
0.8704554,0.292015,0.861888,0.377313,0.985134,67.479973,71.283211
0.8801918,0.296163,0.863841,0.384390,0.990802,67.172470,71.075974
0.8903769,0.302753,0.862254,0.389637,0.993458,66.908348,70.652908
0.9001081,0.309709,0.861400,0.390858,0.995339,66.878136,70.224411
0.9102056,0.314834,0.863841,0.387929,0.997913,67.123856,69.975311
0.9200763,0.319349,0.870064,0.388295,1.004872,67.268547,69.844810
0.9306642,0.322644,0.871895,0.388417,1.007555,67.324921,69.693054
0.9405212,0.325450,0.871162,0.390126,1.008484,67.241760,69.515228
0.9508222,0.324962,0.869454,0.392322,1.007704,67.087639,69.506554
0.9609101,0.318739,0.872261,0.392200,1.008094,67.104538,69.926842
0.9706841,0.308732,0.872627,0.391224,1.004912,67.088348,70.516388
0.9803656,0.304339,0.872993,0.390248,1.003510,67.115005,70.780617
0.9902624,0.305560,0.874335,0.389637,1.004811,67.184082,70.736671
1.0001112,0.308366,0.870430,0.388295,1.001754,67.193817,70.492348
1.0101457,0.308732,0.870064,0.386709,1.000935,67.272583,70.463348
1.0207124,0.298604,0.867746,0.380241,0.993343,67.493423,71.010902
1.0303237,0.298604,0.867746,0.380241,0.993343,67.493423,71.010902
1.0406089,0.281764,0.864695,0.380241,0.985734,67.310051,71.951607
1.0506710,0.281764,0.853956,0.377923,0.975427,67.204491,71.739616
1.0608276,0.280666,0.836140,0.380241,0.960462,66.678246,71.444725
1.0705929,0.291038,0.841021,0.383902,0.969227,66.665970,70.911644
1.0805030,0.303729,0.849929,0.385000,0.981253,66.898827,70.335236
1.0905449,0.315810,0.863108,0.384268,0.996170,67.309959,69.902504
1.1002750,0.326427,0.881413,0.385366,1.015849,67.706337,69.678154
1.1105156,0.339118,0.899839,0.386099,1.036235,68.124100,69.350349
1.1203048,0.354737,0.916191,0.385366,1.055344,68.582756,68.834244
1.1309985,0.369869,0.931200,0.388173,1.074530,68.823074,68.337242
1.1405238,0.378411,0.937790,0.392078,1.084606,68.808052,68.025269
1.1507635,0.378167,0.935105,0.394030,1.082909,68.662376,67.981056
1.1603628,0.369625,0.925831,0.393420,1.071711,68.463409,68.236359
1.1702025,0.355225,0.916801,0.389515,1.057559,68.388237,68.820557
1.1811293,0.335335,0.907649,0.383048,1.040674,68.402939,69.723038
1.1908902,0.316176,0.900327,0.373408,1.024690,68.628700,70.649788
1.2015442,0.301045,0.889345,0.362669,1.006524,68.880249,71.298958
1.2114757,0.290062,0.882023,0.349490,0.992091,69.373390,71.796036
1.2214348,0.279934,0.880803,0.341802,0.985396,69.704140,72.368881
1.2307820,0.276639,0.879338,0.335457,0.980967,70.003342,72.536476
1.2405010,0.277249,0.879948,0.336799,0.982146,69.945023,72.511703
1.2502257,0.281764,0.878728,0.343267,0.984574,69.595558,72.221558
1.2601393,0.287744,0.881535,0.352785,0.992148,69.171196,71.922699
1.2700577,0.292137,0.886538,0.359252,1.000178,68.949638,71.761650
1.2799945,0.295797,0.887636,0.366818,1.004962,68.592003,71.569778
1.2899243,0.303119,0.888490,0.380363,1.012903,67.943672,71.162315
1.2999297,0.306658,0.883731,0.389637,1.013330,67.386559,70.863045
1.3099409,0.311417,0.880559,0.394519,1.013908,67.101051,70.523422
1.3199005,0.315322,0.882877,0.395617,1.017552,67.120605,70.345673
1.3298608,0.313614,0.888246,0.390614,1.019762,67.477638,70.553375
1.3398625,0.307146,0.889711,0.382072,1.015826,67.906502,70.954292
1.3500552,0.302143,0.888246,0.379875,1.012214,67.957680,71.213928
1.3599132,0.299946,0.887270,0.377923,1.009971,68.025650,71.321907
1.3698406,0.299946,0.887636,0.375360,1.009337,68.167915,71.329071
1.3798629,0.302021,0.887514,0.374262,1.009440,68.237404,71.206573
1.3902769,0.303851,0.886294,0.373530,1.008646,68.264168,71.076569
1.4000980,0.307146,0.884219,0.376458,1.008912,68.091034,70.844612
1.4102341,0.309465,0.886172,0.380241,1.012745,67.947502,70.750031
1.4201247,0.309831,0.884219,0.379753,1.010965,67.936493,70.689529
1.4300714,0.309587,0.880192,0.378655,1.006957,67.911476,70.621895
1.4401097,0.307146,0.876410,0.377435,1.002442,67.882004,70.686501
1.4500189,0.303851,0.876044,0.375360,1.000337,67.961235,70.871155
1.4599936,0.300801,0.883121,0.371943,1.004353,68.263962,71.190605
1.4703408,0.301411,0.888124,0.368771,1.007772,68.535393,71.253868
1.4801965,0.304339,0.886050,0.370479,1.007453,68.423805,71.043488
1.4901913,0.305682,0.883365,0.372919,1.006402,68.250626,70.912216
1.5007392,0.304828,0.882999,0.375360,1.006729,68.108429,70.954384
1.5103310,0.303851,0.888490,0.373774,1.010667,68.294945,71.120033
1.5206037,0.305804,0.889711,0.375604,1.013005,68.236145,71.031570
1.5309960,0.305804,0.889711,0.376946,1.013504,68.165672,71.031570
1.5405434,0.309831,0.885074,0.376946,1.010663,68.101128,70.706787
1.5505158,0.321179,0.886538,0.384634,1.018356,67.808647,70.085312
1.5602764,0.325816,0.886660,0.384756,1.019980,67.838455,69.823387
1.5700758,0.328867,0.882877,0.387563,1.018740,67.639450,69.569901
1.5800849,0.327647,0.879094,0.390126,1.016050,67.420624,69.559097
1.5903054,0.317641,0.875921,0.391834,1.010776,67.191231,70.067543
1.6001388,0.307634,0.873969,0.390126,1.005315,67.165977,70.608101
1.6103225,0.300679,0.873481,0.387075,1.001600,67.265816,71.004990
1.6201137,0.295675,0.872993,0.381584,0.997570,67.510574,71.289185
1.6299884,0.290672,0.873359,0.378411,0.995209,67.651917,71.591476
1.6404167,0.287621,0.874335,0.373652,0.993380,67.905098,71.790848
1.6502374,0.286523,0.872505,0.371089,0.990488,67.997154,71.820251
1.6600899,0.289086,0.869942,0.373042,0.989712,67.857018,71.618111
1.6701944,0.291404,0.872505,0.377557,0.994349,67.684761,71.531403
1.6800708,0.295309,0.873603,0.381584,0.997996,67.520683,71.322891
1.6903110,0.302387,0.876288,0.386343,1.004280,67.375122,70.961609
1.7001486,0.305926,0.877142,0.390492,1.007696,67.200394,70.772469
1.7101582,0.305438,0.874579,0.390980,1.005508,67.117775,70.748779
1.7201977,0.302143,0.875189,0.387441,1.003672,67.292702,70.953720
1.7303274,0.298726,0.877874,0.380851,1.002471,67.671730,71.207405
1.7402527,0.299214,0.883487,0.376214,1.005791,68.034508,71.290092
1.7500874,0.298726,0.885562,0.373408,1.006424,68.221214,71.359230
1.7604823,0.297750,0.885562,0.371577,1.005457,68.311493,71.415962
1.7703621,0.297628,0.884585,0.372675,1.004968,68.232994,71.403961
1.7809217,0.299824,0.886050,0.374384,1.007543,68.186836,71.305046
1.7905029,0.303363,0.887636,0.377557,1.011176,68.075546,71.131355
1.8007435,0.305682,0.890687,0.379753,1.015370,68.037201,71.057899
1.8107438,0.307756,0.890565,0.380119,1.016027,68.029869,70.936172
1.8203144,0.309587,0.885318,0.381095,1.012356,67.886414,70.725784
1.8304073,0.309953,0.885318,0.380485,1.012239,67.920982,70.704674
1.8402827,0.308488,0.887026,0.376824,1.011917,68.137123,70.823441
1.8517723,0.304339,0.887636,0.374384,1.010289,68.249161,71.074951
1.8611913,0.306658,0.889467,0.374018,1.012462,68.320511,70.977547
1.8713217,0.310319,0.889833,0.377557,1.015209,68.167137,70.774376
1.8811538,0.312271,0.888735,0.378167,1.015073,68.126945,70.640251
1.8913740,0.313980,0.891419,0.379509,1.018449,68.121826,70.596489
1.9010761,0.313980,0.893982,0.383048,1.022014,67.988220,70.647964
1.9108011,0.311539,0.891541,0.382926,1.019085,67.929039,70.738602
1.9203615,0.310929,0.888124,0.382804,1.015864,67.862801,70.705048
1.9301587,0.313003,0.887514,0.384512,1.016613,67.775993,70.573563
1.9401580,0.312637,0.888002,0.381828,1.015915,67.923378,70.604454
1.9505150,0.308732,0.886904,0.378167,1.012386,68.065880,70.806931
1.9603101,0.303973,0.885806,0.373042,1.008073,68.281059,71.059822
1.9704111,0.303485,0.890687,0.374506,1.012759,68.297478,71.184402
1.9802196,0.302875,0.899229,0.374628,1.020143,68.455070,71.385635
1.9903404,0.300557,0.893250,0.375482,1.014503,68.277328,71.403175
2.0001643,0.303241,0.887026,0.380729,1.011793,67.895828,71.126358
2.0105326,0.308488,0.888368,0.383414,1.015564,67.818733,70.850304
2.0203164,0.308366,0.891175,0.382072,1.017478,67.944260,70.913246
2.0302179,0.313370,0.892151,0.388173,1.022161,67.681351,70.646095
2.0400684,0.314834,0.883365,0.392444,1.016596,67.291832,70.383789
2.0505264,0.312271,0.887270,0.388173,1.017566,67.575096,70.610680
2.0602272,0.307634,0.896910,0.377923,1.020741,68.269371,71.068382
2.0702682,0.301045,0.889345,0.371455,1.009723,68.415176,71.298958
2.0807612,0.303607,0.876898,0.375970,1.001240,67.944489,70.902672
2.0908597,0.311051,0.875189,0.384756,1.005359,67.498642,70.434280
2.1004124,0.316420,0.873603,0.387685,1.006779,67.351631,70.089539
2.1105137,0.319959,0.874213,0.385977,1.007770,67.480324,69.897545
2.1203229,0.317274,0.877264,0.381584,1.007899,67.753448,70.116783
2.1301794,0.309465,0.880925,0.378289,1.007422,67.944672,70.643875
2.1400754,0.302875,0.882389,0.378533,1.006792,67.915161,71.055504
2.1502402,0.300557,0.880437,0.379875,1.004892,67.788551,71.151527
2.1604755,0.300679,0.879582,0.379753,1.004134,67.778404,71.127396
2.1703513,0.300312,0.882633,0.377313,1.005780,67.966774,71.209328
2.1801622,0.299214,0.883975,0.373042,1.005038,68.212112,71.299706
2.1901572,0.299458,0.885684,0.376946,1.008067,68.041817,71.319107
2.2003686,0.299214,0.883487,0.382438,1.008136,67.706482,71.290092
2.2104914,0.299824,0.882877,0.387563,1.009738,67.429184,71.242554
2.2201984,0.302143,0.882023,0.391712,1.011283,67.210815,71.090759
2.2301407,0.302753,0.878362,0.393664,1.009035,67.036812,70.982002
2.2402453,0.301045,0.876044,0.393664,1.006505,66.975777,71.035172
2.2501202,0.299946,0.878850,0.388173,1.006491,67.314674,71.155525
2.2600467,0.296530,0.883365,0.384878,1.008164,67.557167,71.444038
2.2700233,0.294699,0.883243,0.383658,1.007055,67.606201,71.548431
2.2800374,0.296530,0.885806,0.386221,1.010816,67.536919,71.491676
2.2906253,0.296286,0.886050,0.387929,1.011612,67.450829,71.510620
2.3006318,0.297262,0.881413,0.386343,1.007231,67.445061,71.363014
2.3103859,0.298970,0.878240,0.387807,1.005526,67.314308,71.200417
2.3201604,0.302753,0.877996,0.389393,1.007057,67.252876,70.974640
2.3300858,0.303973,0.876776,0.390980,1.006976,67.153030,70.878853
2.3400035,0.306170,0.875799,0.391346,1.006934,67.129425,70.730934
2.3505957,0.310075,0.880192,0.393054,1.012609,67.159943,70.593628
2.3602345,0.308366,0.887636,0.391956,1.018144,67.358055,70.842690
2.3706143,0.299092,0.889711,0.386099,1.014945,67.640717,71.419014
2.3803308,0.290794,0.886904,0.382926,1.008857,67.693321,71.846947
2.3905799,0.288354,0.882023,0.382682,1.003772,67.589249,71.896240
2.4002633,0.289696,0.875555,0.382560,0.998435,67.470490,71.692116
2.4100895,0.295553,0.876044,0.382682,1.000624,67.514915,71.357002
2.4206612,0.304217,0.879826,0.384878,1.007360,67.538269,70.926163
2.4304001,0.313248,0.883365,0.389637,1.015025,67.426407,70.475136
2.4401839,0.317030,0.882511,0.392566,1.016584,67.284096,70.239845
2.4501216,0.312881,0.879948,0.394397,1.013781,67.105522,70.426247
2.4607449,0.308000,0.878362,0.397569,1.012149,66.871338,70.676628
2.4705830,0.304950,0.881291,0.397325,1.013674,66.923149,70.913048
2.4802537,0.304339,0.879216,0.392444,1.009780,67.129906,70.906784
2.4901173,0.303973,0.876044,0.387563,1.005016,67.317230,70.864029
2.5001538,0.302265,0.874701,0.386221,1.002812,67.347733,70.936714
2.5100510,0.299214,0.876410,0.384268,1.002639,67.464439,71.149628
2.5202749,0.296286,0.876166,0.383292,1.001181,67.490311,71.316437
2.5302188,0.294943,0.875311,0.383536,1.000131,67.450226,71.378342
2.5402575,0.295309,0.874945,0.387807,1.001564,67.219528,71.349564
2.5509882,0.292747,0.879216,0.388051,1.004642,67.278137,71.584137
2.5605164,0.294821,0.882145,0.391956,1.009321,67.148979,71.519882
2.5705831,0.299092,0.883609,0.394397,1.012803,67.082153,71.299599
2.5802915,0.305560,0.882633,0.397447,1.015072,66.949287,70.904602
2.5901845,0.312393,0.883121,0.401474,1.019154,66.800804,70.519394
2.6000726,0.313125,0.883853,0.404403,1.021169,66.670425,70.492134
2.6103628,0.309709,0.883243,0.404281,1.019549,66.638634,70.676819
2.6201708,0.301045,0.883487,0.399400,1.015233,66.833336,71.183670
2.6301754,0.294699,0.883121,0.393908,1.010898,67.066536,71.546051
2.6404138,0.292381,0.882023,0.391834,1.008457,67.135811,71.660225
2.6501570,0.293113,0.882389,0.392566,1.009274,67.110260,71.624496
2.6601017,0.295919,0.884097,0.393542,1.011964,67.114586,71.493904
2.6699505,0.297384,0.884341,0.396959,1.013939,66.952026,71.413391
2.6799932,0.298604,0.885074,0.402572,1.017145,66.684959,71.356758
2.6899991,0.300190,0.881535,0.407698,1.016580,66.356277,71.194672
2.7004430,0.304461,0.877996,0.415996,1.018148,65.884300,70.875061
2.7105625,0.305926,0.874335,0.426856,1.019931,65.259140,70.715294
2.7204773,0.305316,0.875311,0.438571,1.025540,64.681564,70.770821
2.7302108,0.299946,0.878728,0.439913,1.027450,64.649155,71.153099
2.7401044,0.302021,0.887270,0.442110,1.036304,64.746651,71.201767
2.7501090,0.313614,0.895080,0.446869,1.048434,64.771767,70.690819
2.7600520,0.327403,0.900571,0.450164,1.058711,64.836685,70.021255
2.7699749,0.331186,0.902280,0.457241,1.064360,64.558281,69.844116
2.7801785,0.333992,0.906062,0.456509,1.068130,64.697891,69.765129
2.7901049,0.334358,0.910822,0.462855,1.075000,64.496750,69.842049
2.8002460,0.325694,0.906551,0.467126,1.070569,64.129784,70.238274
2.8100104,0.313614,0.885684,0.474325,1.052508,63.213848,70.501350
2.8198853,0.304828,0.864939,0.479817,1.035018,62.381470,70.586182
2.8301661,0.310563,0.860180,0.484454,1.034917,62.088413,70.148178
2.8402231,0.328623,0.871528,0.535096,1.074189,60.123043,69.340286
2.8500142,0.347782,0.864329,0.453336,1.036113,64.053246,68.081535
2.8603306,0.367428,0.867135,0.505565,1.068889,61.771988,67.036339
2.8701289,0.392200,0.867135,0.543760,1.096093,60.258411,65.663055
2.8799753,0.423805,0.863230,0.531069,1.098550,61.090538,63.851139
2.8899932,0.469566,0.866891,0.605628,1.157056,58.437950,61.557072
2.9008157,0.528140,0.858105,0.657856,1.203350,56.859947,58.388863
2.9106994,0.577928,0.822717,0.726803,1.240607,54.137341,54.913410
2.9204192,0.615390,0.790013,0.744497,1.247839,53.371159,52.082764
2.9306645,0.638210,0.775126,0.708376,1.228791,54.796516,50.533234
2.9407418,0.644555,0.771221,0.636867,1.189888,57.640278,50.112488
2.9503033,0.644311,0.756822,0.577317,1.149439,59.850368,49.590977
2.9601312,0.641748,0.750232,0.622224,1.166984,57.778770,49.456318
2.9701016,0.665544,0.737907,0.654073,1.189650,56.646496,47.951599
2.9800775,0.729487,0.709596,0.725216,1.249647,54.525761,44.208122
2.9902627,0.860912,0.685069,0.746449,1.329539,55.844948,38.510941
3.0003555,1.008201,0.701665,0.806731,1.469563,56.704319,34.836269
3.0106647,0.825036,0.765364,0.696661,1.323557,58.240456,42.851261
3.0209808,0.825036,0.822107,0.696661,1.357159,59.114548,44.898125
3.0305269,0.692512,0.844926,0.528750,1.213693,64.173088,50.661510
3.0406508,0.703983,0.805999,0.366818,1.131275,71.079735,48.865089
3.0513310,0.602211,0.841265,0.497389,1.147946,64.323746,54.403400
3.0610285,0.445649,0.864085,0.551569,1.117799,60.432899,62.717743
3.0704877,0.387807,0.738395,0.317396,0.892391,69.165512,62.291435
3.0802059,0.552424,0.603432,0.005369,0.818126,89.623970,47.526825
3.0903161,0.774394,0.516669,-0.091277,0.935395,95.599930,33.710896
3.1001997,0.887758,0.425148,0.221238,1.008866,77.332458,25.589777
3.1102421,0.958291,0.251501,0.505443,1.112226,62.970936,14.705488
3.1202762,1.143042,-0.063943,0.598794,1.291971,62.388519,356.798157
3.1302450,1.151950,-0.407454,0.645898,1.382097,62.138775,340.520935
3.1400962,1.426149,-0.498609,0.732416,1.678971,64.136475,340.729401
3.1502621,1.677161,0.258213,1.390150,2.193641,50.675030,8.752428
3.1602683,0.820520,1.263606,2.053254,2.546724,36.270481,57.002392
3.1701772,-0.163518,1.550862,1.852761,2.421700,40.087128,96.018860
3.1800957,-1.087641,0.899107,0.705814,1.577824,63.427273,140.420898
3.1901822,-1.442256,0.205374,0.170596,1.466760,83.320923,171.895691
3.2010717,-1.033338,0.087739,0.178650,1.052332,80.225800,175.146774
3.2108128,-0.523137,0.162176,0.104090,0.557501,79.239227,162.776199
3.2203875,-0.066140,0.260531,-0.028921,0.270347,96.141060,104.244431
3.2302711,0.307390,0.401962,-0.046859,0.508191,95.290611,52.593998
3.2405720,0.613560,0.526432,0.030873,0.809036,87.813034,40.629436
3.2504065,0.783180,0.558037,0.161322,0.975090,80.477028,35.470909
3.2606459,0.867135,0.511910,0.243935,1.036089,76.382523,30.555317
3.2705336,1.068483,0.457607,0.276883,1.194874,76.601311,23.184372
3.2807057,1.178064,0.355835,0.359862,1.282168,73.699982,16.806992
3.2906611,1.134744,0.238932,0.524723,1.272819,65.653564,11.890522
3.3006809,0.951335,0.137038,0.719115,1.200393,53.196972,8.196970
3.3105075,0.867257,0.104701,0.902890,1.256307,44.053936,6.883779
3.3206398,0.842120,0.093718,0.962806,1.282554,41.349430,6.350215
3.3308001,0.791356,0.061380,0.890321,1.192763,41.717422,4.435187
3.3405411,0.763045,0.054791,0.742178,1.065865,45.867874,4.107105
3.3514116,0.778665,0.092986,0.561454,0.964466,54.398853,6.809843
3.3607056,0.826500,0.158637,0.442232,0.950703,62.279247,10.865130
3.3704288,0.862132,0.214770,0.414775,0.980529,64.975121,13.988529
3.3801477,0.823083,0.238810,0.423073,0.955765,63.726658,16.179604
3.3901539,0.775370,0.255894,0.444306,0.929563,61.446903,18.264353
3.4000785,0.740104,0.282130,0.457729,0.914804,59.976334,20.867027
3.4101634,0.721677,0.318861,0.459438,0.913002,59.786972,23.837421
3.4203281,0.716186,0.364255,0.458218,0.924969,60.304737,26.958097
3.4304771,0.708986,0.416118,0.456875,0.940505,60.936657,30.409485
3.4402752,0.705570,0.463099,0.442964,0.953156,62.306988,33.278786
3.4512355,0.700566,0.496168,0.445160,0.967028,62.591049,35.307613
3.4606788,0.718749,0.522771,0.464441,1.002793,62.409615,36.029686
3.4710069,0.747547,0.538878,0.471397,1.035100,62.908573,35.786400
3.4807465,0.751574,0.533143,0.454313,1.027378,63.755287,35.350681
3.4907289,0.736687,0.506175,0.441500,0.996916,63.713161,34.492813
3.5003393,0.743032,0.491165,0.421365,0.985337,64.682411,33.465824
3.5101566,0.763533,0.504222,0.418192,1.006036,65.437653,33.439991
3.5205894,0.799043,0.588910,0.533021,1.126675,61.764809,36.390919
3.5305743,0.799043,0.588910,0.601845,1.160820,58.770622,36.390919
3.5403476,0.823205,0.649802,0.601845,1.209185,60.150196,38.286034
3.5504248,0.885440,0.735100,0.651267,1.322318,60.493710,39.699780
3.5603929,0.893738,0.735100,0.635525,1.320239,61.225010,39.437344
3.5707545,0.901670,0.745473,0.603554,1.316440,62.711319,39.582905
3.5806847,0.891541,0.724240,0.560355,1.278033,63.994869,39.088547
3.5903213,0.863352,0.713623,0.571460,1.257459,62.970039,39.576199
3.6004841,0.787451,0.710817,0.633329,1.235493,59.162037,42.071968
3.6103027,0.696051,0.723142,0.662982,1.202899,56.553837,46.093559
3.6202278,0.648582,0.767316,0.652365,1.197920,57.003941,49.793472
3.6305995,0.626007,0.828086,0.621980,1.210153,59.071503,52.911880
3.6404188,0.596232,0.868600,0.591107,1.208042,60.704773,55.533173
3.6502137,0.558403,0.865549,0.533753,1.160121,62.607475,57.172195
3.6600354,0.538878,0.841509,0.500683,1.117682,63.386730,57.365665
3.6699684,0.512886,0.804657,0.481647,1.068882,63.217289,57.486656
3.6799982,0.414897,0.778543,0.463709,0.996641,62.272213,61.946163
3.6899922,0.280300,0.786352,0.448821,0.947818,61.736244,70.381104
3.7003140,0.156563,0.836994,0.423927,0.951202,63.533443,79.405060
3.7103877,0.096769,0.921194,0.393664,1.006446,66.974365,84.003242
3.7201562,0.041612,0.987944,0.374140,1.057235,69.274857,87.588150
3.7301991,0.035022,1.027115,0.348636,1.085237,71.261269,88.047104
3.7401462,0.061258,1.040660,0.328623,1.093032,72.503189,86.631180
3.7506735,0.103846,1.007712,0.313492,1.060446,72.805138,84.116348
3.7606928,0.102016,0.933031,0.362547,1.006178,68.880089,83.760170
3.7706254,0.074315,0.845658,0.385977,0.932544,65.550179,84.977821
3.7804003,0.051496,0.817104,0.385244,0.904833,64.801048,86.393837
3.7902327,0.037097,0.864207,0.385000,0.946813,66.006836,87.542046
3.8001509,0.028311,0.944013,0.371455,1.014861,68.529884,88.282234
3.8109350,0.018060,1.000757,0.357544,1.062863,70.342491,88.966118
3.8204556,-0.006590,1.014546,0.362303,1.077316,70.348305,90.372131
3.8301849,-0.039415,1.003808,0.342534,1.061373,71.172043,92.248604
3.8402684,-0.060648,0.981110,0.307268,1.029888,72.641418,93.537292
3.8501627,-0.051740,0.958047,0.292869,1.003146,73.025253,93.091309
3.8601367,-0.037951,0.944257,0.292869,0.989361,72.781403,92.301552
3.8702240,-0.026236,0.937058,0.284937,0.979773,73.092987,91.603775
3.8801320,-0.019769,0.931689,0.281642,0.973528,73.183922,91.215523
3.8904631,-0.027578,0.924855,0.281764,0.967217,73.063339,91.708008
3.9003654,-0.041002,0.923269,0.280422,0.965786,73.120728,92.542786
3.9105313,-0.055401,0.929858,0.274930,0.971232,73.556252,93.409653
3.9202693,-0.068458,0.942061,0.267243,0.981623,74.202057,94.156288
3.9304376,-0.076878,0.950237,0.263826,0.989174,74.531212,94.625389
3.9402907,-0.084932,0.958901,0.257236,0.996431,75.039230,95.061600
3.9507580,-0.089203,0.967321,0.245156,1.001882,75.836197,95.268715
3.9604905,-0.085298,0.975497,0.239054,1.007977,76.280876,94.997269
3.9712646,-0.082491,0.982208,0.230756,1.012317,76.823685,94.800751
3.9812338,-0.080539,0.987700,0.223190,1.015801,77.307495,94.661690
3.9907479,-0.081149,0.986968,0.231610,1.017022,76.836311,94.700317
4.0008626,-0.083590,0.982330,0.241617,1.015056,76.229530,94.863762
4.0105867,-0.082003,0.980988,0.251745,1.016089,75.655075,94.778389
4.0203328,-0.079075,0.979280,0.259067,1.016050,75.227928,94.616486
4.0302124,-0.074559,0.973178,0.261629,1.010487,74.994370,94.381126
4.0400887,-0.063821,0.970006,0.263216,1.007108,74.849342,93.764320
4.0501127,-0.044174,0.967321,0.283472,1.008969,73.682922,92.614693
4.0602527,-0.008786,0.966345,0.291770,1.009470,73.199905,90.520920
4.0702147,0.013423,0.966955,0.299092,1.012244,72.814018,89.204681
4.0802960,0.025138,0.966833,0.306414,1.014538,72.420845,88.510628
4.0906186,0.030873,0.963416,0.306536,1.011478,72.358665,88.164551
4.1010489,0.038073,0.956704,0.307878,1.005744,72.174461,87.721062
4.1104960,0.041856,0.949505,0.315566,1.001446,71.632515,87.475937
4.1202798,0.043564,0.947186,0.321789,1.001303,71.254158,87.366631
4.1306205,0.051862,0.947186,0.320081,1.001151,71.354424,86.865959
4.1403351,0.061502,0.944013,0.324718,1.000193,71.055290,86.272453
4.1511440,0.063577,0.940841,0.334236,1.000468,70.483406,86.134140
4.1606522,0.056865,0.935349,0.333992,0.994818,70.382942,86.520935
4.1703258,0.053937,0.928882,0.331186,0.987631,70.407181,86.676781
4.1801763,0.055035,0.926197,0.326183,0.983496,70.630684,86.599464
4.1901340,0.062601,0.923513,0.324352,0.980815,70.688950,86.122116
4.2001138,0.069800,0.921438,0.327891,0.980527,70.463776,85.668030
4.2101541,0.078586,0.924977,0.335701,0.987144,70.118698,85.143791
4.2200594,0.092010,0.930712,0.336555,0.993962,70.208435,84.354126
4.2301393,0.106409,0.937180,0.339972,1.002601,70.178581,83.522285
4.2401438,0.116781,0.938278,0.347416,1.007324,69.824944,82.905251
4.2502065,0.117758,0.936082,0.356568,1.008591,69.296600,82.829941
4.2607636,0.119222,0.937180,0.364744,1.012698,68.889366,82.750145
4.2705250,0.121052,0.935349,0.372309,1.013976,68.458328,82.625801
4.2806702,0.125445,0.932665,0.378533,1.014341,68.088058,82.339569
4.2906051,0.132401,0.933519,0.380241,1.016647,68.036552,81.927574
4.3003159,0.140577,0.935960,0.381828,1.020576,68.029472,81.458275
4.3102746,0.150339,0.936326,0.387319,1.024365,67.783569,80.878273
4.3203535,0.155586,0.936082,0.391590,1.026547,67.575653,80.563118
4.3303285,0.159003,0.932055,0.391834,1.023495,67.490341,80.318855
4.3404312,0.160834,0.926319,0.385244,1.016045,67.718300,80.150124
4.3505931,0.159735,0.922902,0.381950,1.011509,67.814667,80.180557
4.3606548,0.156929,0.925221,0.377801,1.011629,68.070992,80.373550
4.3706141,0.152658,0.930468,0.373896,1.014334,68.369957,80.682739
4.3803749,0.150095,0.937424,0.371089,1.019313,68.650383,80.903320
4.3902164,0.155342,0.940597,0.371211,1.023060,68.725037,80.622078
4.4002604,0.158393,0.937180,0.373530,1.021234,68.545448,80.407066
4.4102573,0.159857,0.931200,0.377679,1.017512,68.211678,80.259087
4.4203858,0.161078,0.925953,0.378289,1.013133,68.075455,80.131645
4.4302545,0.162542,0.922536,0.377190,1.009835,68.067314,80.007584
4.4402466,0.167789,0.917045,0.378411,1.006141,67.907616,79.631432
4.4502416,0.173037,0.911432,0.379387,1.002289,67.757935,79.250252
4.4603314,0.175721,0.908503,0.378655,0.999818,67.745338,79.053116
4.4702234,0.181579,0.916679,0.381950,1.009533,67.768929,78.795715
4.4801531,0.186582,0.927662,0.389759,1.023368,67.613060,78.627754
4.4901333,0.185361,0.936326,0.393054,1.032258,67.618530,78.802124
4.5008430,0.181457,0.940963,0.392200,1.035451,67.742348,79.084984
4.5109324,0.174257,0.938644,0.385000,1.029390,68.036972,79.482918
4.5205622,0.164128,0.930834,0.381339,1.019220,68.028328,80.000160
4.5304399,0.155709,0.921926,0.379143,1.008931,67.927063,80.413513
4.5404282,0.157173,0.918143,0.376336,1.004649,68.000725,80.285950
4.5503068,0.162664,0.916313,0.376336,1.003852,67.982338,79.933701
4.5602117,0.170474,0.914971,0.370235,1.001652,68.307556,79.445869
4.5703611,0.167911,0.918509,0.367550,1.003468,68.513611,79.640236
4.5804186,0.165105,0.923879,0.368404,1.008233,68.568031,79.867729
4.5903406,0.164128,0.925587,0.370479,1.010398,68.489838,79.944626
4.6004658,0.166935,0.916801,0.377801,1.005547,67.931396,79.680389
4.6105657,0.192439,0.906062,0.391956,1.005789,67.064163,78.009102
4.6210098,0.211842,0.933153,0.376336,1.028241,68.530861,77.209663
4.6311703,0.203788,1.009543,0.305804,1.074347,73.462585,78.587555
4.6408238,0.129472,0.953288,0.292625,1.005559,73.081757,82.265602
