Keuwl Accelerometer Data File
2019-06-28 13-18-15

Time (s), X (m/s2), Y (m/s2), Z (m/s2), R (m/s2), Theta (deg), Phi (deg)
0.0000000,0.359740,0.904354,0.357300,1.036790,69.841316,68.307976
0.0097720,0.342168,0.868600,0.400010,1.015654,66.806061,68.498985
0.0195480,0.342290,0.852858,0.419778,1.010319,65.449745,68.132187
0.0295550,0.337165,0.842364,0.408918,0.995224,65.739853,68.185715
0.0395280,0.335701,0.830161,0.416484,0.987583,65.056770,67.982559
0.0496710,0.353151,0.858837,0.425758,1.021561,65.369057,67.647713
0.0595860,0.371211,0.902524,0.418924,1.062000,66.767250,67.642464
0.0696480,0.381828,0.925221,0.416850,1.084246,67.389755,67.574654
0.0796580,0.370113,0.919974,0.429419,1.080618,66.585358,68.084686
0.0899600,0.296408,0.843218,0.401474,0.979824,65.811432,70.632431
0.1009100,0.289208,0.865793,0.353517,0.978884,68.829590,71.528717
0.1101160,0.279446,0.913750,0.353273,1.018740,69.709854,72.995178
0.1198140,0.286767,0.947796,0.376580,1.059418,69.178375,73.166176
0.1296760,0.305316,0.946942,0.372309,1.062323,69.484116,72.129501
0.1397030,0.320935,0.922780,0.372675,1.045663,69.120651,70.822754
0.1497230,0.336311,0.910822,0.386587,1.045060,68.289429,69.733887
0.1604030,0.345951,0.905330,0.388539,1.044159,68.154366,69.086792
0.1699730,0.335701,0.892761,0.410138,1.038235,66.731895,69.392479
0.1796080,0.337897,0.877264,0.426612,1.032359,65.591454,68.934723
0.1904810,0.318495,0.869698,0.380607,1.001337,67.660179,69.886612
0.1999180,0.304583,0.864085,0.376458,0.990522,67.662575,70.582825
0.2102190,0.305438,0.868112,0.375604,0.993976,67.797546,70.616013
0.2198470,0.303485,0.865183,0.373286,0.989943,67.847206,70.670364
0.2297090,0.300923,0.857983,0.367672,0.980751,67.982582,70.672577
0.2408230,0.300557,0.856519,0.362303,0.977355,68.241356,70.663788
0.2497000,0.302875,0.858227,0.360717,0.978981,68.379250,70.561668
0.2597210,0.301899,0.856031,0.360473,0.976664,68.340767,70.573639
0.2700410,0.298604,0.853102,0.362791,0.973943,68.130287,70.708855
0.2796890,0.300679,0.850906,0.366330,0.973984,67.906769,70.538475
0.2898560,0.304217,0.849807,0.366574,0.974216,67.896812,70.303452
0.3000300,0.307390,0.849075,0.365354,0.974115,67.971848,70.098259
0.3100280,0.310197,0.848953,0.371211,0.977109,67.672035,69.928337
0.3200690,0.312637,0.852614,0.377557,0.983484,67.424728,69.862968
0.3298720,0.315810,0.858227,0.382682,0.991330,67.292389,69.797417
0.3397720,0.322156,0.860546,0.382926,0.995468,67.376785,69.476013
0.3501570,0.326671,0.863108,0.387563,1.000937,67.219604,69.269272
0.3599460,0.328257,0.865793,0.393786,1.006190,66.960609,69.236267
0.3700090,0.327525,0.866281,0.395739,1.007137,66.862785,69.289330
0.3798960,0.325328,0.868234,0.398545,1.009211,66.739761,69.458954
0.3898420,0.324474,0.869820,0.400376,1.011025,66.671021,69.542679
0.3999590,0.326549,0.871895,0.401474,1.013911,66.673775,69.467690
0.4102680,0.331552,0.874091,0.400498,1.017035,66.809486,69.227745
0.4197650,0.336799,0.878728,0.402694,1.023601,66.833183,69.029167
0.4299350,0.338507,0.881901,0.404159,1.027463,66.836525,69.001282
0.4402260,0.339972,0.881901,0.402572,1.027324,66.929398,68.918411
0.4497350,0.337775,0.882511,0.401108,1.026550,66.999825,69.055984
0.4597240,0.332284,0.882145,0.396471,1.022635,67.188812,69.359749
0.4702630,0.326549,0.881169,0.390614,1.017679,67.429008,69.666008
0.4797150,0.323986,0.877264,0.390614,1.013478,67.330246,69.730095
0.4898740,0.325084,0.874213,0.393176,1.012184,67.142311,69.601883
0.4997970,0.332040,0.869210,0.395983,1.011226,66.946732,69.093040
0.5104350,0.333504,0.869820,0.397935,1.012998,66.869331,69.022301
0.5201610,0.336555,0.871773,0.399400,1.016256,66.858025,68.890511
0.5304200,0.338385,0.874457,0.400254,1.019501,66.883766,68.845245
0.5397130,0.337287,0.876776,0.401230,1.021510,66.872330,68.958748
0.5502970,0.332528,0.874701,0.399888,1.017638,66.861397,69.185104
0.5598610,0.330087,0.870308,0.399400,1.012874,66.776230,69.229439
0.5699960,0.329843,0.867257,0.395373,1.008589,66.920639,69.176727
0.5797420,0.330454,0.865793,0.392078,1.006242,67.067528,69.109283
0.5905090,0.334847,0.866647,0.389027,1.007245,67.279930,68.874962
0.5997540,0.336555,0.865793,0.390370,1.007599,67.205589,68.757675
0.6097560,0.337287,0.865183,0.392200,1.008030,67.103004,68.701935
0.6199220,0.334236,0.864207,0.391590,1.005937,67.090378,68.855766
0.6298280,0.329599,0.864329,0.391590,1.004511,67.055992,69.126366
0.6406520,0.326549,0.862254,0.392566,1.002110,66.937218,69.257576
0.6504070,0.325694,0.861034,0.392566,1.000782,66.904846,69.280396
0.6597470,0.327769,0.860790,0.393542,1.001632,66.864868,69.154327
0.6704270,0.327281,0.861522,0.395251,1.002774,66.786575,69.198883
0.6798560,0.330087,0.859692,0.397325,1.002943,66.661705,68.995193
0.6907950,0.333382,0.860546,0.398179,1.005102,66.661766,68.823242
0.7000850,0.334114,0.861034,0.397935,1.005666,66.690781,68.791832
0.7106730,0.332650,0.861034,0.397935,1.005181,66.678856,68.876564
0.7205920,0.332528,0.860180,0.397569,1.004264,66.679047,68.864510
0.7300370,0.334602,0.859936,0.399644,1.005566,66.582291,68.738899
0.7398320,0.335213,0.860302,0.401352,1.006762,66.505798,68.711853
0.7497540,0.334725,0.861522,0.403793,1.008618,66.400398,68.767509
0.7598010,0.337287,0.861888,0.405989,1.010664,66.315155,68.627846
0.7699890,0.341314,0.864573,0.409894,1.015871,66.203445,68.457001
0.7798020,0.345463,0.863841,0.413311,1.018033,66.046837,68.202774
0.7903320,0.349490,0.863963,0.414775,1.020105,66.008522,67.975693
0.8002920,0.351564,0.865549,0.415874,1.022606,66.003548,67.894234
0.8099490,0.348758,0.865305,0.413799,1.020595,66.080742,68.048294
0.8207490,0.342656,0.864451,0.407210,1.015140,66.350754,68.377312
0.8303530,0.335335,0.860546,0.401230,1.006963,66.518326,68.710297
0.8399130,0.330576,0.857617,0.398668,1.001860,66.551323,68.920441
0.8499460,0.326305,0.857129,0.396593,0.999215,66.615189,69.158432
0.8597249,0.324596,0.856275,0.395007,0.997296,66.666801,69.239319
0.8700350,0.325938,0.857129,0.395251,0.998564,66.682922,69.179810
0.8797159,0.328013,0.856519,0.399034,1.000222,66.487770,69.045128
0.8900620,0.332040,0.855543,0.400010,1.001105,66.448814,68.788544
0.8998899,0.335335,0.855421,0.401108,1.002537,66.416016,68.594254
0.9100100,0.337897,0.856885,0.403549,1.005623,66.341019,68.479088
0.9202110,0.340582,0.858349,0.404403,1.008118,66.350128,68.357468
0.9301140,0.339240,0.861522,0.405257,1.010711,66.361649,68.507080
0.9403399,0.338019,0.859936,0.405501,1.009048,66.305176,68.541443
0.9499969,0.336067,0.857129,0.407210,1.006693,66.140068,68.590637
0.9606950,0.334725,0.856031,0.407576,1.005459,66.086136,68.643547
0.9701110,0.333870,0.857007,0.407576,1.006006,66.099960,68.715248
0.9810560,0.331064,0.855421,0.404525,1.002491,66.201599,68.842636
0.9905800,0.327891,0.854078,0.406111,1.000944,66.063225,68.997604
0.9999079,0.325084,0.854811,0.405257,1.000307,66.100555,69.178200
1.0102350,0.320691,0.856153,0.402450,0.998903,66.240875,69.465439
1.0198950,0.316786,0.861400,0.395373,0.999341,66.694519,69.808624
1.0298910,0.317641,0.864573,0.391956,1.001005,66.948250,69.826874
1.0399020,0.320325,0.866769,0.391346,1.003518,67.047134,69.717590
1.0496850,0.321545,0.866647,0.391834,1.003993,67.028358,69.644028
1.0598410,0.323376,0.865915,0.391224,1.003712,67.059372,69.521866
1.0702870,0.326427,0.865549,0.390492,1.004098,67.114059,69.336914
1.0797429,0.329355,0.864695,0.389637,1.003987,67.164284,69.148567
1.0905379,0.332406,0.862498,0.392200,1.004101,67.008263,68.923393
1.1007979,0.337165,0.859082,0.398668,1.005305,66.636452,68.571404
1.1106019,0.344243,0.856519,0.407576,1.009082,66.177315,68.104355
1.1196349,0.352907,0.851028,0.418802,1.012021,65.554489,67.477043
1.1299419,0.363523,0.844804,0.432714,1.016407,64.803223,66.717560
1.1396790,0.373286,0.843218,0.441622,1.022442,64.410011,66.121422
1.1498240,0.379387,0.846879,0.442232,1.027962,64.519600,65.868446
1.1599669,0.378533,0.857129,0.436374,1.033625,65.027786,66.172371
1.1701460,0.370967,0.867135,0.422707,1.033548,65.858818,66.838394
1.1797899,0.352053,0.868478,0.405013,1.020897,66.626534,67.933968
1.1896349,0.330698,0.863108,0.385000,1.001270,67.386559,69.035805
1.1995609,0.311661,0.856763,0.375116,0.985844,67.635185,70.010345
1.2097709,0.304217,0.859814,0.366086,0.982775,68.129982,70.515320
1.2199240,0.293723,0.869820,0.368282,0.989188,68.141975,71.341080
1.2299690,0.288354,0.884708,0.355713,0.996186,69.079315,71.947601
1.2400889,0.278835,0.884097,0.338019,0.986729,69.966751,72.495255
1.2497009,0.278225,0.855421,0.343999,0.963062,69.072121,71.982903
1.2596500,0.315566,0.842852,0.370357,0.973214,67.632217,69.473961
1.2698261,0.368771,0.858715,0.391346,1.013181,67.278351,66.759163
1.2797920,0.405623,0.877020,0.395495,1.044083,67.740868,65.179375
1.2911439,0.410260,0.877752,0.396593,1.046923,67.739525,64.948669
1.3000650,0.393054,0.867135,0.399522,1.032489,67.235138,65.616211
1.3102729,0.369625,0.859204,0.385488,1.011659,67.601532,66.722885
1.3196820,0.356202,0.859448,0.357666,0.996722,68.970894,67.488235
1.3299919,0.341070,0.853346,0.339606,0.979725,69.718445,68.214127
1.3397180,0.332162,0.840533,0.341680,0.966216,69.290665,68.437057
1.3496029,0.329965,0.835042,0.350954,0.964023,68.650764,68.438629
1.3599470,0.340460,0.843218,0.371211,0.982205,67.794083,68.012985
1.3696359,0.357056,0.856153,0.406843,1.012921,66.318398,67.361580
1.3796749,0.388783,0.883975,0.413921,1.050664,66.798790,66.259521
1.3899289,0.364255,0.893616,0.409040,1.048115,67.029160,67.823219
1.3998280,0.308000,0.903866,0.376214,1.026341,68.496452,71.183006
1.4099860,0.233685,0.902890,0.325572,0.987834,70.756592,75.489197
1.4198329,0.172793,0.874213,0.301533,0.940759,71.305588,78.819321
1.4296241,0.193659,0.849929,0.312271,0.925958,70.291107,77.164093
1.4396139,0.283717,0.852736,0.355713,0.966533,68.405807,71.597038
1.4496419,0.393054,0.879216,0.390004,1.039046,67.954185,65.912941
1.4596550,0.459560,0.914971,0.402206,1.100062,68.554161,63.331120
1.4696629,0.465539,0.935105,0.405745,1.120615,68.772400,63.533730
1.4799389,0.431859,0.921194,0.431005,1.104928,67.040817,64.882637
1.4897109,0.393420,0.874213,0.458218,1.062540,64.453262,65.770927
1.4998460,0.365964,0.787207,0.472861,0.988545,61.422939,65.066795
1.5100770,0.373408,0.804535,0.467614,1.002682,62.201550,65.102638
1.5197049,0.402206,0.857495,0.459316,1.052634,64.128845,64.871170
1.5300239,0.432103,0.894958,0.450408,1.091114,65.619392,64.227829
1.5399339,0.440523,0.895690,0.433934,1.088403,66.503769,63.810860
1.5495709,0.423439,0.878362,0.417826,1.060848,66.805092,64.262291
1.5595720,0.390248,0.858471,0.409406,1.028046,66.531998,65.554199
1.5697999,0.351931,0.845902,0.403549,1.001128,66.228264,67.410660
1.5800610,0.333992,0.843584,0.399278,0.991265,66.246918,68.400360
1.5900760,0.349368,0.853956,0.398912,1.005201,66.618759,67.749702
1.5998250,0.381950,0.865183,0.427710,1.037961,65.665199,66.180130
1.6096480,0.413067,0.870674,0.448333,1.062874,65.050941,64.619316
1.6200669,0.423439,0.874091,0.445649,1.068615,65.352547,64.152878
1.6301069,0.395495,0.871773,0.429297,1.049142,65.846138,65.597755
1.6397170,0.345707,0.866403,0.402939,1.016134,66.637886,68.247307
1.6498079,0.294455,0.860668,0.374384,0.983675,67.629326,71.112953
1.6596879,0.268585,0.862132,0.354005,0.969912,68.593231,72.696320
1.6695811,0.276273,0.864817,0.343877,0.970817,69.254745,72.283493
1.6796559,0.295187,0.863963,0.343877,0.975612,69.361359,71.136414
1.6900249,0.301533,0.858593,0.351809,0.975640,68.863419,70.649040
1.6996789,0.294577,0.847611,0.352053,0.963930,68.578484,70.835709
1.7098559,0.282496,0.840533,0.353151,0.954471,68.284615,71.422928
1.7196900,0.271880,0.837360,0.356690,0.949905,67.944748,72.012077
1.7300529,0.273588,0.846390,0.368160,0.962689,67.515755,72.087036
1.7399260,0.281398,0.859936,0.385244,0.983406,66.936882,71.880280
1.7499729,0.288842,0.866647,0.404403,0.999024,66.121529,71.567467
1.7596720,0.294699,0.864817,0.410870,1.001784,65.786438,71.182701
1.7697890,0.297506,0.862864,0.408430,0.999930,65.891960,70.976387
1.7805300,0.297384,0.861156,0.399766,0.994907,66.308479,70.948624
1.7902640,0.297506,0.863597,0.392322,0.994095,66.755707,70.991364
1.7995659,0.293113,0.871528,0.386343,0.997365,67.209473,71.411156
1.8098030,0.291770,0.885684,0.386709,1.009509,67.476273,71.766586
1.8196540,0.292991,0.901181,0.384878,1.022792,67.895210,71.989693
1.8299099,0.293967,0.912164,0.381339,1.031445,68.302040,72.137207
1.8397820,0.291770,0.914360,0.378289,1.031643,68.488640,72.302231
1.8496900,0.294577,0.910334,0.376092,1.028070,68.541725,72.068810
1.8596020,0.302875,0.898375,0.377923,1.020606,68.266342,71.369156
1.8698539,0.312881,0.884097,0.384878,1.013733,67.687103,70.511169
1.8796139,0.311905,0.871895,0.395251,1.006831,66.885544,70.316216
1.8898809,0.301899,0.873725,0.400376,1.007392,66.581894,70.938400
1.8995780,0.285059,0.886904,0.395495,1.012064,66.996933,72.182137
1.9100409,0.272734,0.899595,0.386343,1.016325,67.657829,73.134048
1.9198099,0.264680,0.907527,0.378899,1.018442,68.158661,73.740685
1.9298409,0.257480,0.906185,0.370235,1.012196,68.544785,74.138199
1.9402900,0.251867,0.899839,0.366086,1.003577,68.605888,74.362938
1.9496189,0.245522,0.892151,0.362913,0.993942,68.584724,74.613007
1.9596618,0.243813,0.888612,0.364744,0.991017,68.404610,74.657036
1.9699099,0.252233,0.888368,0.378167,0.997913,67.730865,74.149239
1.9798410,0.265168,0.888612,0.391102,1.006433,67.132462,73.384521
1.9900420,0.279079,0.880192,0.405013,1.008295,66.316696,72.407928
1.9996970,0.278835,0.877996,0.405257,1.006409,66.254410,72.381104
2.0106809,0.275663,0.879460,0.404159,1.006372,66.321777,72.596649
2.0199959,0.272856,0.885440,0.403305,1.010499,66.477180,72.872856
2.0308468,0.272124,0.892517,0.405135,1.017238,66.529945,73.043816
2.0409451,0.275907,0.900571,0.406599,1.025903,66.650841,72.966583
2.0501368,0.285425,0.907527,0.408064,1.035176,66.784058,72.541191
2.0600429,0.298604,0.911432,0.416240,1.045527,66.539642,71.860123
2.0699699,0.304339,0.908015,0.424904,1.047691,66.073654,71.470390
2.0798471,0.303973,0.901303,0.427100,1.042671,65.818947,71.362823
2.0905659,0.298726,0.895080,0.425148,1.034967,65.745911,71.543961
2.0998840,0.290794,0.893616,0.423927,1.030934,65.719307,71.974434
2.1101060,0.282374,0.891419,0.420389,1.025227,65.792366,72.423393
2.1197019,0.274442,0.889955,0.409284,1.017277,66.275887,72.861397
2.1298470,0.263704,0.887880,0.394397,1.006688,66.934914,73.458382
2.1396999,0.253087,0.889223,0.376580,0.998290,67.838074,74.112778
2.1498208,0.241495,0.895202,0.360228,0.994721,68.768318,74.902946
2.1598210,0.232220,0.902646,0.349612,0.995452,69.438698,75.572586
2.1698098,0.231976,0.910212,0.351320,1.002858,69.493156,75.701988
2.1799080,0.238078,0.908381,0.370845,1.009635,68.450439,75.313660
2.1903081,0.245400,0.899717,0.391224,1.011320,67.241684,74.743568
2.1997218,0.248694,0.890809,0.405379,1.009813,66.331779,74.401428
2.2100549,0.249549,0.883731,0.411847,1.006416,65.844086,74.231354
2.2196219,0.249182,0.877630,0.415629,1.002534,65.507195,74.149345
2.2296929,0.257724,0.876044,0.420877,1.005491,65.255127,73.606575
2.2396319,0.268829,0.875433,0.427222,1.010530,64.990387,72.929268
2.2500329,0.274198,0.874457,0.426368,1.010767,65.050056,72.590446
2.2598698,0.275907,0.873847,0.420999,1.008451,65.324989,72.477112
2.2708919,0.279690,0.871773,0.416850,1.005971,65.519997,72.212273
2.2802858,0.280422,0.876532,0.418924,1.011159,65.524681,72.259384
2.2899859,0.275419,0.882023,0.419412,1.014754,65.586807,72.658615
2.3000751,0.267731,0.882877,0.419656,1.013540,65.540482,73.130173
2.3098779,0.259189,0.877508,0.414897,1.004658,65.608238,73.544479
2.3198221,0.253698,0.873969,0.405867,0.996450,65.963829,73.812935
2.3301790,0.253331,0.871650,0.398790,0.991456,66.282570,73.794327
2.3401248,0.258823,0.870308,0.401230,0.992679,66.159668,73.437943
2.3501840,0.266511,0.870308,0.405623,0.996491,65.980255,72.974075
2.3603680,0.273344,0.873359,0.412701,1.003890,65.725937,72.620911
2.3708148,0.277493,0.872383,0.415752,1.005437,65.574898,72.354836
2.3802600,0.283228,0.876288,0.415629,1.010369,65.709457,72.088440
2.3903699,0.279568,0.882389,0.407820,1.011477,66.222099,72.420219
2.4005380,0.265778,0.879460,0.391102,0.998524,66.940918,73.184860
2.4106071,0.255284,0.869698,0.387197,0.985630,66.868538,73.641365
2.4201331,0.248816,0.862742,0.387075,0.977784,66.679787,73.912346
2.4319720,0.250525,0.866159,0.391590,0.983024,66.524796,73.868202
2.4451134,0.257114,0.883975,0.397569,1.002787,66.642662,73.782326
2.4597509,0.262362,0.888612,0.402328,1.010116,66.528099,73.550842
2.4701498,0.264924,0.884585,0.405013,1.008321,66.317345,73.327591
2.4802959,0.262117,0.877142,0.413677,1.004595,65.683006,73.362206
2.4899819,0.264436,0.877142,0.418314,1.007120,65.458214,73.223267
2.4999847,0.268585,0.878362,0.421487,1.010598,65.350471,72.997444
2.5100238,0.272734,0.882633,0.418436,1.014157,65.632034,72.828827
2.5197449,0.274930,0.882511,0.413311,1.012541,65.908691,72.696518
2.5327218,0.277249,0.884585,0.409528,1.013445,66.165588,72.597832
2.5502529,0.276273,0.880437,0.403305,1.007050,66.391739,72.578629
2.5598390,0.273344,0.875799,0.403183,1.002147,66.276772,72.666435
2.5702441,0.269927,0.875433,0.402572,1.000654,66.277382,72.863602
2.5799549,0.265046,0.878240,0.401474,1.001367,66.363922,73.206581
2.5902340,0.260653,0.883487,0.397203,1.003125,66.673782,73.562485
2.6010680,0.258335,0.884952,0.395739,1.003237,66.767586,73.726448
2.6100888,0.257969,0.882633,0.398301,1.002114,66.580444,73.707863
2.6197159,0.261629,0.878118,0.399400,0.999530,66.447617,73.408928
2.6301849,0.272002,0.877386,0.403793,1.003414,66.270515,72.775833
2.6397350,0.280178,0.878240,0.408674,1.008375,66.091331,72.306183
2.6500869,0.281032,0.882633,0.410870,1.013328,66.079659,72.338432
2.6600208,0.277615,0.887514,0.406599,1.014926,66.383072,72.630280
2.6700559,0.272856,0.888246,0.401474,1.012232,66.632782,72.923828
2.6799648,0.267975,0.882145,0.402084,1.005814,66.436821,73.102455
2.6901817,0.269561,0.877508,0.405867,1.003699,66.148254,72.923592
2.7001898,0.274076,0.877386,0.410992,1.006895,65.909576,72.652328
2.7101748,0.276517,0.879216,0.411236,1.009256,65.954323,72.541443
2.7198849,0.273344,0.878484,0.408918,1.006809,66.036644,72.716248
2.7299659,0.269317,0.877264,0.409040,1.004708,65.975739,72.933678
2.7399490,0.266144,0.878240,0.409528,1.004914,65.950508,73.140938
2.7501380,0.263338,0.883853,0.406843,1.008001,66.195679,73.408951
2.7598588,0.260165,0.886660,0.401230,1.007391,66.528915,73.647179
2.7699089,0.257724,0.887392,0.396471,1.005523,66.778084,73.805168
2.7798419,0.255650,0.888002,0.392200,1.003855,67.002327,73.939240
2.7904439,0.253209,0.890565,0.388539,1.004083,67.234589,74.128250
2.8002789,0.252477,0.892273,0.387197,1.004897,67.337013,74.200630
2.8102870,0.252477,0.892883,0.388051,1.005768,67.304993,74.210892
2.8203340,0.254186,0.891419,0.391956,1.006413,67.079201,74.084648
2.8300328,0.256504,0.892639,0.395129,1.009320,66.953362,73.967743
2.8397460,0.260409,0.893128,0.399034,1.012283,66.784431,73.744904
2.8503668,0.261263,0.895324,0.396349,1.013388,66.976250,73.732300
2.8596961,0.260897,0.895446,0.392566,1.011928,67.173706,73.755989
2.8699419,0.257358,0.896056,0.389149,1.010241,67.343575,73.975281
2.8806188,0.254308,0.895324,0.387929,1.008348,67.373810,74.143341
2.8906109,0.250403,0.893982,0.388173,1.006272,67.309464,74.352531
2.9001379,0.250281,0.893372,0.388173,1.005700,67.295830,74.349625
2.9106648,0.252721,0.894104,0.387685,1.006772,67.351456,74.216888
2.9198949,0.257602,0.894836,0.387563,1.008611,67.402550,73.940125
2.9299879,0.261385,0.896666,0.390614,1.012379,67.304276,73.748184
2.9398320,0.262972,0.900083,0.391102,1.016004,67.359917,73.713547
2.9498789,0.260409,0.898985,0.390736,1.014229,67.340508,73.845276
2.9598000,0.256016,0.893982,0.391224,1.008862,67.183128,74.019493
2.9696817,0.253942,0.890931,0.389515,1.004971,67.195457,74.090889
2.9801159,0.253820,0.890687,0.387685,1.004015,67.285812,74.094009
2.9897001,0.257114,0.892395,0.389881,1.007216,67.226570,73.927406
2.9998159,0.262606,0.893982,0.392200,1.010933,67.172470,73.629936
3.0105221,0.264436,0.890199,0.394641,1.009020,66.976250,73.455803
3.0202649,0.265778,0.889955,0.395739,1.009587,66.922195,73.372139
3.0299389,0.264558,0.888490,0.395861,1.008024,66.876778,73.418503
3.0399840,0.262972,0.891541,0.393176,1.009251,67.072105,73.565887
3.0501068,0.260165,0.892517,0.390736,1.008438,67.203072,73.748817
3.0598037,0.257480,0.891785,0.390248,1.006911,67.196686,73.895264
3.0704958,0.257969,0.890809,0.388905,1.005652,67.249466,73.849564
3.0799108,0.258823,0.889833,0.391590,1.006049,67.093063,73.782043
3.0906610,0.262606,0.890809,0.392810,1.008366,67.073425,73.574768
3.0997708,0.265412,0.889711,0.393176,1.008274,67.048622,73.389473
3.1103690,0.266511,0.886782,0.396593,1.007321,66.814423,73.272552
3.1198828,0.267609,0.886294,0.400132,1.008582,66.626259,73.198761
3.1297059,0.268585,0.887514,0.400010,1.009865,66.665260,73.162811
3.1401751,0.269073,0.886904,0.399034,1.009072,66.706207,73.123001
3.1496110,0.269073,0.887636,0.399156,1.009764,66.715569,73.136139
3.1600249,0.269195,0.885684,0.397935,1.007598,66.738106,73.093849
3.1695859,0.270782,0.885562,0.397935,1.007916,66.745872,72.997742
3.1796999,0.271758,0.887880,0.400742,1.011325,66.655762,72.981972
3.1896050,0.272612,0.888612,0.402939,1.013069,66.562996,72.944832
3.1996448,0.273344,0.887392,0.406355,1.013561,66.364403,72.879555
3.2102709,0.273588,0.887026,0.407210,1.013650,66.313866,72.858505
3.2196908,0.271270,0.884952,0.410382,1.012492,66.088882,72.957809
3.2297521,0.271758,0.882389,0.411969,1.011030,65.953728,72.882240
3.2405188,0.275175,0.876532,0.416728,1.008807,65.600922,72.571068
3.2497058,0.285059,0.870308,0.423927,1.009163,65.160461,71.864418
3.2598498,0.296774,0.869820,0.437961,1.018072,64.520615,71.160889
3.2697189,0.300923,0.877630,0.452848,1.032405,63.983223,71.074135
3.2796350,0.301533,0.884219,0.461634,1.042052,63.704220,71.169815
3.2895839,0.301899,0.888002,0.472373,1.050156,63.268368,71.223236
3.2997041,0.294089,0.888857,0.480793,1.052481,62.817993,71.692574
3.3100200,0.278347,0.888857,0.482989,1.049201,62.590931,72.611946
3.3197150,0.262117,0.886538,0.476034,1.039838,62.755024,73.528938
3.3308549,0.259677,0.880192,0.455289,1.024431,63.613064,73.562737
3.3402989,0.267609,0.880803,0.441256,1.020850,64.389984,73.099968
3.3508999,0.273222,0.884585,0.442354,1.026070,64.461670,72.835640
3.3597639,0.279324,0.893860,0.440401,1.034872,64.813812,72.646423
3.3699009,0.286889,0.901547,0.434300,1.041014,65.342735,72.347954
3.3802080,0.298238,0.903866,0.437229,1.047420,65.327316,71.739273
3.3901727,0.307878,0.891419,0.454435,1.046866,64.272552,70.946114
3.3999169,0.324352,0.868722,0.464807,1.037269,63.377735,69.526024
3.4100568,0.353517,0.849197,0.484088,1.039447,62.243412,67.398262
3.4200509,0.382316,0.833456,0.512154,1.050293,60.815086,65.358528
3.4311228,0.404159,0.822717,0.526554,1.057103,60.124962,63.837475
3.4408140,0.418192,0.813077,0.534729,1.059204,59.679222,62.781754
3.4508958,0.427954,0.802826,0.543516,1.059757,59.144928,61.939720
3.4613359,0.433812,0.779763,0.555230,1.050954,58.108597,60.911148
3.4701900,0.433812,0.779763,0.555230,1.050954,58.108597,60.911148
3.4799788,0.447723,0.764021,0.551447,1.043206,58.088520,59.629330
3.4898219,0.522893,0.720823,0.577073,1.061139,57.055641,54.042473
3.5000939,0.586958,0.690926,0.641138,1.110386,54.732018,49.651329
3.5100729,0.652243,0.668839,0.768780,1.209872,50.548641,45.719734
3.5201600,0.770245,0.642115,0.897398,1.345701,48.174591,39.816284
3.5310340,0.933885,0.600137,0.968541,1.473220,48.895733,32.725765
3.5400801,1.140235,0.597330,1.059941,1.667457,50.530842,27.648495
3.5503578,1.332675,0.694099,1.178186,1.909429,51.899982,27.511915
3.5600698,1.355494,0.879826,1.182823,2.002631,53.797932,32.986866
3.5700269,1.197589,1.015034,0.937668,1.828588,59.150650,40.283432
3.5798299,1.082150,1.066164,0.648704,1.651839,66.876373,44.573666
3.5899129,1.026993,1.042124,0.387197,1.513492,75.177223,45.418999
3.5999007,0.906307,1.005516,0.147777,1.361724,83.769890,47.970554
3.6097147,0.677869,1.017475,0.051618,1.223693,87.582420,56.327377
3.6202240,0.454801,1.023820,0.012325,1.120359,89.369682,66.048286
3.6300409,0.396593,0.932299,-0.077976,1.016143,94.401062,66.955452
3.6406960,0.514839,0.779519,-0.102138,0.939756,96.239555,56.556950
3.6501718,0.399522,0.625153,0.114829,0.750746,81.201897,57.418224
3.6600361,0.035876,0.424416,0.325572,0.536109,52.606373,85.168198
3.6706109,0.197564,0.352419,0.834920,0.927535,25.822357,60.725201
3.6799757,0.590008,0.387685,0.922536,1.161672,37.425426,33.308270
3.6898508,0.954386,0.419046,0.718871,1.266186,55.406883,23.705042
3.6999307,1.125836,0.341436,0.914360,1.490014,52.145443,16.871153
3.7100878,1.035901,0.389759,1.386123,1.773793,38.606842,20.618889
3.7198987,0.660541,0.401962,1.555133,1.736757,26.437162,31.321976
3.7302859,0.192805,0.292747,1.270318,1.317794,15.426442,56.630791
3.7400880,-0.234417,0.172548,0.754869,0.809044,21.086430,143.644150
3.7503319,-0.404159,0.219896,0.296652,0.547449,57.188309,151.450180
3.7605360,-0.203178,0.396959,0.022941,0.446524,87.054977,117.104965
3.7698019,0.072973,0.511666,0.022209,0.517321,87.539467,81.883293
3.7802060,0.316420,0.544492,0.174379,0.653453,74.522644,59.837864
3.7899828,0.500928,0.494948,0.308976,0.769005,66.310036,44.655991
3.8000629,0.609289,0.405623,0.430761,0.849305,59.522984,33.652977
3.8100910,0.733148,0.306536,0.525455,0.952667,56.525715,22.690252
3.8216598,0.812833,0.215136,0.599405,1.032602,54.515701,14.824826
3.8299758,0.846146,0.144970,0.658344,1.081849,52.516258,9.722075
3.8404539,0.774516,0.096037,0.684459,1.038066,48.748970,7.068346
3.8501151,0.720701,0.092010,0.665788,0.985469,47.498837,7.275412
3.8607731,0.682628,0.110680,0.636013,0.939545,47.395191,9.209678
3.8698909,0.648948,0.125201,0.604164,0.895446,47.568577,10.919889
3.8804169,0.615390,0.118246,0.590985,0.861365,46.677654,10.876677
3.8899429,0.604652,0.088349,0.590496,0.849762,45.981049,8.312947
3.9000819,0.646508,0.058208,0.617099,0.895640,46.448757,5.144695
3.9101288,0.694099,0.045395,0.659443,0.958488,46.527740,3.741863
3.9202368,0.745961,0.054913,0.665300,1.001048,48.348087,4.210155
3.9300117,0.780373,0.061869,0.645287,1.014498,50.500912,4.532968
3.9405811,0.795505,0.058452,0.632352,1.017897,51.593670,4.202400
3.9498580,0.791600,0.040391,0.641871,1.019931,50.999485,2.920991
3.9599898,0.769879,0.009274,0.649558,1.007336,49.847210,0.690168
3.9703939,0.767560,-0.017328,0.649802,1.005829,49.756542,358.706726
3.9799948,0.770611,-0.030385,0.628814,0.995073,50.807571,357.742004
3.9902289,0.774882,-0.017816,0.568897,0.961459,53.722103,358.682892
3.9999070,0.790990,0.001708,0.550349,0.963614,55.170910,0.123749
4.0105247,0.812711,0.022209,0.546078,0.979384,56.111877,1.565351
4.0199070,0.822961,0.035022,0.552424,0.991798,56.151966,2.436829
4.0305576,0.815395,0.045761,0.549373,0.984263,56.071602,3.212123
4.0400519,0.827598,0.060282,0.531557,0.985447,57.356728,4.166059
4.0501890,0.837604,0.071021,0.529360,0.993402,57.800011,4.846529
4.0600090,0.843218,0.076024,0.540587,1.004505,57.441357,5.151812
4.0701971,0.848831,0.079441,0.546688,1.012765,57.330132,5.346640
4.0796309,0.832967,0.078220,0.544492,0.998211,56.943363,5.364666
4.0899048,0.833211,0.084566,0.549007,1.001400,56.753685,5.795325
4.1000299,0.862742,0.093230,0.558647,1.032038,57.227505,6.167577
4.1099739,0.860912,0.095304,0.568897,1.036290,56.703262,6.317016
4.1197491,0.871406,0.102016,0.587568,1.055932,56.189716,6.677248
4.1298127,0.886660,0.114829,0.607581,1.080974,55.801102,7.379150
4.1401486,0.879094,0.122639,0.604164,1.073714,55.758232,7.941839
4.1498189,0.889955,0.130937,0.602577,1.082711,56.182812,8.369731
4.1597309,0.896666,0.132401,0.604652,1.089562,56.292751,8.399555
4.1695719,0.904354,0.132645,0.588056,1.086858,57.244152,8.344295
4.1800890,0.910822,0.132035,0.573779,1.084551,58.058907,8.248282
4.1917210,0.890687,0.123981,0.566213,1.062681,57.804131,7.924490
4.2002659,0.847733,0.117392,0.549373,1.016977,57.302624,7.884011
4.2107210,0.825402,0.123493,0.530947,0.989163,57.536400,8.509226
4.2202911,0.811368,0.132645,0.523015,0.974401,57.536991,9.284763
4.2300258,0.794650,0.143506,0.513618,0.957009,57.541328,10.236697
4.2399039,0.788305,0.157051,0.506907,0.950286,57.762814,11.267285
4.2512341,0.783058,0.174623,0.507029,0.949079,57.708115,12.571343
4.2601008,0.778665,0.189632,0.508737,0.949259,57.592934,13.687115
4.2704067,0.764631,0.201835,0.510446,0.941251,57.159264,14.786763
4.2802505,0.758652,0.215747,0.511666,0.940160,57.027752,15.874773
4.2900810,0.744253,0.224533,0.523991,0.937493,56.018326,16.787973
4.3000526,0.708498,0.226973,0.516669,0.905778,55.220837,17.763288
4.3108430,0.676527,0.228071,0.501172,0.872283,54.931774,18.630053
4.3208108,0.651633,0.232098,0.490311,0.847880,54.670410,19.604870
4.3304706,0.628203,0.243447,0.485674,0.830533,54.212994,21.182800
4.3401709,0.610753,0.259799,0.459072,0.807008,55.329483,23.043669
4.3500452,0.617221,0.275419,0.437473,0.805108,57.086575,24.047567
4.3603468,0.636623,0.284815,0.446625,0.828180,57.365055,24.102957
4.3699827,0.639796,0.287621,0.486040,0.853405,55.282520,24.206387
4.3799057,0.605750,0.288598,0.482867,0.826670,54.259750,25.474546
4.3912425,0.568775,0.305072,0.445526,0.784263,55.383327,28.207577
4.4001999,0.545712,0.337531,0.397691,0.754909,58.210026,31.737423
4.4104390,0.526920,0.366452,0.367184,0.739429,60.226154,34.817104
4.4199667,0.520330,0.393298,0.336799,0.734071,62.689667,37.084290
4.4302392,0.553156,0.430395,0.325816,0.772902,65.067551,37.885483
4.4412260,0.570484,0.452482,0.343633,0.805155,64.735954,38.419872
4.4505367,0.594035,0.476766,0.381584,0.851933,63.390762,38.750122
4.4600749,0.622956,0.515205,0.412823,0.907708,62.948116,39.591846
4.4700580,0.660175,0.571582,0.426978,0.972033,63.943119,40.886147
4.4800987,0.691048,0.644433,0.435154,1.040289,65.272614,43.000904
4.4897828,0.707644,0.724362,0.455533,1.110392,65.779770,45.668869
4.4998569,0.728877,0.842242,0.486406,1.215411,66.409386,49.127045
4.5105381,0.740592,0.868844,0.529848,1.258612,65.103645,49.556137
4.5203199,0.739371,0.883243,0.553400,1.277905,64.338562,50.066971
4.5307813,0.738273,0.877752,0.572314,1.281811,63.481369,49.932961
4.5402312,0.728267,0.879094,0.616123,1.297222,61.643570,50.360676
4.5501127,0.713745,0.903500,0.675672,1.335020,59.594658,51.692024
4.5600429,0.679944,0.949017,0.699468,1.360960,59.072563,54.379478
4.5699096,0.644921,1.012838,0.658710,1.369548,61.251282,57.513176
4.5806079,0.615268,1.083614,0.613926,1.389129,63.771618,60.412403
4.5900097,0.572314,1.116562,0.578782,1.381753,65.236427,62.861763
4.6000180,0.554986,1.107166,0.510934,1.339731,67.581398,63.376881
4.6099806,0.581954,1.094597,0.460292,1.322377,69.630127,62.002159
4.6204410,0.605994,1.103749,0.425026,1.328961,71.348083,61.231777
4.6307406,0.564382,1.094719,0.403183,1.295953,71.873924,62.726627
4.6396728,0.478108,1.059453,0.349124,1.213637,73.281631,65.711365
4.6500440,0.370479,1.024674,0.302265,1.130741,74.495407,70.122154
4.6596880,0.256382,1.001489,0.266266,1.067525,75.556564,75.640610
4.6702981,0.164495,0.992215,0.247230,1.035698,76.189674,80.586823
4.6798277,0.116415,1.001855,0.238444,1.036398,76.698822,83.371971
4.6898308,0.124469,1.030410,0.248328,1.067194,76.544350,83.112282
4.6999168,0.170352,1.054937,0.279079,1.104445,75.363396,80.827026
4.7100639,0.230390,1.061039,0.323376,1.132897,73.414757,77.749176
4.7202888,0.279690,1.048348,0.369259,1.146129,71.205246,75.061943
4.7301936,0.318251,1.019183,0.424782,1.149111,68.305290,72.658478
4.7400937,0.342900,0.978914,0.484820,1.144947,64.947845,70.695320
4.7503309,0.360473,0.939742,0.540831,1.142609,61.749329,69.013863
4.7599659,0.364866,0.905086,0.581954,1.136213,59.190319,68.044258
4.7699966,0.351442,0.875311,0.598184,1.116918,57.617638,68.124260
4.7808180,0.323010,0.857495,0.579270,1.084060,57.700020,69.359116
4.7903032,0.284327,0.850173,0.524235,1.038489,59.681549,71.508324
4.8001618,0.230268,0.842974,0.460170,0.987615,62.228901,74.721725
4.8097501,0.170718,0.836018,0.398179,0.941604,64.983856,78.458664
4.8196969,0.115195,0.831137,0.340460,0.905523,67.915009,82.109116
4.8300576,0.069190,0.837116,0.292869,0.889563,70.778107,85.275070
4.8396630,0.030873,0.844926,0.250891,0.881929,73.472260,87.907364
4.8497605,-0.007932,0.847611,0.213184,0.874045,75.882858,90.536156
4.8597317,-0.037951,0.850051,0.185728,0.870932,77.687035,92.556297
4.8697758,-0.051740,0.857861,0.176331,0.877323,78.405258,93.451492
4.8808517,-0.054669,0.861278,0.165959,0.878824,79.114777,93.631927
4.8898611,-0.042466,0.864451,0.181579,0.884336,78.151314,92.812386
4.8999949,-0.015254,0.864085,0.229048,0.894057,75.155937,91.011330
4.9098825,0.012081,0.866403,0.277615,0.909874,72.234985,89.201141
4.9203539,0.034412,0.873115,0.332284,0.934840,69.179298,87.742973
4.9309850,0.043686,0.882145,0.398790,0.969083,65.700119,87.164871
4.9398565,0.043076,0.890321,0.398790,0.976504,65.896576,87.230034
4.9505153,0.043930,0.900815,0.405989,0.989053,65.764832,87.208054
4.9598613,0.049910,0.906795,0.391712,0.989043,66.668434,86.849640
4.9698243,0.060770,0.909357,0.374994,0.985517,67.635048,86.176743
4.9807296,0.078586,0.907527,0.360106,0.979519,68.430099,85.050873
4.9904089,0.082369,0.918509,0.355103,0.988202,68.940155,84.875587
5.0002642,0.079563,0.930102,0.342412,0.994317,69.856697,85.110718
5.0107560,0.074926,0.943037,0.323010,0.999634,71.147797,85.457314
5.0199318,0.070777,0.950725,0.308244,1.001949,72.082657,85.742477
5.0300956,0.067848,0.950725,0.296163,0.998095,72.738777,85.918045
5.0397038,0.069068,0.945234,0.294333,0.992406,72.747375,85.820824
5.0500731,0.074071,0.941939,0.299336,0.991129,72.421318,85.503677
5.0598946,0.084322,0.942915,0.305926,0.994882,72.091393,84.889824
5.0703158,0.095426,0.944013,0.310685,0.998395,71.869385,84.227814
5.0797887,0.111412,0.947308,0.320447,1.006227,71.429924,83.292305
5.0902166,0.128130,0.953410,0.334847,1.018592,70.808006,82.345802
5.1000466,0.140333,0.962806,0.349002,1.033678,70.267387,81.707298
5.1098619,0.145458,0.974032,0.369259,1.051784,69.446709,81.506447
5.1199069,0.140699,0.977327,0.386221,1.060250,68.637154,81.807808
5.1299977,0.135940,0.977083,0.397081,1.063412,68.074356,82.079384
5.1397128,0.129106,0.978670,0.400620,1.065345,67.910942,82.484924
5.1500263,0.124713,0.978670,0.395617,1.062949,68.149376,82.737862
5.1596484,0.117147,0.980378,0.393054,1.062712,68.293030,83.185913
5.1698580,0.108239,0.978426,0.380363,1.055324,68.873810,83.687263
5.1799121,0.103846,0.978426,0.376946,1.053655,69.037842,83.941528
5.1897063,0.100552,0.976107,0.373164,1.049832,69.178925,84.118546
5.2008557,0.099087,0.972446,0.369625,1.045032,69.286392,84.181938
5.2101297,0.099819,0.968297,0.364133,1.039306,69.490532,84.114304
5.2205720,0.105433,0.960121,0.358886,1.030412,69.616997,83.733353
5.2308588,0.108728,0.948284,0.359252,1.019866,69.374741,83.459198
5.2406759,0.113487,0.938644,0.361693,1.012301,69.065674,83.106125
5.2506609,0.119710,0.933885,0.362547,1.008916,68.940147,82.695374
5.2599807,0.129594,0.932543,0.364622,1.009643,68.829834,82.088341
5.2699842,0.138625,0.930834,0.372065,1.011979,68.428558,81.529480
5.2810388,0.149485,0.923513,0.367550,1.005144,68.551224,80.805519
5.2900109,0.160346,0.914605,0.363645,0.997221,68.613426,80.056137
5.3010387,0.177308,0.910212,0.364744,0.996474,68.528763,78.976929
5.3105750,0.192317,0.907893,0.371577,0.999662,68.179337,78.039948
5.3207531,0.206472,0.913018,0.372675,1.007532,68.291199,77.257317
5.3304005,0.212452,0.917533,0.367184,1.010855,68.700615,76.963097
5.3415680,0.207083,0.920340,0.355347,1.008058,69.359276,77.319252
5.3507080,0.193537,0.919852,0.353761,1.004356,69.376427,78.118240
5.3600059,0.178040,0.918998,0.353761,1.000700,69.297638,79.035767
5.3706818,0.163884,0.915215,0.357910,0.996281,68.946098,79.847832
5.3801527,0.157783,0.911920,0.361937,0.993726,68.640289,80.183708
5.3898807,0.157905,0.911676,0.366086,0.995041,68.413193,80.173683
5.4008017,0.167057,0.912530,0.369625,0.998620,68.276024,79.625725
5.4098320,0.175355,0.916435,0.372431,1.004643,68.240578,79.167679
5.4199028,0.181579,0.918509,0.370723,1.007008,68.398872,78.817482
5.4310451,0.182799,0.915703,0.376824,1.006938,68.023384,78.710625
5.4405036,0.177796,0.908747,0.382926,1.002030,67.533081,78.929962
5.4506006,0.170718,0.900571,0.390004,0.996130,66.950981,79.266014
5.4598780,0.167179,0.894226,0.391224,0.990275,66.729927,79.410561
5.4701848,0.162786,0.890687,0.390736,0.986153,66.657768,79.642662
5.4805079,0.175233,0.892273,0.390614,0.989665,66.753189,78.889114
5.4899082,0.187070,0.895446,0.393786,0.995935,66.709473,78.199913
5.5003047,0.198419,0.897398,0.396227,1.000845,66.678345,77.532249
5.5100088,0.208181,0.898253,0.394397,1.002869,66.841980,76.951393
5.5206490,0.217089,0.898131,0.391102,1.003358,67.058388,76.411560
5.5309510,0.223190,0.898375,0.389637,1.004345,67.172882,76.048019
5.5398345,0.228316,0.897887,0.390492,1.005391,67.145172,75.733131
5.5504537,0.229780,0.895080,0.393054,1.004220,66.958214,75.602257
5.5600710,0.230634,0.892029,0.395251,1.002562,66.781387,75.503632
5.5703835,0.228194,0.888490,0.397813,0.999871,66.555260,75.595886
5.5799837,0.225753,0.886904,0.399156,0.998443,66.435692,75.719177
5.5901017,0.224167,0.888002,0.401474,0.999990,66.329384,75.832298
5.5998540,0.222702,0.894348,0.399644,1.004574,66.557785,76.017113
5.6100039,0.219163,0.898375,0.392200,1.004455,67.016853,76.290169
5.6200428,0.214282,0.897521,0.390248,1.001875,67.075531,76.572052
5.6300969,0.208913,0.898009,0.389759,1.000988,67.084396,76.903641
5.6400976,0.204032,0.902524,0.388783,1.003659,67.209297,77.261383
5.6497779,0.202690,0.909601,0.386953,1.009054,67.450546,77.437828
5.6596847,0.204276,0.915947,0.385122,1.014400,67.687660,77.427559
5.6705341,0.203910,0.914727,0.383536,1.012622,67.743401,77.433159
5.6811099,0.200981,0.911188,0.379509,1.007315,67.867294,77.561409
5.6901517,0.198419,0.908015,0.378899,1.003706,67.821091,77.673546
5.7005877,0.197320,0.909723,0.377679,1.004576,67.916458,77.762032
5.7101407,0.194636,0.911798,0.376092,1.005338,68.031586,77.950287
5.7198391,0.188412,0.909357,0.373774,1.001068,68.076088,78.294357
5.7300258,0.180602,0.907161,0.369259,0.995947,68.237419,78.740471
5.7403445,0.175111,0.905574,0.369259,0.993519,68.181526,79.055779
5.7500191,0.169132,0.908137,0.370845,0.995412,68.126762,79.450089
5.7599611,0.167911,0.912408,0.369259,0.998516,68.296265,79.572472
5.7702098,0.168644,0.915459,0.368893,1.001293,68.382019,79.562134
5.7798514,0.168033,0.915215,0.368282,1.000742,68.407104,79.596359
5.7905917,0.168888,0.914971,0.369259,1.001023,68.353355,79.541908
5.7999935,0.174257,0.918265,0.369991,1.005221,68.403427,79.254890
5.8101401,0.181090,0.921804,0.370723,1.009927,68.464417,78.885658
5.8203969,0.187070,0.923146,0.376092,1.014219,68.233826,78.544495
5.8302889,0.189877,0.922292,0.378655,1.014917,68.093712,78.366791
5.8404598,0.188900,0.920096,0.382316,1.014113,67.852318,78.398102
5.8501096,0.186460,0.914605,0.385366,1.009840,67.566460,78.477058
5.8597226,0.184141,0.911310,0.385977,1.006664,67.454216,78.576508
5.8704920,0.182921,0.913994,0.380973,1.006969,67.769302,78.682709
5.8804688,0.188290,0.920706,0.378655,1.013179,68.054199,78.442024
5.8902240,0.194148,0.925709,0.380607,1.019555,68.080276,78.155121
5.8998699,0.195612,0.925953,0.380119,1.019874,68.117050,78.071388
5.9104691,0.195490,0.925831,0.379265,1.019422,68.158569,78.077095
5.9209828,0.189266,0.923757,0.378411,1.016043,68.134079,78.421051
5.9303417,0.186582,0.924123,0.376946,1.015334,68.207062,78.585350
5.9397469,0.186582,0.922780,0.374384,1.013163,68.313995,78.569183
5.9504237,0.188046,0.920706,0.373164,1.011094,68.341789,78.456604
5.9598646,0.191707,0.919730,0.375116,1.011616,68.234497,78.225945
5.9699039,0.194148,0.921682,0.377557,1.014761,68.157005,78.104843
5.9798231,0.195978,0.923269,0.378533,1.016917,68.146423,78.015961
5.9899168,0.197686,0.922414,0.375604,1.015385,68.289749,77.903687
6.0000114,0.195490,0.921804,0.374018,1.013819,68.350990,78.026505
6.0110149,0.196100,0.923024,0.373896,1.015001,68.384888,78.005638
6.0207949,0.196466,0.924001,0.374750,1.016274,68.361534,77.996223
6.0303850,0.197320,0.925221,0.374872,1.017594,68.383621,77.960991
6.0398655,0.196100,0.927540,0.371333,1.018172,68.610519,78.062347
6.0499187,0.196832,0.925465,0.370845,1.016245,68.597534,77.992981
6.0598469,0.192439,0.923024,0.378533,1.016019,68.126122,78.223244
6.0698385,0.189388,0.935960,0.354005,1.018434,69.659569,78.560837
6.0798478,0.184873,0.992703,0.331186,1.062695,71.841492,79.450523
6.0899239,0.160468,0.946576,0.248938,0.991830,75.463959,80.378448
