Keuwl Accelerometer Data File
2019-06-28 13-20-22

Time (s), X (m/s2), Y (m/s2), Z (m/s2), R (m/s2), Theta (deg), Phi (deg)
0.0000000,-0.019647,1.045419,-0.098111,1.050197,95.360481,91.076637
0.0095430,-0.009884,1.034559,-0.053815,1.036005,92.977531,90.547394
0.0193480,-0.001098,1.014180,0.001830,1.014182,89.896591,90.062042
0.0293820,0.011837,0.999048,0.051862,1.000464,87.028564,89.321190
0.0393480,0.048201,1.019915,0.074315,1.023754,85.837173,87.294205
0.0495240,0.074926,1.022234,0.114585,1.031361,83.621231,85.807945
0.0593820,0.097501,1.028701,0.171816,1.047499,80.559387,84.585648
0.0695160,0.115317,1.042979,0.232465,1.074775,77.508705,83.690712
0.0793550,0.103236,0.999536,0.259555,1.037834,75.516991,84.103165
0.0894160,0.060038,0.969761,0.201347,0.992261,78.292381,86.457329
0.0996350,-0.011227,0.936692,0.134109,0.946310,81.852707,90.686684
0.1097000,-0.063699,0.942061,0.059306,0.946073,86.405975,93.868256
0.1195450,-0.067848,1.017109,-0.002319,1.019372,90.130318,93.816353
0.1293810,-0.060160,1.034193,-0.041490,1.036771,92.293488,93.329208
0.1397370,-0.024040,1.026749,-0.022697,1.027281,91.266029,91.341240
0.1496590,0.026602,1.049690,0.009518,1.050070,89.480644,88.548264
0.1594590,0.046493,1.027969,0.053449,1.030407,87.026657,87.410393
0.1694610,0.067604,1.022722,0.093596,1.029218,84.782379,86.218140
0.1795880,0.063821,1.024064,0.107629,1.031680,84.011765,86.433868
0.1896170,0.052106,1.010519,0.093718,1.016192,84.708397,87.048225
0.1995040,0.046737,0.986601,0.081881,0.991096,85.261002,87.287834
0.2096860,0.049910,0.966955,0.077854,0.971367,85.402863,87.045280
0.2196800,0.053082,0.965491,0.078830,0.970157,85.339272,86.853058
0.2303750,0.049300,0.975131,0.073827,0.979163,85.675888,87.105766
0.2394580,0.036975,0.984161,0.061258,0.986758,86.440765,87.848427
0.2495310,0.019403,0.988554,0.049422,0.989979,87.138496,88.875587
0.2595200,0.003295,0.984527,0.042344,0.985443,87.537270,89.808258
0.2694730,-0.004637,0.981598,0.040880,0.982460,87.615265,90.270668
0.2794460,-0.004515,0.984527,0.044296,0.985533,87.423882,90.262756
0.2896990,0.004027,0.989164,0.053571,0.990622,86.900063,89.766747
0.2995610,0.015498,0.994289,0.066750,0.996648,86.159790,89.107025
0.3096080,0.027456,0.997706,0.080539,1.001328,85.386597,88.423645
0.3200930,0.037463,1.000147,0.090423,1.004924,84.837540,87.854858
0.3299430,0.042466,1.002221,0.098965,1.007990,84.365585,87.573723
0.3394400,0.044296,1.004540,0.103480,1.010826,84.124229,87.475105
0.3496800,0.044540,1.007956,0.105555,1.014446,84.027473,87.469810
0.3596610,0.043076,1.010275,0.107751,1.016918,83.917595,87.558502
0.3695170,0.039415,1.011007,0.105067,1.017216,84.071434,87.767387
0.3795840,0.030751,1.009787,0.100552,1.015247,84.316017,88.255699
0.3894920,0.021111,1.008811,0.091888,1.013207,84.796707,88.801170
0.3994910,0.014155,1.008811,0.083346,1.012347,85.277550,89.196098
0.4095380,0.009884,1.007712,0.074559,1.010515,85.768661,89.438019
0.4195950,0.009152,1.006004,0.071997,1.008618,85.906647,89.478767
0.4296690,0.008298,1.001245,0.071509,1.003829,85.915016,89.525162
0.4396910,0.009762,0.998682,0.071997,1.001322,85.876770,89.439941
0.4499670,0.011227,0.995998,0.073827,0.998793,85.761032,89.354202
0.4599460,0.014765,0.995998,0.075780,0.998985,85.649551,89.150665
0.4695410,0.019403,0.995632,0.076878,0.998784,85.585480,88.883583
0.4796210,0.021477,0.995265,0.079075,0.998633,85.458405,88.763794
0.4895120,0.022941,0.994411,0.079563,0.997853,85.426735,88.678406
0.4994340,0.024162,0.992825,0.078220,0.996195,85.496552,88.605911
0.5096710,0.023796,0.993313,0.077610,0.996624,85.533684,88.627701
0.5195640,0.023185,0.993191,0.076390,0.996394,85.603027,88.662704
0.5299690,0.023429,0.993191,0.076634,0.996419,85.589058,88.648636
0.5394880,0.026114,0.991605,0.079075,0.995095,85.442223,88.491455
0.5495700,0.029165,0.990384,0.084444,0.994406,85.128639,88.313240
0.5594650,0.031483,0.989408,0.087617,0.993779,84.941948,88.177437
0.5693960,0.032216,0.990506,0.088349,0.994960,84.905640,88.137154
0.5794930,0.033802,0.995632,0.090057,1.000268,84.834496,88.055542
0.5894830,0.035754,0.998804,0.093230,1.003783,84.670769,87.949844
0.5994640,0.037341,1.000391,0.095792,1.005660,84.534096,87.862358
0.6098260,0.039537,1.002465,0.095060,1.007738,84.587219,87.741425
0.6197690,0.039049,1.004174,0.094084,1.009327,84.651428,87.773071
0.6302990,0.036853,1.002343,0.090179,1.007066,84.862488,87.894386
0.6410180,0.033070,1.002343,0.087250,1.006677,85.027832,88.110359
0.6504790,0.031849,0.999658,0.084932,1.003765,85.146210,88.175156
0.6595669,0.032704,0.997584,0.085420,1.001768,85.108490,88.122353
0.6695290,0.035510,0.995265,0.086762,0.999671,85.020981,87.956596
0.6801710,0.037585,0.994045,0.088715,0.998703,84.903702,87.834679
0.6897370,0.039171,0.993435,0.089569,0.998233,84.852066,87.741997
0.6995710,0.041856,0.993923,0.088837,0.998763,84.896973,87.588600
0.7096170,0.043198,0.995876,0.086762,1.000581,85.025520,87.516235
0.7195250,0.043320,0.997218,0.086884,1.001933,85.025246,87.512573
0.7296140,0.042466,0.999536,0.085176,1.004058,85.133652,87.567215
0.7396250,0.040636,1.000269,0.083834,1.004598,85.213104,87.673660
0.7502430,0.038561,1.000025,0.081515,1.004082,85.343391,87.791763
0.7596920,0.036487,1.003319,0.080173,1.007179,85.434349,87.917305
0.7696790,0.036731,1.003929,0.080173,1.007795,85.437149,87.904663
0.7802320,0.036609,1.002099,0.080539,1.005997,85.408051,87.907806
0.7900620,0.035144,1.001123,0.081759,1.005070,85.334023,87.989464
0.7996920,0.033558,1.001245,0.084078,1.005329,85.202637,88.080383
0.8101930,0.031971,1.000391,0.084444,1.004457,85.177505,88.169510
0.8197050,0.031849,1.001245,0.084688,1.005325,85.167717,88.178040
0.8299800,0.032948,1.001855,0.084810,1.005978,85.163887,88.116409
0.8397790,0.035144,1.004296,0.084322,1.008442,85.203560,87.995811
0.8496659,0.036853,1.004906,0.083956,1.009080,85.227463,87.899750
0.8597699,0.036487,1.003563,0.084078,1.007740,85.214134,87.917816
0.8698469,0.034168,1.000635,0.085176,1.004834,85.137421,88.044319
0.8803550,0.030751,0.998804,0.084444,1.002839,85.169708,88.236534
0.8895569,0.030995,0.997950,0.081271,1.001733,85.346451,88.221024
0.8996820,0.031361,0.998316,0.079685,1.001982,85.438622,88.200691
0.9096640,0.034778,0.999292,0.078708,1.002990,85.499153,88.006752
0.9195840,0.037219,0.999903,0.077610,1.003600,85.564789,87.868301
0.9297650,0.039903,1.002099,0.078220,1.005939,85.540260,87.719696
0.9397530,0.042832,1.002831,0.078708,1.006827,85.516342,87.554321
0.9502370,0.045517,1.004052,0.082735,1.008482,85.294189,87.404388
0.9596530,0.047347,1.001123,0.085176,1.005855,85.142365,87.292274
0.9698030,0.043930,0.998804,0.084200,1.003309,85.185959,87.481590
0.9796000,0.038805,0.997706,0.083712,1.001963,85.207489,87.772644
0.9900010,0.037463,1.000147,0.080417,1.004074,85.406227,87.854858
0.9996839,0.038927,1.001245,0.076634,1.004927,85.626480,87.773537
1.0098690,0.033924,1.002953,0.074437,1.006284,85.757805,88.062759
1.0195240,0.028677,1.003441,0.073705,1.006553,85.800735,88.363022
1.0297290,0.025504,1.005028,0.072485,1.007961,85.876160,88.546349
1.0396359,0.024040,1.004784,0.073095,1.007726,85.840408,88.629448
1.0499260,0.024650,1.004174,0.072729,1.007106,85.858727,88.593826
1.0600280,0.025748,1.002587,0.073827,1.005631,85.789909,88.528877
1.0696410,0.026968,1.002343,0.075658,1.005556,85.685005,88.458817
1.0807389,0.029897,1.000513,0.078586,1.004040,85.510849,88.288414
1.0904089,0.033436,1.000147,0.078830,1.003806,85.495827,88.085258
1.0996550,0.034046,0.998194,0.080295,1.001997,85.403687,88.046539
1.1105859,0.034534,0.997096,0.081271,1.000998,85.343033,88.016373
1.1195331,0.032460,0.997462,0.080783,1.001254,85.372246,88.136124
1.1297230,0.031239,0.995998,0.081149,0.999786,85.344383,88.203514
1.1405199,0.030385,0.996730,0.081149,1.000489,85.347664,88.253891
1.1498920,0.029897,0.998316,0.079319,1.001908,85.459282,88.284653
1.1595570,0.029653,1.000269,0.077732,1.003722,85.558342,88.301964
1.1697329,0.030141,0.999780,0.076390,1.003147,85.632683,88.273186
1.1795640,0.030751,1.000147,0.075658,1.003475,85.676041,88.238899
1.1908330,0.030995,0.999780,0.074071,1.003000,85.764862,88.224281
1.1996340,0.029165,1.000269,0.072851,1.003342,85.836182,88.329903
1.2098200,0.025382,1.000513,0.072607,1.003465,85.850662,88.546776
1.2196970,0.020623,0.999414,0.071753,1.002199,85.894371,88.817871
1.2297920,0.016718,0.997218,0.069922,0.999806,85.989693,89.039551
1.2408580,0.015986,0.997462,0.073095,1.000264,85.809326,89.081833
1.2497649,0.016596,0.994899,0.076024,0.997938,85.630920,89.044342
1.2596910,0.018914,0.998560,0.079197,1.001874,85.466133,88.914848
1.2697170,0.024894,1.002343,0.081393,1.005950,85.359032,88.577316
1.2802840,0.032338,1.004784,0.083712,1.008783,85.239960,88.156647
1.2896470,0.036609,1.003563,0.085298,1.007847,85.145027,87.910858
1.3002050,0.035998,1.001855,0.087006,1.006270,85.039772,87.942146
1.3098229,0.030873,1.001855,0.085176,1.005943,85.142792,88.234924
1.3205259,0.028189,1.002343,0.083468,1.006207,85.241692,88.389114
1.3295549,0.025626,1.002831,0.079807,1.006328,85.451385,88.536201
1.3395289,0.023552,1.002343,0.077366,1.005600,85.587570,88.653999
1.3496749,0.023552,0.998682,0.076512,1.001886,85.620178,88.649071
1.3595259,0.023185,0.996730,0.074559,0.999783,85.723160,88.667458
1.3697319,0.023063,0.996486,0.075414,0.999601,85.673279,88.674141
1.3797450,0.021721,0.996364,0.074193,0.999358,85.742386,88.751129
1.3896130,0.022087,0.997584,0.076268,1.000739,85.629158,88.731644
1.4002169,0.024040,0.998194,0.076390,1.001402,85.625053,88.620407
1.4099939,0.024894,1.000391,0.078098,1.003743,85.537476,88.574539
1.4217340,0.023429,1.001245,0.078708,1.004607,85.506416,88.659500
1.4394730,0.019036,1.001245,0.078830,1.004524,85.499054,88.910782
1.4501050,0.018792,1.001855,0.078586,1.005108,85.515633,88.925392
1.4596590,0.020135,1.001489,0.078953,1.004798,85.493309,88.848236
1.4699349,0.020135,0.999536,0.079197,1.002871,85.470642,88.845985
1.4796489,0.021721,0.998926,0.078953,1.002277,85.481949,88.754333
1.4894470,0.023796,0.998682,0.080539,1.002207,85.390656,88.635071
1.4994959,0.025382,0.997950,0.081271,1.001576,85.345718,88.543045
1.5095320,0.027212,0.997828,0.083101,1.001652,85.241020,88.437836
1.5195190,0.028555,0.995998,0.083224,0.999876,85.225533,88.357811
1.5300419,0.028433,0.996608,0.083590,1.000511,85.207527,88.365829
1.5408078,0.028555,0.995632,0.083468,0.999532,85.209846,88.357208
1.5497720,0.027090,0.995509,0.081881,0.999238,85.299706,88.441223
1.5597199,0.025382,0.995876,0.080417,0.999439,85.384880,88.540016
1.5697320,0.026236,0.997828,0.079563,1.001339,85.442688,88.493851
1.5796729,0.027578,0.999048,0.077610,1.002438,85.559631,88.418770
1.5904120,0.029653,0.999414,0.078220,1.002909,85.526764,88.300514
1.6001359,0.030263,1.001855,0.079929,1.005494,85.440636,88.269791
1.6099100,0.031849,1.003808,0.080417,1.007527,85.422005,88.182693
1.6197959,0.034168,1.002709,0.083101,1.006727,85.265060,88.048363
1.6298189,0.034778,0.999048,0.086030,1.003348,85.081245,88.006264
1.6401460,0.029043,0.996120,0.087495,1.000376,84.982407,88.329964
1.6503730,0.025138,0.996852,0.085420,1.000821,85.103851,88.555466
1.6596870,0.022819,0.998072,0.083224,1.001796,85.234695,88.690247
1.6695719,0.024162,1.000391,0.078098,1.003725,85.537392,88.616447
1.6800989,0.025138,1.000391,0.075048,1.003517,85.711151,88.560570
1.6904999,0.024772,1.000879,0.073827,1.003904,85.782646,88.582214
1.6996809,0.024772,1.002221,0.072729,1.005162,85.850708,88.584114
1.7098310,0.025504,1.004418,0.073339,1.007414,85.825211,88.545471
1.7196209,0.027334,1.005272,0.076756,1.008568,85.635345,88.442451
1.7299030,0.029043,1.003685,0.079075,1.007214,85.497177,88.342545
1.7402920,0.028799,1.000635,0.082613,1.004452,85.282249,88.351456
1.7504109,0.030385,0.999292,0.084810,1.003345,85.151161,88.258362
1.7603449,0.031605,0.997950,0.086030,1.002150,85.075348,88.186028
1.7695949,0.033924,0.996608,0.086518,1.000931,85.041290,88.050438
1.7794539,0.034290,0.995509,0.086518,0.999850,85.035919,88.027245
1.7901340,0.032216,0.994167,0.084932,0.998308,85.119614,88.144005
1.7995089,0.030141,0.993679,0.084810,0.997747,85.123894,88.262589
1.8094200,0.028433,0.995387,0.081271,0.999104,85.334183,88.363823
1.8194280,0.028555,0.996608,0.079563,1.000186,85.437424,88.358818
1.8294560,0.029775,0.999658,0.079807,1.003281,85.437546,88.293938
1.8394730,0.030629,1.002221,0.079319,1.005821,85.476982,88.249512
1.8496779,0.032338,1.002221,0.078708,1.005827,85.511871,88.151939
1.8594669,0.032338,1.003441,0.079319,1.007091,85.482697,88.154190
1.8694299,0.031361,1.001611,0.080051,1.005294,85.432747,88.206604
1.8797020,0.029043,1.001367,0.082613,1.005189,85.285721,88.338707
1.8905720,0.029653,1.001611,0.084932,1.005643,85.155296,88.304237
1.9002030,0.031239,1.002343,0.085542,1.006472,85.124435,88.214882
1.9096169,0.031605,1.000025,0.085542,1.004174,85.113251,88.189789
1.9194850,0.032948,0.996486,0.085054,1.000652,85.124054,88.106270
1.9294250,0.031117,0.995998,0.080051,0.999694,85.407104,88.210526
1.9394300,0.028067,1.000269,0.076634,1.003592,85.620651,88.392754
1.9495189,0.030141,1.001123,0.075902,1.004448,85.666275,88.275505
1.9598659,0.031605,1.001123,0.075536,1.004466,85.687294,88.191772
1.9695389,0.029653,0.998316,0.076024,1.001646,85.647125,88.298645
1.9795539,0.028311,0.997096,0.078342,1.000569,85.509270,88.373634
1.9897739,0.026846,0.996974,0.078464,1.000417,85.501572,88.457527
1.9995110,0.029409,0.999170,0.081271,1.002901,85.351883,88.314079
2.0097179,0.030507,0.998438,0.081881,1.002254,85.313881,88.249878
2.0194058,0.032338,0.997462,0.082857,1.001420,85.253922,88.143127
2.0294740,0.031849,0.996486,0.084078,1.000533,85.179588,88.169350
2.0394189,0.030751,0.996486,0.083346,1.000438,85.221207,88.232430
2.0495679,0.030385,0.997218,0.083834,1.001197,85.196800,88.254745
2.0594029,0.030507,1.000391,0.083224,1.004310,85.246658,88.253296
2.0694480,0.031361,1.001367,0.080661,1.005100,85.396973,88.206169
2.0794020,0.030751,1.001977,0.079807,1.005621,85.448181,88.242111
2.0894730,0.030629,1.001977,0.080417,1.005666,85.413513,88.249084
2.0996189,0.031239,1.001977,0.079807,1.005636,85.448250,88.214226
2.1095591,0.029775,1.001977,0.079563,1.005572,85.461914,88.297890
2.1195900,0.028555,1.002343,0.080173,1.005950,85.428757,88.368202
2.1296639,0.027578,1.000757,0.079685,1.004303,85.449181,88.421463
2.1398280,0.027823,0.999658,0.079685,1.003215,85.444237,88.405754
2.1494708,0.028067,1.000025,0.079685,1.003587,85.445930,88.392365
2.1594899,0.029165,0.999658,0.078342,1.003148,85.520836,88.328880
2.1695449,0.027945,0.999780,0.077854,1.003196,85.549019,88.398964
2.1796100,0.027945,1.000147,0.077854,1.003561,85.550636,88.399544
2.1895370,0.027823,1.000635,0.077976,1.004054,85.545837,88.407310
2.1994319,0.030019,1.000879,0.077732,1.004341,85.561081,88.282059
2.2094100,0.029775,1.000269,0.079319,1.003850,85.468086,88.294983
2.2197061,0.029409,1.001367,0.079685,1.004963,85.452179,88.317780
2.2294440,0.029165,1.001489,0.080417,1.005136,85.411087,88.331932
2.2396641,0.029897,1.001245,0.079929,1.004875,85.437820,88.289665
2.2494860,0.028677,1.001367,0.079929,1.004961,85.438210,88.359634
2.2602010,0.029287,1.001367,0.079441,1.004940,85.466034,88.324753
2.2697840,0.028677,1.002343,0.079563,1.005905,85.463417,88.361229
2.2796102,0.028921,1.002953,0.080783,1.006617,85.396950,88.348297
2.2896979,0.029897,1.004540,0.080661,1.008216,85.411224,88.295273
2.2998028,0.030507,1.004052,0.084322,1.008048,85.201683,88.259659
2.3097048,0.029775,1.001001,0.084810,1.005028,85.159309,88.296227
2.3206329,0.025382,1.000147,0.084688,1.004047,85.161552,88.546249
2.3307469,0.022209,1.001733,0.083346,1.005440,85.245033,88.729912
2.3399291,0.024406,1.002465,0.082735,1.006170,85.283348,88.605370
2.3504539,0.026236,1.002953,0.080783,1.006543,85.396614,88.501549
2.3595529,0.025992,1.003441,0.078220,1.006821,85.544174,88.516205
2.3699040,0.024650,1.002953,0.079563,1.006406,85.465683,88.592117
2.3803530,0.021477,1.003319,0.078830,1.006641,85.508545,88.773712
2.3897729,0.020989,1.004174,0.078220,1.007434,85.546890,88.802597
2.3995178,0.021599,1.004662,0.078342,1.007943,85.542191,88.768394
2.4095290,0.023185,1.004906,0.080051,1.008356,85.446640,88.678291
2.4195919,0.023674,1.004784,0.082491,1.008442,85.307915,88.650314
2.4298768,0.024406,1.003197,0.085176,1.007102,85.148399,88.606384
2.4413619,0.024406,1.000391,0.086396,1.004411,85.065498,88.602478
2.4498138,0.023063,0.996364,0.088105,1.000517,84.948044,88.673981
2.4599390,0.020745,0.993801,0.087983,0.997904,84.941811,88.804169
2.4705751,0.016108,0.992093,0.087128,0.996042,84.981651,89.069817
2.4794600,0.010372,0.991605,0.083712,0.995186,85.174774,89.400696
2.4895279,0.009518,0.992703,0.079929,0.995961,85.396896,89.450653
2.4994240,0.011715,0.995387,0.076024,0.998355,85.632751,89.325714
2.5094929,0.017572,1.001733,0.073705,1.004594,85.792534,88.995033
2.5195670,0.024528,1.005150,0.074804,1.008228,85.745140,88.602142
2.5298281,0.030385,1.007590,0.075292,1.010856,85.728477,88.272697
2.5395250,0.035632,1.007102,0.079563,1.010868,85.485741,87.973656
2.5495849,0.037951,1.006980,0.083956,1.011186,85.237427,87.841667
2.5597858,0.042588,1.008566,0.087495,1.013250,85.046318,87.582047
2.5696130,0.046859,1.005760,0.089935,1.010860,84.895706,87.332481
2.5796428,0.049056,1.001367,0.093840,1.006950,84.652718,87.195404
2.5897751,0.048933,0.997218,0.095060,1.002933,84.561211,87.190750
2.6000299,0.046493,0.996974,0.092254,1.002312,84.718971,87.330002
2.6097479,0.045395,0.998926,0.088959,1.003906,84.916199,87.398071
2.6198168,0.046005,1.000269,0.087617,1.005152,84.999329,87.366684
2.6298380,0.043320,0.999048,0.086884,1.003754,85.034302,87.517128
2.6397200,0.036975,0.997462,0.084688,1.001733,85.150352,87.877090
2.6498990,0.029897,0.994411,0.082857,0.998305,85.239082,88.277916
2.6595798,0.023063,0.995632,0.079807,0.999091,85.418373,88.673004
2.6697469,0.021965,0.997340,0.078220,1.000644,85.516617,88.738335
2.6805050,0.021721,0.999048,0.076268,1.002191,85.635506,88.754486
2.6896698,0.021355,0.997462,0.077366,1.000686,85.565857,88.773521
2.6995449,0.020379,0.995265,0.078342,0.998552,85.500175,88.826988
2.7097840,0.018792,0.994777,0.080173,0.998180,85.393097,88.917747
2.7196250,0.018304,0.994045,0.083346,0.997701,85.208061,88.945076
2.7295868,0.017938,0.994777,0.085664,0.998620,85.078979,88.966934
2.7394931,0.019647,0.997096,0.087006,1.001078,85.013977,88.871201
2.7503538,0.020013,0.996974,0.089081,1.001146,84.895134,88.850029
2.7597618,0.020379,0.999292,0.087617,1.003333,84.990234,88.831718
2.7697201,0.022209,0.998316,0.087983,1.002432,84.964714,88.725571
2.7797139,0.022087,0.997462,0.087250,1.001514,85.002136,88.731483
2.7898259,0.021477,0.997828,0.087372,1.001876,84.996941,88.766968
2.7995789,0.021721,0.996364,0.086152,1.000317,85.059288,88.751129
2.8095469,0.021721,0.994899,0.086152,0.998859,85.052055,88.749290
2.8195460,0.023307,0.994289,0.086030,0.998276,85.056190,88.657158
2.8298709,0.023918,0.995876,0.085908,0.999860,85.071060,88.624214
2.8399589,0.025626,0.995754,0.085054,0.999708,85.119446,88.525803
2.8495789,0.027334,0.996242,0.086396,1.000354,85.045441,88.428337
2.8597069,0.028189,0.996974,0.089813,1.001408,84.854408,88.380440
2.8697379,0.029287,0.996852,0.090911,1.001417,84.791367,88.317169
2.8799238,0.030629,0.996852,0.092498,1.001602,84.701202,88.240089
2.8897679,0.030141,0.996364,0.094450,1.001284,84.587296,88.267273
2.8996668,0.030141,0.996242,0.092132,1.000947,84.718765,88.267059
2.9096608,0.030263,0.996364,0.092010,1.001061,84.726379,88.260262
2.9195278,0.030507,0.996730,0.089935,1.001244,84.846558,88.246880
2.9295440,0.029775,0.997706,0.089203,1.002128,84.893143,88.290604
2.9407308,0.028189,0.997218,0.088959,1.001575,84.904327,88.380836
2.9494779,0.028189,0.998072,0.089935,1.002512,84.853096,88.382225
2.9597828,0.028189,0.997950,0.090423,1.002435,84.824684,88.382027
2.9697971,0.027578,0.995387,0.091888,1.000000,84.727791,88.412956
2.9796879,0.024650,0.992337,0.090545,0.996764,84.788109,88.577057
2.9897439,0.022209,0.992581,0.091155,0.997005,84.754166,88.718208
3.0001159,0.021355,0.994411,0.088593,0.998578,84.910088,88.769760
3.0098009,0.023552,0.996608,0.086396,1.000623,85.046776,88.646255
3.0197990,0.026236,1.000025,0.084566,1.003937,85.168007,88.497162
3.0295649,0.025626,0.999536,0.085298,1.003497,85.123932,88.531380
3.0396600,0.023918,1.000635,0.085420,1.004559,85.122108,88.630753
3.0505290,0.021111,1.001611,0.086152,1.005531,85.084969,88.792557
3.0595560,0.022087,1.003197,0.086396,1.007153,85.078964,88.738731
3.0697851,0.020867,1.003197,0.087495,1.007222,85.016594,88.808395
3.0798450,0.020135,1.000879,0.088227,1.004961,84.963455,88.847534
3.0910399,0.018304,0.998682,0.086396,1.002579,85.056465,88.949974
3.1000187,0.018304,0.996852,0.087372,1.000841,84.991753,88.948044
3.1096168,0.018426,0.996608,0.085542,1.000442,85.094978,88.940773
3.1198440,0.018304,0.996730,0.086152,1.000614,85.060753,88.947922
3.1300747,0.018304,0.994899,0.085908,0.998769,85.065659,88.945984
3.1394570,0.018914,0.995021,0.085786,0.998892,85.073296,88.910988
3.1494341,0.020013,0.995143,0.084932,0.998962,85.122810,88.847916
3.1593988,0.021355,0.994167,0.087006,0.998196,84.999542,88.769455
3.1694219,0.022819,0.996608,0.085908,1.000564,85.074532,88.688324
3.1794517,0.025016,0.997584,0.085908,1.001589,85.079590,88.563530
3.1894300,0.025382,0.998438,0.086640,1.002512,85.042130,88.543762
3.1995351,0.025138,0.998316,0.086152,1.002342,85.069290,88.557579
3.2095978,0.025504,1.000269,0.087128,1.004380,85.023422,88.539436
3.2196321,0.025870,0.999170,0.087128,1.003296,85.018028,88.516853
3.2307189,0.025992,1.001123,0.088715,1.005382,84.937645,88.512764
3.2398520,0.028555,1.002099,0.088471,1.006402,84.956734,88.367805
3.2507939,0.028189,1.001123,0.091033,1.005648,84.806358,88.387146
3.2597408,0.028433,0.997462,0.091521,1.002055,84.759659,88.367226
3.2698059,0.026236,0.995632,0.092498,1.000263,84.694084,88.490532
3.2802019,0.024650,0.996852,0.087617,1.000998,84.978523,88.583496
3.2897358,0.026846,0.999048,0.086884,1.003179,85.031441,88.460724
3.2994859,0.029653,1.001489,0.086274,1.005635,85.078499,88.304031
3.3100460,0.031483,1.002831,0.086396,1.007038,85.078407,88.201820
3.3197298,0.030141,1.000757,0.086396,1.004931,85.068062,88.274872
3.3301718,0.031361,1.001489,0.087861,1.005825,84.988724,88.206383
3.3395607,0.032338,1.002099,0.088471,1.006516,84.957306,88.151718
3.3499379,0.034290,1.000513,0.088959,1.005045,84.921974,88.037102
3.3604329,0.034656,1.000147,0.090667,1.004846,84.823158,88.015434
3.3702199,0.035388,0.998438,0.093230,1.003406,84.668762,87.970078
3.3795798,0.035022,0.997950,0.094328,1.003010,84.603638,87.990074
3.3898878,0.035510,0.997096,0.094450,1.002189,84.592194,87.960342
3.3995838,0.034412,0.998682,0.094572,1.003740,84.593582,88.026512
3.4103768,0.033924,0.999414,0.094206,1.004418,84.618217,88.055908
3.4197469,0.033802,0.999414,0.093718,1.004368,84.645920,88.062897
3.4297640,0.032460,0.999292,0.091643,1.004011,84.762901,88.139542
3.4395320,0.030507,0.999292,0.091155,1.003905,84.790321,88.251373
3.4506559,0.029287,0.999780,0.090057,1.004256,84.855064,88.322098
3.4597449,0.026846,0.998682,0.090667,1.003149,84.814377,88.460159
3.4696100,0.026114,0.999903,0.087250,1.004042,85.014755,88.503967
3.4796641,0.025992,0.999536,0.087739,1.003716,84.985161,88.510406
3.4897761,0.025748,0.999658,0.085786,1.003663,85.096771,88.524567
3.5003669,0.026724,0.999536,0.085908,1.003577,85.089363,88.468468
3.5095711,0.026846,0.999536,0.088105,1.003771,84.964462,88.461479
3.5197248,0.026846,0.996242,0.091521,1.000797,84.753052,88.456390
3.5304079,0.028433,0.996242,0.090911,1.000785,84.788063,88.365227
3.5398400,0.029409,0.997218,0.092254,1.001908,84.716835,88.310783
3.5497918,0.030263,0.996974,0.093108,1.001769,84.667038,88.261322
3.5599208,0.031239,0.996852,0.091277,1.001509,84.770813,88.205055
3.5697448,0.030751,0.996364,0.090789,1.000964,84.796013,88.232216
3.5801997,0.028311,0.996486,0.089569,1.000904,84.865837,88.372635
3.5896938,0.027700,0.997706,0.086030,1.001791,85.073578,88.409637
3.6001539,0.027334,0.997462,0.085298,1.001475,85.114067,88.430260
3.6102970,0.027456,0.998560,0.085908,1.002625,85.084686,88.424988
3.6196580,0.026602,1.000025,0.085298,1.004008,85.126419,88.476204
3.6300819,0.028311,1.002465,0.086274,1.006569,85.083076,88.382339
3.6398289,0.031849,1.002221,0.089447,1.006709,84.902496,88.179817
3.6498947,0.031971,0.999048,0.092010,1.003786,84.740738,88.167046
3.6597838,0.029775,0.997096,0.093352,1.001899,84.653709,88.289558
3.6705568,0.025382,0.996242,0.092010,1.000803,84.725021,88.540550
3.6795349,0.024406,0.998316,0.088471,1.002526,84.937187,88.599579
3.6899030,0.025870,0.998682,0.085420,1.002663,85.112862,88.516129
3.7001998,0.025748,0.999292,0.084322,1.003174,85.178314,88.524025
3.7100668,0.023674,1.000391,0.081881,1.004015,85.322121,88.644386
3.7199080,0.023063,1.001123,0.083346,1.004851,85.242241,88.680283
3.7296569,0.024284,1.004052,0.082735,1.007747,85.290756,88.614532
3.7397130,0.025992,1.004540,0.083590,1.008346,85.244858,88.517822
3.7497971,0.028189,1.003929,0.085298,1.007941,85.145477,88.391655
3.7600570,0.029653,1.001733,0.087983,1.006026,84.982750,88.304443
3.7698040,0.029165,1.000147,0.091766,1.004771,84.759888,88.329697
3.7797759,0.033070,0.998072,0.092864,1.002928,84.687225,88.102280
3.7897367,0.033436,0.995998,0.092864,1.000876,84.676300,88.077293
3.8005717,0.033070,0.994655,0.093840,0.999619,84.613388,88.095764
3.8099461,0.031849,0.993801,0.091521,0.998515,84.741020,88.164406
3.8198779,0.030263,0.995509,0.089081,0.999945,84.888985,88.258766
3.8298638,0.030019,0.996120,0.088349,1.000480,84.933823,88.273857
3.8407919,0.029775,0.999170,0.086762,1.003372,85.039398,88.293106
3.8497689,0.029775,1.000757,0.083956,1.004714,85.206673,88.295815
3.8603890,0.028311,1.001611,0.082003,1.005361,85.321419,88.380959
3.8698199,0.027945,1.001245,0.080661,1.004877,85.395950,88.401299
3.8805549,0.028189,1.002465,0.080905,1.006120,85.387703,88.389305
3.8897650,0.028189,1.002099,0.082247,1.005864,85.309814,88.388718
3.8997569,0.027700,1.003075,0.083101,1.006893,85.265846,88.418144
3.9100621,0.029165,1.002587,0.084932,1.006601,85.159912,88.333763
3.9197319,0.032948,0.998438,0.088227,1.002870,84.952927,88.109970
3.9299879,0.034778,0.994533,0.089813,0.999186,84.842934,87.997223
3.9398468,0.033070,0.991971,0.089569,0.996555,84.843376,88.090614
3.9498088,0.036365,0.994777,0.087128,0.999248,84.997795,87.906456
3.9601190,0.040147,0.997462,0.087250,1.002075,85.004944,87.695114
3.9700289,0.041612,1.000269,0.087861,1.004982,84.984512,87.617836
3.9797568,0.042344,1.000391,0.087617,1.005112,84.999130,87.576263
3.9897618,0.039171,0.995632,0.087372,1.000225,84.988663,87.746971
3.9995780,0.035876,0.990262,0.089447,0.994941,84.842041,87.925125
4.0098977,0.031605,0.983795,0.091643,0.988559,84.680809,88.159950
4.0202041,0.028433,0.974277,0.094572,0.979269,84.458061,88.328392
4.0298901,0.025870,0.957437,0.101528,0.963152,83.949097,88.452240
4.0396128,0.025748,0.939864,0.111290,0.946781,83.249512,88.430748
4.0496941,0.029043,0.921682,0.121785,0.930147,82.476639,88.195168
4.0598497,0.042222,0.916069,0.132523,0.926567,81.777023,87.361084
4.0696168,0.070899,0.927540,0.132523,0.939638,81.892181,85.628967
4.0795999,0.134720,0.945844,0.125934,0.963654,82.490921,81.893700
4.0896149,0.218797,0.940108,0.137282,0.974948,81.905289,76.898422
4.0995989,0.300434,0.916557,0.163762,0.978343,80.364044,71.851585
4.1100426,0.365110,0.870796,0.168277,0.959119,79.895149,67.252548
4.1203737,0.422097,0.810758,0.179992,0.931607,78.860046,62.497608
4.1304660,0.461390,0.729975,0.210621,0.888879,76.293304,57.704540
4.1397276,0.473715,0.629668,0.231488,0.821264,73.628250,53.044922
4.1496320,0.464563,0.529726,0.233441,0.742242,71.668907,48.749664
4.1608090,0.435520,0.430761,0.226119,0.652965,69.739067,44.685238
4.1696706,0.385488,0.321667,0.225143,0.550237,65.847015,39.843014
4.1800208,0.325816,0.198663,0.223068,0.442021,59.691521,31.372242
4.1897349,0.256748,0.067604,0.218065,0.343573,50.602386,14.751605
4.1999688,0.195612,-0.058940,0.159125,0.258957,52.085472,343.231934
4.2105899,0.071875,-0.166203,0.213794,0.280174,40.263794,293.386169
4.2201138,0.071875,-0.317030,0.213794,0.389079,56.668083,282.773773
4.2302160,0.154854,-0.400742,0.234295,0.489355,61.394028,291.127472
4.2402759,0.288720,-0.364500,0.154122,0.489870,71.662216,308.382721
4.2497177,0.404403,-0.030629,0.030141,0.406680,85.749626,355.668732
4.2596006,0.466027,0.129960,-0.061869,0.487749,97.287315,15.582128
4.2698889,0.494826,0.232098,-0.107751,0.557075,101.152626,25.128952
4.2796669,0.497145,0.255284,-0.125445,0.572765,102.651329,27.180508
4.2898850,0.449920,0.194026,-0.153390,0.513422,107.383148,23.327875
4.2996240,0.354127,0.101284,-0.163030,0.402794,113.875343,15.961041
4.3098278,0.232465,0.019769,-0.108972,0.257498,115.036362,4.860703
4.3197060,0.102870,-0.031727,-0.072973,0.130054,124.131889,342.859070
4.3296165,-0.047835,-0.047347,-0.102626,0.122728,146.742050,224.706177
4.3403707,-0.208425,0.001098,-0.183653,0.277796,131.384415,179.698090
4.3501377,-0.363645,0.134598,-0.300679,0.490675,127.791183,159.688766
4.3598180,-0.529116,0.305194,-0.411847,0.736698,123.989685,150.023697
4.3696041,-0.625763,0.510324,-0.468590,0.933588,120.127365,140.801987
4.3796196,-0.695075,0.751208,-0.467248,1.125062,114.538750,132.777344
4.3897219,-0.680676,1.049080,-0.508371,1.349937,112.122551,122.976753
4.3999319,-0.620027,1.351101,-0.573779,1.593465,111.105255,114.650642
4.4098506,-0.687997,1.654830,-0.842974,1.980507,115.190880,112.575150
4.4196930,-0.808196,1.966125,-1.026627,2.360676,115.778091,112.345604
4.4295440,-0.823327,2.224582,-1.080685,2.606628,114.493584,110.309731
4.4398079,-0.867624,2.225436,-0.926075,2.561826,111.191750,111.299156
4.4498649,-0.535950,2.125739,-0.712891,2.305259,108.013771,104.150726
4.4624968,-0.177186,1.947943,-0.352297,1.987458,100.210197,95.197342
4.4798288,0.037829,1.576000,0.093352,1.579215,86.611107,88.624985
4.4895759,0.124713,1.496437,-0.046981,1.502360,91.792015,85.235970
4.4996238,0.128862,1.488993,-0.233441,1.512680,98.877510,85.053764
4.5096202,0.153512,1.579172,-0.309221,1.616468,101.028305,84.447701
4.5198627,0.120076,1.643848,-0.167057,1.656672,95.787491,85.822205
4.5294719,0.063211,1.619442,-0.077610,1.622532,92.741661,87.764740
4.5395060,0.010128,1.581857,-0.033436,1.582243,91.210861,89.633148
4.5501390,0.002074,1.652390,-0.039049,1.652852,91.353760,89.928070
4.5595498,0.031727,1.869112,0.036975,1.869747,88.866890,89.027519
4.5701509,0.101406,2.459121,0.281642,2.477273,83.471909,87.638657
4.5796909,0.234295,3.335652,0.453214,3.374444,82.281403,85.982162
4.5897727,-0.032338,3.399961,0.276639,3.411351,85.348572,90.544930
4.5995688,-0.276029,3.046201,-0.624665,3.121816,101.542603,95.177666
4.6105537,-0.798555,2.583956,-1.661298,3.174024,121.560883,107.173431
4.6196890,-1.080564,2.140992,-1.323889,2.739370,118.899986,116.780182
4.6299152,-0.544980,1.883024,-0.310075,1.984673,98.988411,106.141365
4.6398611,-0.043198,1.960146,-0.192805,1.970079,95.616341,91.262489
4.6499586,0.068702,2.104017,-0.069678,2.106292,91.895752,88.129799
4.6606636,-0.023063,2.170035,-0.217455,2.181025,95.722076,90.608925
4.6698489,-0.141675,2.156734,-0.409284,2.199792,100.722687,93.758347
4.6796966,-0.277127,2.083029,-0.645775,2.198371,107.082710,97.578156
4.6897593,-0.363401,2.028726,-0.713135,2.180906,109.086205,100.155563
4.6996217,-0.385854,2.026407,-0.718016,2.184206,109.191772,100.780807
4.7098899,-0.484454,1.941597,-0.581588,2.083925,106.205498,104.009972
4.7197042,-0.591961,1.982599,-0.413311,2.109963,101.296455,106.624481
4.7295790,-0.703129,2.036047,-0.223312,2.165583,95.918793,109.051849
4.7397809,-0.704593,2.031411,-0.057353,2.150900,91.527962,109.129066
4.7498188,-0.504954,1.926100,0.012081,1.991227,89.652382,104.690300
4.7611060,-0.194514,1.752209,0.068214,1.764292,87.784180,96.334496
4.7698989,0.078464,1.579539,0.138136,1.587508,85.008118,87.156143
4.7797108,0.233197,1.448480,0.138136,1.473620,84.621223,80.854195
4.7897701,0.314712,1.353786,0.085298,1.392499,86.488129,76.913002
4.7998476,0.276883,1.266901,0.044418,1.297565,88.038261,77.671776
4.8100739,0.145214,1.173183,0.023552,1.182371,88.858658,82.943939
4.8198156,-0.040025,1.079343,-0.011715,1.080149,90.621414,92.123734
4.8296475,-0.224411,0.988798,-0.089447,1.017881,95.041405,102.786842
4.8397059,-0.386465,0.893616,-0.176941,0.989551,100.300438,113.387177
4.8495808,-0.502758,0.782692,-0.246498,0.962358,104.841110,122.714455
4.8599157,-0.573046,0.664202,-0.263582,0.915981,106.723839,130.786301
4.8698134,-0.592205,0.566091,-0.272734,0.863452,108.413025,136.291534
4.8796892,-0.570606,0.492263,-0.282130,0.804681,110.524704,139.215561
4.8896136,-0.528628,0.454679,-0.316908,0.765905,114.441849,139.300812
4.9001679,-0.484820,0.428809,-0.330331,0.726668,117.038170,138.508194
4.9101272,-0.464929,0.399644,-0.333748,0.698042,118.562744,139.318298
4.9197268,-0.445038,0.369015,-0.304583,0.653454,117.782288,140.335342
4.9304967,-0.409040,0.340826,-0.261019,0.592965,116.116234,140.197784
4.9398460,-0.339972,0.317763,-0.215014,0.512626,114.799080,136.933929
4.9498982,-0.263948,0.292625,-0.167179,0.428073,112.988037,132.050522
4.9597239,-0.207327,0.283595,-0.120930,0.371530,108.995453,126.169312
4.9697080,-0.174989,0.288598,-0.076756,0.346123,102.812378,121.230209
4.9800329,-0.136672,0.316664,-0.034900,0.346661,95.778061,113.344994
4.9900088,-0.116537,0.355713,-0.010006,0.374450,91.531281,108.139610
4.9999790,-0.124103,0.401230,0.003295,0.419998,89.550522,107.187180
5.0099092,-0.157173,0.449187,-0.015254,0.476136,91.835854,109.285194
5.0197067,-0.180846,0.499463,-0.050032,0.533547,95.380646,109.904388
5.0298963,-0.194514,0.550837,-0.074682,0.588927,97.285271,109.449333
5.0398216,-0.197320,0.601479,-0.111778,0.642812,100.014046,108.162514
5.0498381,-0.198419,0.641138,-0.156197,0.689076,103.101425,107.196175
5.0596046,-0.198907,0.663104,-0.196954,0.719765,105.880806,106.697311
5.0700397,-0.198663,0.670303,-0.174135,0.720483,103.986412,106.508621
5.0797710,-0.194392,0.664934,-0.181945,0.716261,104.715538,106.296135
5.0898347,-0.194392,0.661273,-0.170840,0.710110,103.920921,106.381523
5.0995450,-0.197198,0.666642,-0.156197,0.712528,102.662910,106.478645
5.1098270,-0.200005,0.667619,-0.130937,0.709127,100.640434,106.677147
5.1195078,-0.195978,0.666520,-0.099941,0.701887,98.186150,106.384995
5.1296606,-0.182067,0.653829,-0.074193,0.682749,96.238579,105.560509
5.1397419,-0.170230,0.631132,-0.061991,0.656619,95.417282,105.094704
5.1498427,-0.163518,0.608801,-0.049666,0.632332,94.504860,105.034302
5.1597290,-0.163884,0.593913,-0.039537,0.617377,93.671776,105.426315
5.1698380,-0.167911,0.588300,-0.030629,0.612560,92.866096,105.929695
5.1798038,-0.149363,0.627349,-0.040025,0.646126,93.551559,103.391998
5.1899886,-0.120442,0.659321,-0.039537,0.671396,93.375992,100.352432
5.1995854,-0.093718,0.684337,-0.031727,0.691452,92.629951,97.797989
5.2097030,-0.072485,0.696905,-0.013667,0.700798,91.117470,95.937973
5.2197518,-0.062113,0.697150,-0.001464,0.699913,90.119873,95.091324
5.2302737,-0.071631,0.690804,0.006223,0.694536,89.486588,95.919952
5.2396770,-0.096525,0.688241,0.007444,0.695017,89.386337,97.983559
5.2498398,-0.111412,0.708010,0.001830,0.716725,89.853676,98.942703
5.2597318,-0.107385,0.743520,-0.007078,0.751268,90.539787,98.218292
5.2696695,-0.094694,0.784766,-0.016596,0.790633,91.202766,96.880363
5.2807927,-0.086030,0.818080,-0.016718,0.822761,91.164291,96.003220
5.2898464,-0.084078,0.846513,-0.008298,0.850718,90.558876,95.672157
5.2997508,-0.076878,0.873359,-0.005003,0.876750,90.326958,95.030533
5.3097820,-0.070166,0.892273,-0.009030,0.895073,90.578049,94.496361
5.3200765,-0.084688,0.903988,-0.016352,0.908094,91.031769,95.351990
5.3304424,-0.114097,0.911066,-0.023674,0.918488,91.476936,97.138237
5.3400741,-0.120930,0.919974,-0.032948,0.928473,92.033623,97.488586
5.3497438,-0.100918,0.939010,-0.034412,0.945044,92.086784,96.134171
5.3597145,-0.079807,0.959511,-0.025504,0.963162,91.517334,94.754593
5.3697386,-0.072363,0.971104,-0.000488,0.973796,90.028717,94.261589
5.3798060,-0.076268,0.974643,0.032094,0.978149,88.119759,94.474403
5.3898020,-0.076024,0.968297,0.058208,0.973019,86.570427,94.489250
5.4000378,-0.067116,0.955240,0.066262,0.959885,86.041679,94.019028
5.4098668,-0.054059,0.944746,0.068458,0.948764,85.862228,93.274918
5.4200621,-0.043320,0.945722,0.078464,0.949960,85.262108,92.622681
5.4299097,-0.035754,0.963904,0.095792,0.969312,84.328476,92.124313
5.4402738,-0.024162,0.992337,0.109582,0.998661,83.700325,91.394775
5.4507809,-0.014277,1.015644,0.112754,1.021984,83.665718,90.805382
5.4597888,-0.010861,1.028457,0.109216,1.034297,83.938606,90.605026
5.4705439,-0.011349,1.029067,0.101406,1.034114,84.372498,90.631836
5.4794049,-0.015376,1.020037,0.091399,1.024239,84.880318,90.863586
5.4896197,-0.022453,1.005760,0.084078,1.009518,85.222588,91.278900
5.4995441,-0.022331,0.993069,0.079929,0.996531,85.399536,91.288200
5.5096822,-0.017938,0.991116,0.077244,0.994284,85.544304,91.036880
5.5195718,-0.025504,0.997340,0.078220,1.000728,85.516991,91.464851
5.5296187,-0.036731,1.008201,0.083224,1.012296,85.284241,92.086472
5.5397649,-0.032704,1.008566,0.091643,1.013250,84.810783,91.857216
5.5503578,-0.021111,0.999658,0.100674,1.004937,84.250519,91.209801
5.5596075,-0.010861,0.986357,0.106897,0.992192,83.815048,90.630844
5.5698318,-0.004759,0.975619,0.109948,0.981806,83.570229,90.279488
5.5795660,0.000976,0.971836,0.108239,0.977846,83.644806,89.942444
5.5896788,0.008176,0.976229,0.104212,0.981810,83.906960,89.520157
5.5996442,0.014033,0.984771,0.103968,0.990343,83.973862,89.183571
5.6098609,0.017206,0.997218,0.107263,1.003118,83.861641,89.011513
5.6194997,0.020135,1.007102,0.109826,1.013273,83.777649,88.854652
5.6301847,0.014765,1.005394,0.111656,1.011683,83.663536,89.158600
5.6397429,0.007932,0.995632,0.119344,1.002790,83.164917,89.543556
5.6499228,0.003783,0.984527,0.132523,0.993413,82.333786,89.779854
5.6596322,0.004759,0.978426,0.137892,0.988106,81.978065,89.721313
5.6697578,0.005613,0.981232,0.137892,0.990890,82.000748,89.672234
5.6799412,0.007444,0.991361,0.139601,1.001169,81.984688,89.569794
5.6897140,0.002807,1.005150,0.138991,1.014718,82.127182,89.840012
5.6996927,-0.000732,1.017963,0.129350,1.026148,82.758362,90.041206
5.7098155,0.005491,1.021502,0.124347,1.029057,83.059647,89.692001
5.7196250,0.015254,1.016254,0.129716,1.024613,82.726814,89.140076
5.7302337,0.019891,1.005028,0.138625,1.014738,82.148209,88.866196
5.7401156,0.019769,0.997096,0.149363,1.008415,81.482201,88.864189
5.7497458,0.023796,0.994655,0.156197,1.007126,81.077896,88.629547
5.7600627,0.029653,0.998072,0.158881,1.011074,80.959007,88.298233
5.7704139,0.038073,1.002587,0.159980,1.015984,80.940353,87.825256
5.7799969,0.044296,1.002099,0.160712,1.015871,80.897514,87.468971
5.7898216,0.044540,0.994655,0.164251,1.009109,80.632408,87.436020
5.8003559,0.038073,0.984893,0.166569,0.999605,80.407776,87.786224
5.8097091,0.029409,0.977327,0.168033,0.992103,80.248756,88.276428
5.8196659,0.025748,0.973910,0.170962,0.989137,80.047035,88.485580
5.8296599,0.020867,0.971836,0.173159,0.987362,79.899521,88.769958
5.8403721,0.015010,0.971592,0.176209,0.987556,79.721687,89.114944
5.8499050,0.012325,0.976229,0.178650,0.992517,79.630432,89.276680
5.8597150,0.014887,0.988066,0.176453,1.003808,79.875717,89.136772
5.8701124,0.022453,0.994655,0.171450,1.009573,80.222389,88.706833
5.8797460,0.024528,0.996120,0.181579,1.012831,79.672279,88.589478
5.8900585,0.029531,0.996974,0.197564,1.016789,78.796043,88.303360
5.8996768,0.031361,0.976961,0.159613,0.990411,80.725830,88.161385
5.9098711,0.007322,0.970982,0.155342,0.983357,80.910820,89.567970
5.9201813,-0.003051,0.980378,0.162664,0.993786,80.579361,90.178291
5.9297595,0.001830,0.989408,0.149119,1.000584,81.429169,89.894005
5.9396429,0.005491,0.996120,0.142163,1.006228,81.877884,89.684151
5.9503002,0.008054,1.003075,0.146922,1.013810,81.667290,89.539970
5.9596820,0.010983,1.004540,0.149363,1.015643,81.543259,89.373611
5.9697428,0.012569,1.000513,0.152048,1.012078,81.359566,89.280258
5.9795537,0.017206,0.999536,0.164861,1.013187,80.635483,89.013809
5.9895449,0.026114,1.003563,0.174989,1.019040,80.112190,88.509422
5.9994626,0.038073,1.002465,0.175233,1.018377,80.091751,87.824989
6.0098968,0.046859,1.005882,0.185361,1.023891,79.569870,87.332802
6.0194750,0.056987,1.006980,0.196954,1.027642,78.950531,86.760956
6.0296979,0.064431,0.999780,0.204886,1.022590,78.441994,86.312660
6.0396366,0.066384,0.990384,0.211842,1.014961,77.952698,86.165306
6.0494676,0.065895,0.982696,0.218919,1.008940,77.468315,86.163734
6.0594687,0.063821,0.974765,0.227339,1.002957,76.898956,86.254005
6.0694480,0.061258,0.968175,0.232587,0.997603,76.517677,86.379608
6.0800428,0.054303,0.967321,0.233807,0.996656,76.432472,86.786942
6.0899091,0.044418,0.969761,0.221238,0.995669,77.161697,87.377487
6.0995030,0.044418,0.974643,0.221238,1.000424,77.223755,87.390602
6.1099968,0.025382,0.984283,0.201469,1.005011,78.435860,88.522827
6.1196451,0.026602,1.004662,0.179138,1.020854,79.893494,88.483231
6.1295452,0.023796,1.014668,0.157539,1.027101,81.177017,88.656570
6.1398778,0.007566,1.003685,0.149241,1.014748,81.542725,89.568115
6.1494861,-0.005247,0.983551,0.154122,0.995567,81.094315,90.305672
6.1595879,-0.013423,0.967565,0.157295,0.980359,80.767204,90.794823
6.1699018,-0.009884,0.962074,0.163274,0.975880,80.368561,90.588638
6.1798420,0.003783,0.965368,0.174623,0.981042,79.746864,89.775482
6.1900439,0.017328,0.970128,0.185850,0.987921,79.156799,88.976715
6.2000251,0.021721,0.968785,0.190243,0.987527,78.892784,88.715591
6.2098608,0.018182,0.964636,0.189510,0.983244,78.887260,88.920166
6.2197456,0.012691,0.967077,0.185361,0.984763,79.150520,89.248146
6.2300167,0.007932,0.970372,0.175233,0.986099,79.763985,89.531670
6.2397742,-0.000976,0.976351,0.167423,0.990602,80.269646,90.057289
6.2505097,-0.004637,0.982575,0.163274,0.996059,80.565475,90.270393
6.2598147,-0.005003,0.983795,0.157295,0.996303,80.916214,90.291382
6.2697620,-0.005247,0.986723,0.153512,0.998607,81.157082,90.304688
6.2802277,0.000122,0.988798,0.151560,1.000346,81.285721,89.992928
6.2902336,0.007200,0.990750,0.149363,1.001972,81.427017,89.583641
6.2996826,0.012813,0.991116,0.148875,1.002317,81.458206,89.259331
6.3096509,0.019281,0.986968,0.154610,0.999190,81.098541,88.880859
6.3206339,0.025016,0.985015,0.165105,0.999070,80.487747,88.545204
6.3297405,0.037707,0.983185,0.179748,1.000192,79.646912,87.803680
6.3396707,0.034046,0.968785,0.172793,0.984663,79.893181,87.987282
6.3498321,0.013301,0.944746,0.120320,0.952469,82.742752,89.193382
