Keuwl Accelerometer Data File
2019-06-28 13-20-49

Time (s), X (m/s2), Y (m/s2), Z (m/s2), R (m/s2), Theta (deg), Phi (deg)
0.0000000,-0.165837,0.987700,-0.111046,1.007662,96.326942,99.531181
0.0095932,-0.175843,0.965735,-0.119466,0.988856,96.938988,100.319496
0.0194058,-0.155831,0.973178,-0.055401,0.987131,93.217316,99.097282
0.0292785,-0.121052,0.975375,-0.021721,0.983098,91.266029,97.074722
0.0392664,-0.087983,0.973544,0.022209,0.977764,88.698456,95.163994
0.0492439,-0.060282,0.970860,0.059550,0.974551,86.496758,93.553017
0.0592756,-0.050642,0.953166,0.085542,0.958335,84.878899,93.041275
0.0694705,-0.053204,0.955972,0.094328,0.962087,84.373375,93.185501
0.0793549,-0.056133,0.977693,0.103480,0.984756,83.968094,93.285965
0.0894821,-0.051374,0.998926,0.113975,1.006719,83.499374,92.944084
0.0996572,-0.027823,1.025406,0.126056,1.033500,82.994217,91.554237
0.1094898,-0.016596,1.022478,0.112632,1.028797,83.714676,90.929886
0.1193701,-0.024406,1.013814,0.094816,1.018530,84.658531,91.379028
0.1293612,-0.044662,1.035901,0.065529,1.038932,86.383736,92.468758
0.1393843,-0.064797,1.037975,0.035998,1.040619,88.017555,93.572144
0.1495568,-0.079685,1.036267,0.013545,1.039415,89.253326,94.397156
0.1594346,-0.093474,1.038342,0.000122,1.042541,89.993294,95.144035
0.1694154,-0.117147,1.015766,0.001952,1.022501,89.890594,96.578812
0.1794904,-0.123737,0.998804,0.003539,1.006446,89.798538,97.062119
0.1894239,-0.102626,0.998072,0.009518,1.003380,89.456474,95.870766
0.1995001,-0.072119,1.001245,0.082247,1.007203,85.316063,94.119858
0.2095217,-0.031971,0.993679,0.091888,0.998431,84.719482,91.842850
0.2194700,0.019647,1.002099,0.099209,1.007190,84.347137,88.876831
0.2295137,0.010128,1.006980,0.100674,1.012051,84.291069,89.423729
0.2393775,-0.014643,0.998804,0.086030,1.002609,85.077606,90.839951
0.2493354,-0.045395,0.991849,0.059062,0.994642,86.595772,92.620468
0.2593869,-0.071509,0.989896,0.027578,0.992859,88.408302,94.131790
0.2694286,-0.089935,0.990628,0.002685,0.994706,89.845360,95.187431
0.2793800,-0.101894,0.995265,-0.012325,1.000544,90.705795,95.845497
0.2893021,-0.110680,0.998072,-0.023307,1.004461,91.329605,96.327888
0.2993747,-0.115439,1.003319,-0.028799,1.010349,91.633369,96.563431
0.3094885,-0.113243,1.006370,-0.026236,1.013061,91.484009,96.420242
0.3196344,-0.106043,1.006858,-0.015986,1.012553,90.904602,96.012260
0.3296299,-0.095792,1.004906,0.001220,1.009462,89.930740,95.445259
0.3394826,-0.087372,1.002343,0.020745,1.006358,88.818832,94.981781
0.3495570,-0.076024,1.000635,0.036609,1.004186,87.910767,94.344734
0.3596151,-0.063211,1.001489,0.049056,1.004680,87.201309,93.611542
0.3695588,-0.053571,1.001977,0.058330,1.005102,86.673050,93.060394
0.3795120,-0.046859,0.999658,0.061380,1.002637,86.490219,92.683777
0.3895577,-0.046371,0.996730,0.063333,0.999816,86.368195,92.663651
0.3995545,-0.049544,0.994289,0.061014,0.997391,86.492805,92.852585
0.4095064,-0.054181,0.991971,0.056133,0.995034,86.766037,93.126350
0.4195009,-0.057964,0.990872,0.052960,0.993978,86.945763,93.347847
0.4296216,-0.061624,0.990262,0.049422,0.993408,87.148384,93.560951
0.4398040,-0.063333,0.990750,0.047835,0.993924,87.241425,93.657608
0.4496676,-0.063333,0.992947,0.047347,0.996091,87.275536,93.649536
0.4596270,-0.061014,0.994533,0.048567,0.997586,87.209457,93.510681
0.4695692,-0.058940,0.995754,0.050276,0.998763,87.114624,93.387451
0.4795378,-0.055401,0.996852,0.051984,0.999743,87.019417,93.180992
0.4894870,-0.053204,0.998682,0.054913,1.001605,86.857185,93.049530
0.4994192,-0.051008,1.001733,0.055523,1.004566,86.831612,92.914970
0.5095453,-0.048201,1.003563,0.055523,1.006253,86.836929,92.749809
0.5196603,-0.048445,1.004784,0.053204,1.007357,86.972466,92.760361
0.5295428,-0.051862,1.006126,0.051618,1.008783,87.066971,92.950783
0.5393826,-0.056865,1.005760,0.047347,1.008478,87.309029,93.236038
0.5494555,-0.060404,1.007346,0.044296,1.010127,87.486641,93.431557
0.5595464,-0.063699,1.007468,0.040758,1.010303,87.687950,93.617813
0.5697604,-0.068580,1.007224,0.037463,1.010251,87.874832,93.895157
0.5796608,-0.073217,1.006004,0.034900,1.009268,88.018333,94.162659
0.5896031,-0.075902,1.006126,0.030873,1.009457,88.247391,94.314201
0.5995852,-0.078342,1.005028,0.029775,1.008516,88.308182,94.457222
0.6096533,-0.080417,1.003075,0.028311,1.006692,88.388489,94.583618
0.6197153,-0.080295,1.001245,0.028067,1.004851,88.399460,94.585022
0.6296163,-0.078953,0.999903,0.027578,1.003394,88.425018,94.514717
0.6395913,-0.076878,0.998560,0.028555,1.001922,88.366852,94.402451
0.6496883,-0.074315,0.997950,0.027823,1.001100,88.407433,94.258850
0.6597128,-0.072851,0.996730,0.029043,0.999810,88.335419,94.180321
0.6697116,-0.070533,0.995754,0.029775,0.998692,88.291534,94.051682
0.6796425,-0.069068,0.996608,0.030995,0.999479,88.222893,93.964447
0.6896439,-0.066384,0.999048,0.031483,1.001746,88.198982,93.801537
0.6997311,-0.064675,0.999536,0.034900,1.002235,88.004425,93.702171
0.7097687,-0.062845,0.996608,0.036487,0.999254,87.907448,93.608215
0.7196245,-0.063943,0.995632,0.037829,0.998400,87.828575,93.674690
0.7295104,-0.064919,0.997340,0.038805,1.000204,87.776527,93.724266
0.7395369,-0.065529,0.997218,0.038805,1.000122,87.776344,93.759628
0.7497531,-0.062479,1.000025,0.038317,1.002707,87.809990,93.575027
0.7596382,-0.059672,1.000513,0.038195,1.003018,87.817650,93.413162
0.7695063,-0.057720,1.003197,0.040025,1.005653,87.719002,93.292915
0.7797918,-0.058696,1.006004,0.042588,1.008614,87.580009,93.339165
0.7896281,-0.057598,1.009055,0.042466,1.011589,87.594048,93.266937
0.8002797,-0.055645,1.010397,0.044540,1.012908,87.479729,93.152237
0.8101015,-0.054059,1.011129,0.047469,1.013685,87.315956,93.060326
0.8202399,-0.054303,1.011129,0.049910,1.013816,87.178215,93.074120
0.8300956,-0.054059,1.009787,0.052350,1.012587,87.036514,93.064392
0.8398330,-0.052838,1.008566,0.052594,1.011318,87.018944,92.998962
0.8496171,-0.050642,1.008689,0.052716,1.011334,87.012070,92.874161
0.8598842,-0.050154,1.007468,0.051618,1.010036,87.070610,92.849945
0.8696008,-0.048811,1.007102,0.049178,1.009483,87.207695,92.774796
0.8795590,-0.050032,1.006614,0.048445,1.009020,87.248039,92.845428
0.8895196,-0.049056,1.006248,0.046981,1.008538,87.330009,92.791008
0.8995745,-0.049666,1.004784,0.044907,1.007012,87.444115,92.829781
0.9098269,-0.050764,1.002709,0.044662,1.004986,87.452888,92.898224
0.9199916,-0.051252,1.001367,0.044540,1.003667,87.456505,92.929962
0.9296885,-0.050642,1.001123,0.042222,1.003292,87.588089,92.895844
0.9395389,-0.049056,1.000513,0.041124,1.002558,87.649139,92.806984
0.9496056,-0.048811,0.999292,0.041734,1.001354,87.611374,92.796448
0.9595760,-0.048689,0.996242,0.040758,0.998263,87.660049,92.797997
0.9700781,-0.048323,0.996974,0.040391,0.998961,87.682701,92.774956
0.9797847,-0.048201,0.997950,0.039415,0.999891,87.740837,92.765259
0.9896490,-0.046615,0.997706,0.040391,0.999611,87.684204,92.675034
1.0002662,-0.046615,0.995021,0.042344,0.997012,87.565872,92.682243
1.0100487,-0.047591,0.992947,0.042100,0.994978,87.574959,92.744041
1.0197560,-0.051252,0.992093,0.040514,0.994241,87.664658,92.957298
1.0295812,-0.052594,0.995265,0.037585,0.997363,87.840340,93.024956
1.0395668,-0.049910,0.997340,0.036365,0.999250,87.914444,92.864853
1.0495330,-0.048201,0.998804,0.036731,1.000641,87.896370,92.762894
1.0595777,-0.047591,0.997584,0.037951,0.999439,87.823830,92.731308
1.0694990,-0.048445,0.995876,0.040025,0.997856,87.701172,92.785019
1.0794957,-0.047957,0.997828,0.041002,0.999821,87.649704,92.751610
1.0897654,-0.044785,0.997706,0.041978,0.999592,87.593155,92.570137
1.0998495,-0.042222,0.996974,0.045395,0.998899,87.395317,92.425034
1.1095424,-0.039903,0.994777,0.048689,0.996767,87.200142,92.297066
1.1196699,-0.040636,0.993557,0.048689,0.995579,87.196793,92.342033
1.1294611,-0.041368,0.993313,0.049422,0.995402,87.154099,92.384773
1.1396072,-0.044907,0.996242,0.045273,0.998280,87.400711,92.580917
1.1495007,-0.051740,0.998682,0.042710,1.000933,87.554436,92.965752
1.1598130,-0.054913,0.999170,0.040758,1.001508,87.667633,93.145721
1.1696357,-0.057842,1.001489,0.037951,1.003875,87.833450,93.305481
1.1794745,-0.058940,1.003685,0.035388,1.006037,87.984154,93.360741
1.1893973,-0.060892,1.005150,0.034168,1.007572,88.056656,93.466759
1.1993879,-0.062479,1.004540,0.032094,1.006992,88.173637,93.558998
1.2093951,-0.062479,1.005638,0.031727,1.008076,88.196419,93.555122
1.2196282,-0.062845,1.005150,0.031239,1.007597,88.223328,93.577637
1.2295632,-0.062357,1.007468,0.032704,1.009926,88.144310,93.541771
1.2400783,-0.061746,1.007712,0.033680,1.010164,88.089348,93.506355
1.2499583,-0.062845,1.006370,0.033680,1.008893,88.086937,93.573303
1.2599304,-0.066506,1.006736,0.033680,1.009493,88.088074,93.779503
1.2700728,-0.070777,1.006126,0.031971,1.009119,88.184418,94.023880
1.2796975,-0.073949,1.004296,0.029409,1.007444,88.327209,94.211266
1.2895985,-0.077122,1.003197,0.028189,1.006552,88.395218,94.396042
1.2996203,-0.078953,1.000635,0.025870,1.004078,88.523613,94.511429
1.3094343,-0.079197,0.999536,0.023063,1.002934,88.682312,94.530273
1.3193543,-0.078586,0.998438,0.021477,1.001756,88.771523,94.500435
1.3293864,-0.076634,1.000147,0.023918,1.003363,88.634087,94.381599
1.3394089,-0.069556,1.005638,0.032338,1.008559,88.162605,93.956642
1.3492980,-0.058818,1.019427,0.046737,1.022192,87.379395,93.302132
1.3593317,-0.040514,1.038952,0.061624,1.041566,86.608101,92.233093
1.3692809,-0.020501,1.052375,0.066628,1.054681,86.378029,91.116013
1.3794751,-0.000976,1.053961,0.068214,1.056167,86.296898,90.053070
1.3893372,0.011349,1.046762,0.071997,1.049296,86.065590,89.378838
1.3993793,0.009884,1.034315,0.079807,1.037436,85.588058,89.452477
1.4093462,-0.004393,1.018451,0.087983,1.022254,85.062599,90.247139
1.4193213,-0.025748,0.998804,0.092498,1.003409,84.710770,91.476692
1.4292969,-0.048323,0.982453,0.089691,0.987721,84.790016,92.815903
1.4394650,-0.066994,0.975009,0.073949,0.980101,85.672882,93.930664
1.4493417,-0.082369,0.973056,0.053937,0.978025,86.838615,94.838562
1.4593046,-0.095548,0.976107,0.033680,0.981350,88.033226,95.590714
1.4692514,-0.108605,0.979890,0.017328,0.986042,88.993073,96.324532
1.4793189,-0.116049,0.983551,0.002807,0.990377,89.837631,96.729218
1.4892596,-0.117025,0.987456,-0.009396,0.994410,90.541397,96.758720
1.4992479,-0.111656,0.993191,-0.018670,0.999622,91.070198,96.414352
1.5092436,-0.102504,0.994289,-0.021843,0.999798,91.251869,95.885986
1.5192380,-0.092010,0.994289,-0.016962,0.998681,90.973183,95.286980
1.5292126,-0.083712,0.991849,-0.009030,0.995416,90.519775,94.824310
1.5392299,-0.078708,0.988432,0.000366,0.991561,89.978844,94.552834
1.5492210,-0.076634,0.985625,0.011227,0.988664,89.349373,94.445892
1.5593752,-0.074315,0.986845,0.020623,0.989855,88.806198,94.306587
1.5692898,-0.073461,0.989774,0.025260,0.992818,88.542084,94.244720
1.5794140,-0.072485,0.990384,0.028433,0.993440,88.359947,94.185944
1.5894102,-0.072485,0.994655,0.031727,0.997798,88.177834,94.168030
1.5993887,-0.076634,0.999292,0.034656,1.002825,88.019547,94.385330
1.6097530,-0.083712,1.010641,0.041978,1.014971,87.629646,94.735016
1.6195092,-0.082979,1.017841,0.042344,1.022095,87.625641,94.660728
1.6294932,-0.077610,1.023820,0.041978,1.027615,87.658829,94.334991
1.6394148,-0.069556,1.022356,0.039781,1.025491,87.776794,93.892143
1.6496340,-0.063577,1.018207,0.041978,1.021053,87.643776,93.572914
1.6597332,-0.059916,1.008933,0.052228,1.012059,87.041885,93.398552
1.6694587,-0.060404,0.998194,0.062357,1.001962,86.431923,93.462944
1.6794879,-0.060282,0.988798,0.073461,0.993354,85.758949,93.488724
1.6895156,-0.058208,0.983917,0.080051,0.988882,85.356781,93.385620
1.6994665,-0.054181,0.985015,0.082613,0.989957,85.213013,93.148376
1.7094009,-0.050154,0.990506,0.085176,0.995426,85.091347,92.898666
1.7194755,-0.046249,0.992703,0.086152,0.997507,85.045334,92.667412
1.7293460,-0.044907,0.994777,0.082613,0.999211,85.257454,92.584709
1.7392992,-0.043320,0.994045,0.078464,0.998078,85.491013,92.495354
1.7494457,-0.039659,0.995143,0.072119,0.998541,85.858246,92.282196
1.7593465,-0.037463,0.997218,0.066994,1.000167,86.159309,92.151436
1.7693188,-0.035876,1.001367,0.060648,1.003843,86.536308,92.051880
1.7793065,-0.034534,0.998194,0.058086,1.000479,86.671661,91.981445
1.7893044,-0.035876,0.996364,0.062479,0.998965,86.414185,92.062180
1.7995399,-0.043076,0.993191,0.060648,0.995973,86.508904,92.483444
1.8094120,-0.052960,0.991361,0.051862,0.994128,87.009605,93.057945
1.8193567,-0.065895,0.990872,0.041246,0.993917,87.621651,93.804710
1.8294386,-0.076024,0.988554,0.032460,0.992004,88.124878,94.397621
1.8393484,-0.082247,0.986357,0.028189,0.990182,88.368675,94.766579
1.8493593,-0.085054,0.987944,0.024162,0.991893,88.604187,94.920570
1.8594273,-0.084444,0.991849,0.018914,0.995616,88.911446,94.866302
1.8704553,-0.081515,0.996730,0.015254,1.000174,89.126152,94.675392
1.8798417,-0.077244,1.000757,0.015620,1.003855,89.108459,94.413666
1.8895280,-0.072485,1.003197,0.015498,1.005932,89.117249,94.132668
1.8993602,-0.070166,1.004418,0.019158,1.007048,88.909912,93.996071
1.9094307,-0.066506,1.004296,0.023552,1.006771,88.659554,93.788658
1.9194391,-0.061746,1.001733,0.029165,1.004058,88.335495,93.527229
1.9301846,-0.057231,0.997462,0.035022,0.999716,87.992393,93.283859
1.9397049,-0.052350,0.995876,0.041246,0.998103,87.631630,93.009102
1.9494616,-0.046493,0.996364,0.044174,0.998426,87.464180,92.671631
1.9594539,-0.042466,0.996364,0.045639,0.998312,87.379761,92.440521
1.9693975,-0.037097,0.998316,0.045273,1.000030,87.405258,92.128090
1.9792805,-0.033680,1.000391,0.046371,1.002031,87.347580,91.928238
1.9894458,-0.029165,1.001611,0.047957,1.003183,87.259926,91.667862
1.9995471,-0.028433,1.002831,0.051618,1.004561,87.054634,91.624039
2.0094228,-0.028189,1.006126,0.053815,1.007958,86.939537,91.604836
2.0193081,-0.028189,1.007712,0.055279,1.009621,86.861359,91.602310
2.0292647,-0.026968,1.010763,0.057598,1.012762,86.739731,91.528358
2.0392394,-0.026480,1.010763,0.060892,1.012942,86.553627,91.500702
2.0492673,-0.026236,1.012471,0.062845,1.014759,86.449364,91.484375
2.0592482,-0.024406,1.011617,0.063821,1.013922,86.391151,91.382019
2.0693018,-0.023429,1.012594,0.063455,1.014850,86.415169,91.325478
2.0792515,-0.021477,1.013814,0.062479,1.015964,86.474258,91.213593
2.0896585,-0.022819,1.013204,0.062967,1.015415,86.444756,91.290199
2.0994270,-0.026236,1.012716,0.062113,1.014958,86.491463,91.484016
2.1095536,-0.033558,1.011251,0.060648,1.013624,86.569771,91.900635
2.1194146,-0.041368,1.005882,0.058818,1.008449,86.656326,92.355011
2.1295302,-0.050886,0.999414,0.054913,1.002214,86.859100,92.914742
2.1393478,-0.059184,0.992215,0.050764,0.995274,87.076363,93.413551
2.1493366,-0.063089,0.986968,0.047713,0.990132,87.237923,93.657478
2.1593003,-0.063821,0.981964,0.046493,0.985134,87.294952,93.718605
2.1692832,-0.065041,0.976107,0.044785,0.979296,87.378876,93.812172
2.1792829,-0.065041,0.972080,0.044662,0.975277,87.375244,93.827919
2.1893270,-0.062235,0.973544,0.044785,0.976559,87.371521,93.657700
2.1994405,-0.057964,0.977449,0.046859,0.980287,87.260147,93.393715
2.2093420,-0.050032,0.981232,0.048689,0.983713,87.162956,92.918907
2.2194972,-0.042588,0.987334,0.051740,0.989605,87.003006,92.469887
2.2293725,-0.034168,0.996486,0.056987,0.998699,86.728836,91.963821
2.2398851,-0.025260,1.002465,0.061624,1.004675,86.483398,91.443420
2.2501981,-0.015254,1.009177,0.064675,1.011362,86.333511,90.865952
2.2597358,-0.005369,1.013204,0.069678,1.015611,86.066002,90.303627
2.2694876,-0.002074,1.015644,0.073461,1.018300,85.863029,90.117027
2.2794795,-0.002319,1.018329,0.075048,1.021093,85.785110,90.130455
2.2894778,-0.005369,1.020037,0.073583,1.022702,85.874008,90.301590
2.2993462,-0.009640,1.022234,0.070655,1.024718,86.046303,90.540314
2.3093467,-0.013667,1.022722,0.068336,1.025093,86.177643,90.765633
2.3193815,-0.019647,1.022600,0.065895,1.024909,86.313683,91.100655
2.3292937,-0.024040,1.021258,0.064065,1.023547,86.411446,91.348450
2.3394051,-0.027945,1.019915,0.061502,1.022150,86.550446,91.569450
2.3493276,-0.028677,1.018695,0.059916,1.020858,86.635269,91.612480
2.3594935,-0.028921,1.017719,0.058818,1.019827,86.693672,91.627754
2.3695109,-0.028555,1.016010,0.059062,1.018126,86.674385,91.609856
2.3793480,-0.032216,1.011861,0.061869,1.014263,86.502869,91.823563
2.3893070,-0.038073,1.005760,0.065773,1.008627,86.261040,92.167892
2.3992951,-0.042222,1.002099,0.067604,1.005264,86.143959,92.412643
2.4094253,-0.046005,0.997584,0.066506,1.000856,86.189964,92.640396
2.4194348,-0.048811,0.991849,0.064309,0.995129,86.294746,92.817398
2.4294651,-0.049300,0.991727,0.061502,0.994854,86.455681,92.845879
2.4393637,-0.047103,0.996852,0.056987,0.999590,86.731750,92.705315
2.4492984,-0.040636,0.999536,0.055767,1.001915,86.809242,92.328041
2.4593878,-0.037585,1.000269,0.056255,1.002554,86.783333,92.151863
2.4694104,-0.041368,0.996486,0.059550,0.999120,86.583008,92.377190
2.4794123,-0.047957,0.992459,0.062845,0.995602,86.380951,92.766472
2.4905081,-0.053082,0.986845,0.065285,0.990426,86.220528,93.078972
2.4999962,-0.053082,0.986845,0.065285,0.990426,86.220528,93.078972
2.5096712,-0.053327,0.984771,0.067360,0.988511,86.092682,93.099609
2.5194993,-0.053815,0.985625,0.069312,0.989524,85.983368,93.125214
2.5303156,-0.048323,0.995387,0.068458,0.998908,86.070274,92.779373
2.5400860,-0.045761,0.996730,0.065529,0.999929,86.242485,92.628654
2.5500650,-0.047347,0.996242,0.065773,0.999533,86.226974,92.720978
2.5597522,-0.051496,0.994899,0.065163,0.998360,86.257622,92.962990
2.5695503,-0.053937,0.994655,0.064675,0.998214,86.285156,93.103905
2.5795710,-0.055279,0.992947,0.064065,0.996546,86.314079,93.186462
2.5895717,-0.055401,0.990506,0.062845,0.994043,86.375267,93.201332
2.5996461,-0.054547,0.986113,0.062601,0.989603,86.373138,93.166084
2.6095746,-0.053204,0.983673,0.062357,0.987082,86.378059,93.095970
2.6196468,-0.049300,0.982330,0.061136,0.985465,86.443199,92.873055
2.6294837,-0.041734,0.984649,0.064675,0.987653,86.245377,92.426994
2.6394968,-0.033192,0.990994,0.067238,0.993827,86.120667,91.918312
2.6494417,-0.024650,0.997340,0.069190,1.000041,86.032684,91.415810
2.6595654,-0.017572,1.002465,0.073827,1.005334,85.788658,91.004227
2.6694558,-0.011593,1.005516,0.079319,1.008706,85.489944,90.660538
2.6794527,-0.006834,1.008566,0.084810,1.012149,85.193443,90.388206
2.6894038,-0.001220,1.012349,0.089081,1.016262,84.971260,90.069061
2.6996856,0.004271,1.013570,0.093474,1.017880,84.730995,89.758568
2.7096136,0.009762,1.012349,0.097501,1.017081,84.498978,89.447502
2.7195594,0.010372,1.012594,0.100918,1.017663,84.308846,89.413116
2.7301199,0.010861,1.012349,0.099819,1.017317,84.369064,89.385353
2.7398031,0.006468,1.011739,0.098599,1.016553,84.433929,89.633743
2.7499566,0.003417,1.013326,0.097379,1.018000,84.510864,89.806808
2.7597558,-0.000488,1.018817,0.093108,1.023063,84.778351,90.027451
2.7695882,-0.002807,1.024308,0.089447,1.028210,85.009369,90.156990
2.7799010,-0.001830,1.027847,0.086396,1.031473,85.195274,90.102036
2.7897248,0.000244,1.028579,0.083346,1.031951,85.367455,89.986404
2.7997952,0.003661,1.026627,0.083101,1.029991,85.372246,89.795692
2.8095498,0.002319,1.024430,0.079441,1.027508,85.565819,89.870323
2.8195405,-0.000610,1.024430,0.076878,1.027311,85.708305,90.034126
2.8295832,-0.005613,1.023332,0.074804,1.026078,85.819290,90.314285
2.8396754,-0.014887,1.018817,0.074804,1.021668,85.801216,90.837173
2.8495009,-0.027578,1.017475,0.073827,1.020522,85.851448,91.552612
2.8594940,-0.040514,1.022356,0.074682,1.025880,85.825317,92.269310
2.8695502,-0.050398,1.028335,0.071997,1.032084,85.999870,92.805771
2.8795888,-0.058330,1.035169,0.068824,1.039093,86.202240,93.225090
2.8897781,-0.068092,1.039562,0.066872,1.043934,86.327263,93.747559
2.8996944,-0.076756,1.037243,0.066017,1.042172,86.368111,94.232170
2.9095149,-0.086518,1.030654,0.065529,1.036353,86.374725,94.798447
2.9194651,-0.095792,1.022112,0.067482,1.028806,86.239136,95.354126
2.9294810,-0.102504,1.012349,0.070899,1.019993,86.014214,95.781700
2.9394445,-0.107995,1.000635,0.075048,1.009240,85.735519,96.159912
2.9496655,-0.111778,0.988920,0.080051,0.998431,85.401283,96.448807
2.9595363,-0.115439,0.981354,0.084810,0.991753,85.094353,96.709007
2.9695723,-0.117514,0.974277,0.092742,0.985711,84.601273,96.877579
2.9795763,-0.118490,0.970494,0.100674,0.982870,84.120987,96.960922
2.9900308,-0.113975,0.967077,0.108239,0.979767,83.657326,96.721581
2.9997694,-0.104456,0.960975,0.123615,0.974508,82.712471,96.203606
3.0096483,-0.107141,0.956948,0.133011,0.972071,82.135384,96.388306
3.0195620,-0.114707,0.950237,0.139601,0.967262,81.701767,96.883102
3.0295215,-0.121785,0.944257,0.144726,0.963016,81.356606,97.349091
3.0394485,-0.128984,0.937912,0.149363,0.958449,81.034584,97.830360
3.0493853,-0.133865,0.931078,0.153268,0.953057,80.745674,98.181610
3.0594130,-0.136672,0.919974,0.158637,0.943502,80.320511,98.450104
3.0694580,-0.136672,0.910089,0.168033,0.935509,79.652542,98.540535
3.0794525,-0.133621,0.899229,0.176453,0.926069,79.015686,98.452049
3.0894330,-0.127154,0.893494,0.182921,0.920847,78.542313,98.099426
3.0993712,-0.114097,0.892029,0.189632,0.919073,78.092621,97.288956
3.1093640,-0.098111,0.893128,0.198052,0.920069,77.569321,96.268867
3.1193907,-0.078708,0.894592,0.205496,0.921259,77.111168,95.028084
3.1293323,-0.053937,0.893494,0.211110,0.919678,76.729584,93.454529
3.1394694,-0.023918,0.892395,0.216845,0.918675,76.347008,91.535248
3.1494188,0.010616,0.890931,0.221604,0.918139,76.033051,89.317284
3.1595531,0.048079,0.894470,0.228438,0.924430,75.693336,86.923218
3.1694577,0.083101,0.897765,0.235271,0.931794,75.374931,84.711494
3.1796055,0.114097,0.898009,0.246864,0.938285,74.745850,82.759064
3.1895113,0.140943,0.893982,0.262117,0.942217,73.847664,81.040627
3.1994653,0.169132,0.892883,0.274564,0.949332,73.188828,79.274002
3.2093766,0.196100,0.891663,0.288842,0.957574,72.443924,77.596619
3.2194855,0.221848,0.892761,0.296408,0.966487,72.140404,76.044868
3.2294269,0.250159,0.888735,0.301899,0.971376,71.892853,74.279289
3.2394946,0.276029,0.878972,0.305682,0.970683,71.644379,72.565842
3.2496581,0.297262,0.862620,0.309953,0.963612,71.236839,70.985886
3.2595961,0.314834,0.834676,0.311295,0.944833,70.763321,69.333878
3.2695918,0.333870,0.796481,0.310319,0.917687,70.235596,67.257454
3.2795870,0.351442,0.747059,0.312271,0.882679,69.281517,64.806091
3.2894821,0.365110,0.687875,0.305438,0.836522,68.584541,62.041584
3.2994866,0.374140,0.621370,0.290550,0.781345,68.169693,58.946972
3.3094566,0.375360,0.554132,0.273344,0.722962,67.784637,55.886925
3.3193631,0.371943,0.487260,0.248084,0.661294,67.966446,52.644211
3.3300149,0.364377,0.422219,0.223068,0.600666,68.199959,49.205616
3.3396089,0.351931,0.355469,0.192561,0.535998,68.945396,45.286625
3.3495078,0.336677,0.287133,0.156319,0.469289,70.543167,40.459045
3.3595436,0.324840,0.218309,0.119954,0.409352,72.960304,33.903118
3.3694553,0.310319,0.150095,0.103846,0.360014,73.234787,25.812159
3.3793643,0.284449,0.081637,0.085054,0.307912,73.964790,16.013548
3.3893733,0.246620,0.015498,0.046615,0.251465,79.317078,3.595749
3.3995023,0.199151,-0.037951,0.006834,0.202850,88.069450,349.210876
3.4094613,0.150339,-0.074193,-0.031483,0.170581,100.635826,333.733368
3.4197881,0.100674,-0.092010,-0.059916,0.148966,113.716591,317.574585
3.4305117,0.051130,-0.097501,-0.071143,0.131080,122.870514,297.672760
3.4400566,0.005979,-0.088959,-0.097379,0.132031,137.522934,273.845367
3.4497004,-0.046005,-0.074437,-0.096891,0.130557,137.913376,238.282578
3.4596915,-0.156197,-0.009640,-0.127032,0.201562,129.067505,183.531738
3.4696126,-0.201469,0.056377,-0.164006,0.265831,128.094223,164.366760
3.4796035,-0.260409,0.128618,-0.215503,0.361659,126.574898,153.714859
3.4896803,-0.365110,0.193781,-0.264314,0.490630,122.596764,152.042938
3.4997125,-0.505198,0.264436,-0.311295,0.649659,118.631012,152.371094
3.5096078,-0.629058,0.353151,-0.355469,0.804231,116.231506,150.690292
3.5199206,-0.718383,0.454557,-0.383048,0.932427,114.255547,147.676407
3.5297339,-0.800020,0.561332,-0.419901,1.063692,113.250854,144.944687
3.5397501,-0.816982,0.699834,-0.435764,1.160654,112.051956,139.416321
3.5499647,-0.817470,0.902524,-0.503856,1.317830,112.478554,132.169022
3.5600605,-0.789281,1.176234,-0.660907,1.563102,115.012596,123.862556
3.5704434,-0.836384,1.437863,-0.811246,1.850705,115.998291,120.185944
3.5802083,-0.839435,1.609313,-0.879582,2.016979,115.854599,117.547020
3.5899868,-0.757554,1.714502,-0.888490,2.074324,115.361473,113.838264
3.5998070,-0.471641,1.760385,-0.531191,1.898305,106.249672,104.998390
3.6095567,-0.157539,1.660321,-0.213550,1.681395,97.296715,95.420258
3.6196184,0.131425,1.594548,-0.150949,1.607060,95.389679,85.288254
3.6294453,0.259311,1.663494,-0.082247,1.685592,92.796822,81.139854
3.6395147,0.310929,1.805536,-0.087250,1.834189,92.726532,80.229004
3.6495080,0.191585,1.906209,-0.169010,1.923253,95.041481,84.260719
3.6597216,-0.094084,1.924635,-0.185484,1.935840,95.498260,92.798622
3.6695900,-0.447723,1.944404,-0.223678,2.007783,96.396355,102.967041
3.6796319,-0.763045,2.065701,-0.293357,2.221579,97.587997,110.273628
3.6896536,-0.970860,2.215552,-0.434178,2.457590,100.175751,113.663139
3.6997385,-0.942427,2.357837,-0.587934,2.606383,103.036674,111.786583
3.7097845,-0.757066,2.436424,-0.581832,2.616837,102.846619,107.261497
3.7197666,-0.520086,2.389809,-0.406965,2.479374,99.447304,102.277649
3.7296202,-0.330942,2.324767,-0.150339,2.353013,93.663254,98.101891
3.7395785,-0.211720,2.445942,-0.059306,2.455804,91.383789,94.947166
3.7497249,-0.253575,2.576391,-0.168399,2.594311,93.721748,95.621101
3.7595756,-0.334480,2.540514,-0.344609,2.585506,97.659454,97.500343
3.7694604,-0.354859,2.318178,-0.547786,2.408307,103.147408,98.703094
3.7795794,-0.258335,2.115244,-0.851760,2.294883,111.786934,96.963043
3.7895503,-0.196466,2.091815,-0.969395,2.313874,114.768257,95.365555
3.7996027,-0.309343,2.143067,-0.817348,2.314408,110.680489,98.213669
3.8097329,-0.449920,2.140260,-0.582809,2.263362,104.921593,101.871696
3.8197122,-0.470176,2.120857,-0.314590,2.195010,98.240028,102.499832
3.8296573,-0.413921,2.104384,-0.118124,2.147956,93.152489,101.127724
3.8398507,-0.320081,2.104628,-0.038439,2.129175,91.034447,98.647530
3.8496087,-0.221482,2.129888,-0.029165,2.141571,90.780304,95.936714
3.8596222,-0.143262,2.160761,-0.062723,2.166413,91.659081,93.793243
3.8695323,-0.105799,2.163201,-0.152170,2.171126,94.019035,92.800018
3.8796086,-0.118368,2.113658,-0.276639,2.134968,97.445045,93.205292
3.8900256,-0.272002,1.902060,-0.471397,1.978391,103.784615,98.138336
3.8998342,-0.272002,1.902060,-0.471397,1.978391,103.784615,98.138336
3.9096398,-0.368526,1.767096,-0.483477,1.868741,104.994026,101.780144
3.9195099,-0.430639,1.613951,-0.435032,1.726134,104.597481,104.939774
3.9294250,-0.406599,1.269464,-0.263094,1.358705,101.165031,107.759857
3.9394772,-0.354249,1.124006,-0.184751,1.192902,98.909576,107.493111
3.9495974,-0.282984,1.033949,-0.170962,1.085522,99.061409,105.306602
3.9596262,-0.207693,0.992093,-0.186948,1.030696,100.450165,101.823997
3.9695063,-0.164739,0.984649,-0.250769,1.029348,104.100243,99.498016
3.9798098,-0.155586,0.989042,-0.302509,1.045908,106.811928,98.939949
3.9897714,-0.174867,0.970006,-0.354493,1.047451,109.781494,100.219193
3.9997849,-0.220872,0.914849,-0.355103,1.005898,110.672218,103.573174
4.0096188,-0.282984,0.825646,-0.358642,0.943608,112.338364,108.918800
4.0197458,-0.360473,0.723020,-0.342168,0.877369,112.954094,116.499252
4.0296569,-0.442354,0.624665,-0.324352,0.831316,112.964882,125.304070
4.0396829,-0.500317,0.536560,-0.316420,0.798959,113.330887,132.998123
4.0496664,-0.505565,0.471153,-0.323254,0.762937,115.068184,137.017838
4.0597978,-0.466027,0.435032,-0.351442,0.727974,118.866333,136.970123
4.0696478,-0.427100,0.411603,-0.365964,0.696965,121.673744,136.058594
4.0796261,-0.396105,0.392078,-0.372309,0.670253,123.743523,135.292725
4.0896993,-0.373042,0.377557,-0.354981,0.638530,123.775146,134.655350
4.0996766,-0.354249,0.370235,-0.316176,0.602108,121.676033,133.735977
4.1095753,-0.340948,0.359862,-0.298726,0.578778,121.073189,133.453995
4.1195307,-0.335213,0.341436,-0.288964,0.558969,121.128464,134.473038
4.1295166,-0.316908,0.318251,-0.285669,0.532279,122.458611,134.878906
4.1394792,-0.276273,0.300557,-0.283961,0.497287,124.821342,132.589355
4.1495571,-0.218797,0.293845,-0.269683,0.454913,126.357620,126.671417
4.1594577,-0.150339,0.301411,-0.244667,0.416308,125.994492,116.509354
4.1696568,-0.095060,0.321179,-0.211842,0.396320,122.311485,106.487312
4.1796503,-0.055767,0.354005,-0.186826,0.404145,117.533936,98.952339
4.1895800,-0.030019,0.395739,-0.163396,0.429195,112.377281,94.337906
4.1997294,-0.006345,0.437473,-0.140577,0.459548,107.812477,90.831009
4.2095923,0.010128,0.469200,-0.112754,0.482664,103.509605,88.763374
4.2196045,0.018792,0.493606,-0.080783,0.500525,99.287949,87.819702
4.2297010,0.022209,0.513374,-0.057720,0.517086,96.408974,87.522858
4.2396526,0.024406,0.532899,-0.044296,0.535293,94.746742,87.377800
4.2497687,0.030751,0.540709,-0.026968,0.542254,92.850716,86.744980
4.2596893,0.032704,0.533143,-0.008054,0.534206,90.863846,86.489799
4.2694798,0.030507,0.515693,0.011593,0.516725,88.714462,86.614464
4.2794676,0.023185,0.496168,0.032460,0.497769,86.261078,87.324570
4.2893286,0.007932,0.478108,0.053204,0.481125,83.651047,89.049545
4.2994070,-0.015010,0.466027,0.073583,0.472039,81.031952,91.844711
4.3093605,-0.045029,0.464563,0.074193,0.472600,80.967789,95.536194
4.3193536,-0.066017,0.479817,0.060282,0.488074,82.905266,97.834084
4.3293056,-0.069678,0.518622,0.041978,0.524962,85.413528,97.652039
4.3394313,-0.054791,0.574511,0.022819,0.577569,87.735695,95.447800
4.3495378,-0.037707,0.630034,0.011837,0.631272,88.925606,93.425003
4.3595042,-0.014643,0.677259,0.008542,0.677471,89.277557,91.238632
4.3695884,0.008664,0.723264,0.018304,0.723547,88.550377,89.313683
4.3795261,0.036365,0.765852,0.032216,0.767391,87.593979,87.281494
4.3895860,0.085298,0.876288,0.071631,0.883338,85.348717,84.440331
4.4003105,0.108972,0.944257,0.098477,0.955612,84.085091,83.416931
4.4099269,0.123859,1.010031,0.122395,1.024931,83.141510,83.008781
4.4202185,0.125567,1.058232,0.135086,1.074184,82.775551,83.233055
4.4298120,0.121174,1.074706,0.132767,1.089635,83.001373,83.567001
4.4396272,0.094328,1.054327,0.118124,1.065109,83.632629,84.887497
4.4497371,0.070288,1.010275,0.097623,1.017412,84.493874,86.020142
4.4596715,0.052594,0.964636,0.073339,0.968849,85.658714,86.879181
4.4696474,0.036853,0.932787,0.051374,0.934927,86.850021,87.737526
4.4796271,0.027823,0.919974,0.035266,0.921070,87.805702,88.267746
4.4895549,0.033314,0.916313,0.022209,0.917187,88.612480,87.917847
4.4998069,0.050276,0.913384,0.019281,0.914970,88.792557,86.849426
4.5113640,0.075292,0.907771,0.029653,0.911370,88.135460,85.258667
4.5205026,0.102504,0.900205,0.049544,0.907376,86.870041,83.503853
4.5299506,0.123981,0.900205,0.071997,0.911550,85.469894,82.158249
4.5395737,0.143872,0.910212,0.091521,0.926045,84.328171,81.017906
4.5495625,0.164861,0.922292,0.112144,0.943599,83.174408,79.865356
4.5593805,0.188534,0.933641,0.132279,0.961628,82.093475,78.583534
4.5692787,0.208425,0.943037,0.149119,0.977239,81.222824,77.537148
4.5792651,0.223556,0.954630,0.166691,0.994526,80.351196,76.819916
4.5893102,0.239054,0.972446,0.186460,1.018610,79.452347,76.188972
4.5993099,0.253453,0.990628,0.194758,1.040920,79.216316,75.648666
4.6098175,0.266389,1.003197,0.188290,1.054903,79.718155,75.128891
4.6196442,0.277371,1.005028,0.182189,1.058399,80.087959,74.571373
4.6294465,0.277249,0.994045,0.187192,1.048825,79.718895,74.415688
4.6393762,0.259067,0.979280,0.196832,1.031914,79.003754,75.181961
4.6493340,0.226851,0.971348,0.198907,1.017124,78.722687,76.854599
4.6603642,0.195612,0.970372,0.192195,1.008377,79.012291,78.602798
4.6699634,0.173403,0.975741,0.182921,1.007769,79.542236,79.922951
4.6796842,0.155709,0.981964,0.174379,1.009409,80.052055,80.989716
4.6896691,0.143384,0.993069,0.167545,1.017259,80.520035,81.784164
4.6994672,0.142163,1.005394,0.156685,1.027413,81.227928,81.951698
4.7093382,0.152170,1.012227,0.148387,1.034301,81.751556,81.450661
4.7193122,0.161444,1.017719,0.145336,1.040643,81.971832,80.986099
4.7292662,0.166081,1.019915,0.145214,1.043502,82.000740,80.751244
4.7392864,0.170840,1.024918,0.141187,1.048608,82.262054,80.536575
4.7495103,0.182555,1.028335,0.132279,1.052757,82.781700,79.933464
4.7595730,0.198419,1.026749,0.131181,1.053941,82.850029,79.062454
4.7693830,0.208181,1.021502,0.141309,1.052033,82.280693,78.480934
4.7793379,0.206228,1.013936,0.158393,1.046749,81.296623,78.503212
4.7892952,0.200615,1.000147,0.169986,1.034135,80.539070,78.657806
4.7993946,0.195856,0.976107,0.171572,1.010238,80.221863,78.654259
4.8093386,0.193171,0.951579,0.166691,0.985192,80.258896,78.524841
4.8193717,0.190975,0.933397,0.160590,0.966173,80.432343,78.436768
4.8293443,0.193293,0.926319,0.153146,0.958584,80.806885,78.213326
4.8394079,0.203910,0.926441,0.143506,0.959410,81.397583,77.587112
4.8493357,0.209523,0.928638,0.130327,0.960861,82.204643,77.285583
4.8592873,0.215014,0.929980,0.129106,0.963204,82.296989,76.981773
4.8692575,0.224655,0.934861,0.136428,0.971107,81.923965,76.487579
4.8792715,0.237712,0.929736,0.146922,0.970826,81.295547,75.658051
4.8893466,0.250281,0.914116,0.160712,0.961290,80.375900,74.687943
4.8993888,0.264314,0.900937,0.178162,0.955663,79.255630,73.649544
4.9093370,0.280422,0.893982,0.198663,0.957761,78.028564,72.584541
4.9195747,0.299092,0.893738,0.217821,0.967300,76.986259,71.497017
4.9296112,0.317396,0.898131,0.234051,0.980897,76.195541,70.536758
4.9394302,0.335701,0.901059,0.246986,0.992776,75.594490,69.566505
4.9493308,0.348270,0.903500,0.257480,1.001948,75.109070,68.919975
4.9594421,0.354981,0.903012,0.266633,1.006248,74.634415,68.539810
4.9693556,0.354371,0.907649,0.275419,1.012552,74.216423,68.672958
4.9794359,0.350344,0.912652,0.283961,1.017992,73.802940,68.999458
4.9894762,0.341314,0.920096,0.286401,1.022300,73.730621,69.647415
4.9993882,0.330942,0.926197,0.279690,1.022541,74.125916,70.337570
5.0093737,0.319593,0.931567,0.264680,1.019809,74.957306,71.064415
5.0194154,0.306658,0.939498,0.246864,1.018645,75.974998,71.923004
5.0293570,0.305682,0.973666,0.256260,1.052206,75.904099,72.570366
5.0394468,0.274808,0.970128,0.194270,1.026844,79.094429,74.184143
5.0495887,0.260775,0.961219,0.155464,1.008026,81.128052,74.821228
5.0595412,0.264558,0.970738,0.159491,1.018705,80.992546,74.755241
5.0694485,0.276151,0.980012,0.167911,1.031929,80.635414,74.263062
5.0794888,0.290184,0.981720,0.177064,1.038910,80.187057,73.532990
5.0893884,0.309221,0.976473,0.192927,1.042275,79.332924,72.428528
5.0994558,0.328867,0.963660,0.202079,1.038090,78.774864,71.156830
5.1094484,0.336433,0.962928,0.217699,1.042981,77.952202,70.741333
5.1194229,0.324840,0.947064,0.210865,1.023189,78.106888,71.068184
5.1294041,0.350710,0.958291,0.193293,1.038596,79.274132,69.898651
5.1393261,0.361083,0.965246,0.190121,1.047963,79.547569,69.490013
5.1494617,0.333138,0.950847,0.200859,1.027344,78.725304,70.691612
5.1597414,0.313614,0.947918,0.201469,1.018574,78.591927,71.693489
5.1695108,0.306414,0.941695,0.200371,1.010360,78.561470,71.975861
5.1794353,0.303607,0.934129,0.199395,1.002264,78.524765,71.994995
5.1898136,0.299092,0.926563,0.196710,0.993313,78.577957,72.110062
5.1999741,0.295553,0.924001,0.192927,0.989116,78.752342,72.262466
5.2097321,0.287988,0.922292,0.184507,0.983668,79.188957,72.658928
5.2198691,0.280910,0.923513,0.171938,0.980484,79.900352,73.081520
5.2296834,0.276639,0.927784,0.162298,0.981658,80.483559,73.396904
5.2395673,0.280788,0.937180,0.155098,0.990557,80.991737,73.321289
5.2498116,0.296041,0.952433,0.153390,1.009108,81.256828,72.733376
5.2596478,0.311783,0.962928,0.163274,1.025230,80.836273,72.058739
5.2699280,0.317885,0.959389,0.172793,1.025346,80.298157,71.667870
5.2796636,0.311661,0.954142,0.175721,1.019018,80.070183,71.910881
5.2895541,0.300312,0.955118,0.175355,1.016458,80.065872,72.545578
5.2996826,0.289818,0.958169,0.174989,1.016220,80.084473,73.170975
5.3096943,0.297994,0.959023,0.187924,1.021685,79.400932,72.738594
5.3195310,0.297994,0.961097,0.195246,1.025002,79.019012,72.773643
5.3294249,0.299214,0.950847,0.191951,1.015128,79.100288,72.532166
5.3394780,0.293845,0.939376,0.178894,1.000388,79.698700,72.629875
5.3495398,0.284205,0.923513,0.173769,0.981755,79.805046,72.894608
5.3599005,0.279690,0.912896,0.174623,0.970618,79.635536,72.966187
5.3696303,0.284449,0.906673,0.171816,0.965654,79.750938,72.581894
5.3797359,0.286401,0.896178,0.151926,0.953018,80.827034,72.277130
5.3896179,0.290672,0.899107,0.131669,0.954055,82.067299,72.084503
5.3995638,0.298726,0.920828,0.122029,0.975732,82.815567,72.026405
5.4098082,0.301289,0.935960,0.119466,0.990488,83.072502,72.156448
5.4196987,0.304583,0.932299,0.120930,0.988219,82.970978,71.907707
5.4295435,0.320325,0.938278,0.116293,0.998248,83.309998,71.150261
5.4393749,0.325572,0.946698,0.111290,1.007283,83.656700,71.021751
5.4498124,0.321057,0.934617,0.104212,0.993704,83.980164,71.041512
5.4595313,0.319105,0.921194,0.104212,0.980452,83.898499,70.893738
5.4694118,0.318739,0.910700,0.103358,0.970387,83.885689,70.710297
5.4793282,0.321301,0.913384,0.100063,0.973405,84.099724,70.619644
5.4893217,0.321667,0.920096,0.095548,0.979375,84.401283,70.730263
5.4993839,0.315444,0.919242,0.088593,0.975889,84.791420,71.059998
5.5093737,0.313492,0.924977,0.090789,0.980868,84.689095,71.277542
5.5195208,0.312027,0.914849,0.090179,0.970794,84.669991,71.167046
5.5293698,0.311295,0.902280,0.098477,0.959537,84.109375,70.965080
5.5393486,0.307512,0.899595,0.104090,0.956384,83.751694,71.127831
5.5494704,0.314712,0.904232,0.100796,0.962725,83.990219,70.809898
5.5593667,0.323498,0.922658,0.101650,0.982997,84.064537,70.678566
5.5694413,0.344853,0.939498,0.104579,1.006239,84.034470,69.843796
5.5794687,0.354371,0.962562,0.106531,1.031239,84.070541,69.788605
5.5893564,0.352785,0.975497,0.104945,1.042624,84.223152,70.117668
5.5995564,0.345341,0.976351,0.098721,1.040321,84.554726,70.521019
5.6094708,0.341436,0.970372,0.088715,1.032507,85.070969,70.615013
5.6194720,0.342290,0.974277,0.084078,1.036073,85.345306,70.642212
5.6293859,0.349734,0.991483,0.083224,1.054646,85.474007,70.570297
5.6394396,0.366452,1.009177,0.088349,1.077279,85.295830,70.043045
5.6499329,0.374140,1.020892,0.095182,1.091448,84.997032,69.872955
5.6596723,0.373530,1.008933,0.102382,1.080718,84.563919,69.684311
5.6700044,0.372187,0.985015,0.109094,1.058622,84.085030,69.300957
5.6797290,0.374262,0.988066,0.106775,1.061954,84.229401,69.254204
5.6895976,0.373774,0.997706,0.107629,1.070845,84.231529,69.462387
5.6999130,0.378777,0.987700,0.113731,1.063935,83.863571,69.018478
5.7097311,0.380851,0.961219,0.117758,1.040604,83.502335,68.385696
5.7196994,0.373408,0.975009,0.070533,1.046446,86.135223,69.044220
5.7300396,0.362547,1.009421,0.034412,1.073105,88.162338,70.243568
