Keuwl Accelerometer Data File
2019-06-28 13-21-02

Time (s), X (m/s2), Y (m/s2), Z (m/s2), R (m/s2), Theta (deg), Phi (deg)
0.0000000,-0.180480,1.044077,-0.098477,1.064128,95.309898,99.807297
0.0097710,-0.189877,1.004784,-0.068824,1.024881,93.850502,100.701141
0.0199130,-0.189510,0.975741,-0.037707,0.994689,92.172501,100.991264
0.0299960,-0.178162,0.960975,-0.012935,0.977437,90.758255,100.503204
0.0399820,-0.165471,0.942061,0.022453,0.956746,88.655235,99.962250
0.0497760,-0.152658,0.918631,0.057231,0.932986,86.483147,99.435165
0.0599560,-0.146556,0.907893,0.089935,0.924033,84.414619,99.169853
0.0700170,-0.160102,0.893616,0.115927,0.915216,82.723000,100.157433
0.0800600,-0.182555,0.884341,0.123371,0.911376,82.220116,101.663742
0.0898690,-0.193903,0.892639,0.125079,0.921981,82.202995,102.255669
0.1000550,-0.199029,0.903256,0.126910,0.933590,82.187172,102.426315
0.1099010,-0.220506,0.876898,0.132767,0.913893,81.646706,104.115013
0.1202620,-0.209645,0.924001,0.111168,0.953985,83.308105,102.783333
0.1299490,-0.180968,0.981354,0.036243,0.998559,87.920006,100.448357
0.1402210,-0.146800,1.028457,0.005857,1.038898,89.676964,98.123444
0.1500360,-0.118612,1.019183,0.026846,1.026413,88.501228,96.638184
0.1601860,-0.092742,0.997828,0.062967,1.004105,86.404655,95.310020
0.1698960,-0.074071,1.002831,0.067482,1.007825,86.160721,94.224327
0.1802940,-0.069312,1.032728,0.051008,1.036308,87.178711,93.839684
0.1898940,-0.083224,1.054083,0.055889,1.058840,86.974327,94.514336
0.2003130,-0.111168,1.030898,0.114707,1.043200,83.687180,96.154778
0.2099760,-0.097623,0.984283,0.126666,0.997190,82.702423,95.664169
0.2201550,-0.080539,0.960121,0.142529,0.973978,81.585274,94.794975
0.2299660,-0.074071,0.958657,0.134598,0.970889,82.031235,94.418228
0.2402440,-0.070288,0.975863,0.119954,0.985717,83.010223,94.119728
0.2499490,-0.085054,0.975741,0.102138,0.984752,84.046608,94.981796
0.2603590,-0.102748,0.978670,0.087372,0.987920,84.926079,95.993385
0.2703850,-0.116781,0.982941,0.074193,0.992630,85.713470,96.775444
0.2802980,-0.126056,0.987700,0.061380,0.997601,86.472481,97.273079
0.2900230,-0.131181,0.987334,0.054425,0.997496,86.872307,97.568199
0.3000950,-0.133743,0.984771,0.051374,0.995138,87.040787,97.734116
0.3105720,-0.134476,0.981110,0.051496,0.991621,87.023224,97.804596
0.3201340,-0.132523,0.983063,0.053937,0.993420,86.887657,97.677551
0.3299140,-0.127642,0.987822,0.057720,0.997705,86.683456,97.362709
0.3401240,-0.119588,0.994167,0.060526,1.003162,86.540932,96.859138
0.3504190,-0.109582,0.997706,0.064187,1.005756,86.340912,96.267883
0.3600730,-0.100918,1.001001,0.067116,1.008311,86.183426,95.756927
0.3698480,-0.094816,1.004906,0.066506,1.011558,86.230324,95.390091
0.3802300,-0.088837,1.011251,0.059062,1.016863,86.670250,95.020454
0.3900380,-0.084078,1.017719,0.053082,1.022565,87.024376,94.722702
0.4005150,-0.079319,1.021990,0.041124,1.025888,87.702629,94.437943
0.4099940,-0.073583,1.022356,0.028189,1.025388,88.424698,94.116722
0.4202150,-0.070288,1.019305,0.017816,1.021881,89.001015,93.944717
0.4300250,-0.074193,1.012838,0.007932,1.015582,89.552505,94.189606
0.4401320,-0.080783,1.006248,-0.001830,1.009487,90.103889,94.589935
0.4500420,-0.088959,1.002221,-0.014887,1.006272,90.847702,95.072380
0.4600890,-0.099819,0.999414,-0.025626,1.004714,91.461533,95.703667
0.4701300,-0.109094,0.995754,-0.032826,1.002250,91.876892,96.252319
0.4799610,-0.115683,0.994045,-0.036243,1.001410,92.074074,96.638000
0.4910970,-0.119222,0.993801,-0.040391,1.001742,92.310867,96.840836
0.5005480,-0.121418,0.994655,-0.045883,1.003089,92.621712,96.959717
0.5102510,-0.127032,0.996852,-0.051130,1.006213,92.912697,97.262230
0.5202000,-0.137160,0.997828,-0.058086,1.008884,93.300583,97.826759
0.5303490,-0.147533,1.002465,-0.064675,1.015325,93.652153,98.372108
0.5403390,-0.160468,1.009909,-0.071265,1.025058,93.986565,99.028435
0.5501880,-0.170474,1.015644,-0.079319,1.032902,94.404198,99.528175
0.5600730,-0.177064,1.019061,-0.086396,1.037931,94.774765,99.856827
0.5700140,-0.179992,1.019671,-0.089691,1.039313,94.950691,100.010719
0.5803100,-0.180602,1.019793,-0.090545,1.039612,94.996521,100.042786
0.5899970,-0.180968,1.015156,-0.094206,1.035455,95.220009,100.107742
0.6000420,-0.178406,1.014912,-0.093108,1.034671,95.162910,99.969856
0.6099210,-0.171938,1.016010,-0.090179,1.034395,95.001427,99.605103
0.6205720,-0.166813,1.017475,-0.082857,1.034382,94.594505,99.310707
0.6298740,-0.161078,1.017231,-0.075780,1.032689,94.208206,98.998039
0.6398890,-0.153146,1.014302,-0.068092,1.028056,93.797691,98.586037
0.6501319,-0.144238,1.009177,-0.060892,1.021249,93.418304,98.133980
0.6598990,-0.132401,1.004418,-0.050642,1.014372,92.861649,97.509361
0.6699750,-0.120564,1.000879,-0.031849,1.008617,91.809547,96.868668
0.6798739,-0.112876,0.997096,-0.015010,1.003577,90.856949,96.458687
0.6898840,-0.103358,0.996242,-0.008908,1.001629,90.509575,95.923141
0.7001910,-0.074071,0.996364,0.006590,0.999135,89.622116,94.251648
0.7098780,-0.061869,0.991849,0.016962,0.993921,89.022156,93.569313
0.7199440,-0.054059,0.988554,0.030019,0.990486,88.263252,93.130081
0.7299370,-0.051008,0.992703,0.040391,0.994833,87.673080,92.941437
0.7402200,-0.050276,1.002587,0.048323,1.005009,87.244019,92.870750
0.7498200,-0.048933,1.013326,0.051618,1.015819,87.087303,92.764664
0.7598720,-0.044418,1.017231,0.056987,1.019794,86.796570,92.500290
0.7698270,-0.038561,1.011983,0.065529,1.014836,86.297752,92.182167
0.7798860,-0.033558,1.000391,0.076268,1.003855,85.642754,91.921257
0.7909280,-0.035022,0.987334,0.088105,0.991875,84.903908,92.031517
0.7999610,-0.040269,0.977449,0.094328,0.982816,84.492416,92.359169
0.8097880,-0.050276,0.969273,0.098233,0.975535,84.220718,92.969246
0.8199480,-0.062479,0.963172,0.095548,0.969914,84.346497,93.711441
0.8298230,-0.072119,0.958779,0.089081,0.965605,84.706711,94.301659
0.8399010,-0.081271,0.958657,0.080661,0.965471,85.207596,94.845718
0.8498899,-0.086884,0.962440,0.069434,0.968845,85.890259,95.158401
0.8599390,-0.089813,0.969395,0.058208,0.975286,86.578400,95.293259
0.8698480,-0.087739,0.976961,0.049056,0.982119,87.136963,95.131828
0.8805930,-0.085054,0.984893,0.043198,0.989502,87.497879,94.935738
0.8898050,-0.081759,0.990506,0.041246,0.994730,87.623596,94.718658
0.8999710,-0.079075,0.995143,0.039659,0.999068,87.724968,94.543205
0.9098790,-0.077976,1.001367,0.040636,1.005220,87.683212,94.452629
0.9200570,-0.077732,1.006004,0.040758,1.009825,87.686859,94.418365
0.9301119,-0.079807,1.008811,0.040880,1.012788,87.686714,94.523232
0.9401569,-0.083956,1.007712,0.040514,1.012015,87.705696,94.762497
0.9499540,-0.089569,1.004174,0.037585,1.008861,87.864967,95.097107
0.9600240,-0.093352,1.002221,0.033802,1.007127,88.076637,95.321465
0.9699820,-0.096891,0.998560,0.030141,1.003703,88.279152,95.542084
0.9805700,-0.097989,0.997828,0.026724,1.002984,88.473190,95.608597
0.9899320,-0.098721,0.999536,0.022209,1.004645,88.733284,95.640633
1.0000310,-0.099453,1.000269,0.018182,1.005365,88.963737,95.678062
1.0100269,-0.101772,1.002343,0.013301,1.007584,89.243614,95.797600
1.0202279,-0.101406,1.003319,0.012935,1.008514,89.265114,95.771301
1.0299729,-0.101894,1.005638,0.015010,1.010898,89.149261,95.785614
1.0404440,-0.100796,1.006736,0.020379,1.011975,88.846123,95.717468
1.0499990,-0.099087,1.005394,0.023552,1.010539,88.664551,95.628647
1.0600100,-0.093474,1.004540,0.027700,1.009259,88.427238,95.316154
1.0701139,-0.086640,1.006370,0.030385,1.010550,88.276978,94.920570
1.0815029,-0.078464,1.006614,0.034046,1.010241,88.068718,94.457130
1.0899780,-0.071631,1.005882,0.036120,1.009076,87.948624,94.073265
1.1005620,-0.069434,1.003808,0.040514,1.007021,87.694313,93.956902
1.1100140,-0.068824,1.003685,0.042710,1.006948,87.569054,93.922714
1.1200420,-0.069556,1.002221,0.044052,1.005597,87.489235,93.970085
1.1317259,-0.074926,1.001001,0.042832,1.004714,87.556679,94.280647
1.1404409,-0.077488,1.001001,0.041124,1.004837,87.654480,94.426476
1.1501420,-0.079075,1.001977,0.041002,1.005928,87.663979,94.512344
1.1602410,-0.079807,1.002343,0.039293,1.006283,87.762154,94.552299
1.1699849,-0.079563,1.003563,0.037219,1.007400,87.882706,94.532936
1.1822720,-0.077976,1.005028,0.033314,1.008598,88.107185,94.436478
1.1954426,-0.075414,0.998804,0.037097,1.002334,87.878983,94.317863
1.2099929,-0.077244,0.998316,0.037463,1.002001,87.857330,94.424408
1.2199939,-0.077976,0.998072,0.036609,1.001783,87.905746,94.467270
1.2300700,-0.077122,0.999658,0.036243,1.003284,87.929802,94.411545
1.2401609,-0.076390,1.000269,0.035144,1.003797,87.993591,94.367165
1.2500669,-0.076024,1.000757,0.035022,1.004251,88.001465,94.344208
1.2601709,-0.077122,0.999414,0.032582,1.002915,88.138306,94.412613
1.2702279,-0.079441,0.997706,0.033192,1.001414,88.100586,94.552475
1.2800770,-0.078953,0.996120,0.032704,0.999779,88.125465,94.531792
1.2898660,-0.077000,0.997096,0.033558,1.000628,88.078117,94.415863
1.2999949,-0.072729,0.998316,0.035266,1.001583,87.982170,94.166733
1.3098100,-0.070411,1.000391,0.037219,1.003556,87.874596,94.026009
1.3199400,-0.066140,1.000513,0.039659,1.003480,87.734978,93.782074
1.3298080,-0.065529,1.001855,0.043320,1.004930,87.529350,93.742271
1.3399540,-0.066994,1.001611,0.047591,1.004977,87.285713,93.826584
1.3499260,-0.071143,1.000269,0.050032,1.004043,87.143753,94.068230
1.3599190,-0.076390,1.000269,0.050764,1.004465,87.103134,94.367165
1.3699651,-0.082857,0.999048,0.049788,1.003714,87.156761,94.741051
1.3804679,-0.088349,0.998560,0.047103,1.003567,87.309799,95.056145
1.3900070,-0.094084,0.998438,0.042466,1.003760,87.575272,95.383156
1.4001460,-0.100063,1.000635,0.039171,1.006388,87.769341,95.710594
1.4099680,-0.103602,0.998438,0.034900,1.004405,88.008736,95.924057
1.4207349,-0.105189,0.998560,0.032338,1.004606,88.155373,96.013382
1.4299840,-0.105189,0.998194,0.032094,1.004234,88.168617,96.015572
1.4399800,-0.106897,0.997828,0.031483,1.004031,88.203087,96.114761
1.4499829,-0.106653,0.996120,0.031483,1.002308,88.199989,96.111290
1.4600420,-0.106165,0.992703,0.033558,0.998927,88.074852,96.104309
1.4699839,-0.103846,0.989652,0.034412,0.995680,88.019386,95.990250
1.4807140,-0.103236,0.988432,0.034290,0.994400,88.023872,95.962608
1.4899559,-0.103724,0.989164,0.033314,0.995145,88.081589,95.986191
1.5000689,-0.105433,0.990628,0.030629,0.996694,88.238976,96.075127
1.5102830,-0.106043,0.989652,0.029531,0.995755,88.300537,96.116005
1.5201209,-0.108728,0.986845,0.029287,0.993249,88.310333,96.287308
1.5308980,-0.112999,0.983795,0.030385,0.990729,88.242493,96.552269
1.5402830,-0.117025,0.981232,0.029531,0.988627,88.288284,96.801186
1.5506020,-0.120686,0.981476,0.028677,0.989284,88.338913,97.010132
1.5605559,-0.120808,0.985381,0.025382,0.993084,88.535431,96.989616
1.5699300,-0.115317,0.988066,0.023063,0.995040,88.671860,96.656868
1.5798670,-0.109216,0.994899,0.019281,1.001062,88.896408,96.264595
1.5898379,-0.102870,1.000757,0.017816,1.006188,88.985435,95.868958
1.6001379,-0.095792,1.004418,0.019036,1.009155,88.919121,95.447884
1.6099079,-0.090057,1.006858,0.022575,1.011130,88.720665,95.111145
1.6198740,-0.084932,1.006980,0.034900,1.011158,88.022041,94.821098
1.6298130,-0.076634,1.004906,0.039171,1.008584,87.774200,94.360931
1.6401930,-0.070899,1.003441,0.045029,1.006950,87.437004,94.041542
1.6499840,-0.067482,1.000391,0.050520,1.003936,87.115555,93.859070
1.6599228,-0.066140,1.000025,0.052960,1.003608,86.975098,93.783913
1.6704021,-0.067726,0.999414,0.055523,1.003244,86.827431,93.876755
1.6799330,-0.069678,0.999536,0.055279,1.003486,86.842155,93.987679
1.6899430,-0.074437,0.998682,0.053815,1.002897,86.924080,94.262695
1.7000600,-0.076634,0.997706,0.052594,1.002026,86.991280,94.392273
1.7111310,-0.077366,0.999170,0.050276,1.003421,87.128029,94.427597
1.7202460,-0.078220,0.999536,0.048811,1.003780,87.212746,94.474655
1.7301329,-0.078830,1.000025,0.047469,1.004249,87.290718,94.507225
1.7401379,-0.080417,0.999780,0.045029,1.004020,87.429520,94.598656
1.7499930,-0.081881,1.001367,0.045151,1.005723,87.426918,94.674644
1.7600199,-0.082003,1.001733,0.042954,1.006001,87.552849,94.679878
1.7699790,-0.083346,1.000269,0.043320,1.004669,87.528709,94.763062
1.7801789,-0.084444,0.995509,0.042466,0.999987,87.566116,94.848495
1.7899899,-0.084932,0.989774,0.042344,0.994314,87.559258,94.904503
1.8000749,-0.086762,0.989286,0.038073,0.993813,87.804466,95.012131
1.8099949,-0.087861,0.991727,0.034900,0.996222,87.992371,95.062820
1.8200699,-0.086396,0.994899,0.030141,0.999098,88.271225,94.963066
1.8301920,-0.086152,0.995021,0.028433,0.999149,88.369316,94.948517
1.8400869,-0.088105,0.992825,0.028555,0.997135,88.359009,95.071220
1.8501090,-0.092132,0.991483,0.028921,0.996174,88.336365,95.308853
1.8600390,-0.092986,0.992703,0.029165,0.997475,88.324509,95.351242
1.8700060,-0.090911,0.996242,0.029897,1.000828,88.288193,95.214043
1.8800700,-0.089203,0.999780,0.029043,1.004172,88.342651,95.098572
1.8900710,-0.088715,1.000879,0.029409,1.005233,88.323524,95.065285
1.9004440,-0.087739,1.000147,0.030507,1.004451,88.259544,95.013481
1.9099170,-0.085542,1.000025,0.028677,1.004086,88.363411,94.889175
1.9200560,-0.081515,0.999170,0.029409,1.002921,88.319664,94.664024
1.9301400,-0.077366,1.000269,0.029287,1.003683,88.327904,94.422760
1.9399689,-0.073217,1.001123,0.031727,1.004298,88.189629,94.182884
1.9498299,-0.068946,1.001733,0.033680,1.004668,88.078888,93.937279
1.9601148,-0.067604,1.003075,0.035754,1.005986,87.963188,93.855713
1.9698620,-0.066140,1.004540,0.036487,1.007375,87.924324,93.766953
1.9801710,-0.066140,1.004418,0.036609,1.007258,87.917137,93.767410
1.9898219,-0.064309,1.004540,0.039903,1.007387,87.729874,93.662987
1.9999119,-0.061502,1.003197,0.040391,1.005892,87.698677,93.508209
2.0102689,-0.056743,1.003075,0.040758,1.005505,87.676910,93.237732
2.0198829,-0.053693,1.005028,0.042832,1.007372,87.563126,93.058060
2.0298319,-0.051862,1.005516,0.044418,1.007832,87.473969,92.952568
2.0401039,-0.051984,1.003441,0.046127,1.005845,87.371567,92.965607
2.0498049,-0.053937,1.001855,0.046859,1.004400,87.325966,93.081642
2.0599959,-0.054425,0.999658,0.046493,1.002218,87.341095,93.116295
2.0698659,-0.054791,0.998560,0.046493,1.001143,87.338234,93.140663
2.0798919,-0.055889,0.999780,0.046859,1.002437,87.320732,93.199585
2.0899069,-0.055035,1.003563,0.041734,1.005937,87.622261,93.138931
2.0999250,-0.048445,1.002221,0.042344,1.004284,87.583504,92.767410
2.1098759,-0.048201,0.997218,0.046493,0.999464,87.333763,92.767281
2.1200979,-0.050642,0.993191,0.048079,0.995643,87.232132,92.918930
2.1301050,-0.051862,0.992947,0.049544,0.995534,87.147446,92.989876
2.1402118,-0.050764,0.992581,0.048201,0.995046,87.223434,92.927750
2.1506171,-0.048445,0.994289,0.047713,0.996612,87.255890,92.789452
2.1602600,-0.048811,0.993557,0.045517,0.995796,87.380165,92.812561
2.1699121,-0.051130,0.996364,0.043930,0.998641,87.478745,92.937645
2.1814170,-0.052838,0.998072,0.043564,1.000419,87.504211,93.030434
2.1899540,-0.054913,1.000147,0.043198,1.002584,87.530540,93.142662
2.2005639,-0.057842,1.001245,0.042100,1.003797,87.596275,93.306282
2.2099178,-0.059916,1.001001,0.041856,1.003666,87.609901,93.425415
2.2199779,-0.061136,1.000879,0.039903,1.003538,87.721169,93.495438
2.2300501,-0.059428,0.998926,0.039293,1.001464,87.751381,93.404617
2.2400939,-0.057964,0.997462,0.039903,0.999941,87.712967,93.325783
2.2499728,-0.057842,0.998072,0.040880,1.000582,87.658485,93.316772
2.2601390,-0.056743,0.998316,0.042222,1.000818,87.582123,93.253136
2.2702038,-0.056133,0.997950,0.041612,1.000393,87.616074,93.219406
2.2801180,-0.056255,0.997218,0.040391,0.999620,87.684227,93.228752
2.2900259,-0.056011,0.997706,0.040880,1.000113,87.657387,93.213211
2.3001440,-0.055645,0.997340,0.040025,0.999693,87.705399,93.193420
2.3101220,-0.053815,0.997462,0.040147,0.999719,87.698456,93.088203
2.3199549,-0.052716,0.996608,0.038317,0.998736,87.801277,93.027885
2.3299730,-0.052228,0.996608,0.037707,0.998688,87.836205,92.999901
2.3402500,-0.051252,0.997706,0.037463,0.999724,87.852448,92.940689
2.3498750,-0.050276,1.000757,0.037585,1.002723,87.851898,92.875992
2.3599489,-0.047225,1.003563,0.035998,1.005319,87.947914,92.694206
2.3698878,-0.046737,1.001977,0.039537,1.003845,87.742775,92.670609
2.3799839,-0.049178,0.998560,0.040514,1.000591,87.679482,92.819450
2.3897841,-0.051984,0.998194,0.039903,1.000343,87.713882,92.981171
2.3999350,-0.052106,1.001611,0.036609,1.003633,87.909615,92.977982
2.4098220,-0.049300,1.005516,0.035754,1.007358,87.965958,92.806915
2.4201741,-0.044540,1.007712,0.034900,1.009300,88.018394,92.530800
2.4299948,-0.044418,1.007102,0.035022,1.008690,88.010262,92.525406
2.4401710,-0.048445,1.005516,0.036365,1.007339,87.931198,92.758354
2.4501901,-0.049178,1.005760,0.038073,1.007681,87.834694,92.799301
2.4601710,-0.048323,1.007834,0.038927,1.009743,87.790611,92.745094
2.4699037,-0.046859,1.009177,0.040147,1.011061,87.724289,92.658501
2.4803021,-0.044052,1.009299,0.041124,1.011096,87.669006,92.499176
2.4902489,-0.042588,1.006858,0.043076,1.008679,87.552414,92.422050
2.5002518,-0.040269,1.005882,0.045517,1.007716,87.411171,92.292557
2.5099409,-0.041246,1.006370,0.046127,1.008271,87.377892,92.346931
2.5201499,-0.040880,1.005760,0.044785,1.007586,87.452515,92.327530
2.5298710,-0.041124,1.005272,0.043686,1.007061,87.513733,92.342552
2.5401468,-0.042100,1.002831,0.044907,1.004719,87.438278,92.403923
2.5500109,-0.043686,1.002709,0.041612,1.004523,87.625877,92.494698
2.5600269,-0.047713,1.002709,0.039171,1.004608,87.765381,92.724327
2.5699928,-0.050154,1.002343,0.037707,1.004305,87.848312,92.864494
2.5798740,-0.051008,1.001977,0.035998,1.003920,87.945053,92.914261
2.5898409,-0.050642,1.002831,0.034412,1.004699,88.037170,92.890915
2.5998650,-0.049544,1.002221,0.033680,1.004010,88.077629,92.830048
2.6100478,-0.048201,1.002221,0.031971,1.003889,88.174957,92.753487
2.6199119,-0.048323,1.003441,0.032826,1.005141,88.128510,92.757095
2.6297798,-0.047957,1.002099,0.035266,1.003866,87.986755,92.739899
2.6398268,-0.047835,1.001367,0.036365,1.003168,87.922592,92.734932
2.6497810,-0.047347,1.001245,0.036365,1.003023,87.922287,92.707397
2.6599460,-0.045761,1.000513,0.034656,1.002158,88.018234,92.618729
2.6699178,-0.044052,1.001001,0.034168,1.002552,88.046921,92.519859
2.6798568,-0.042710,1.002831,0.033802,1.004309,88.071236,92.438721
2.6898291,-0.039415,1.004174,0.033436,1.005503,88.094398,92.247787
2.6998069,-0.036853,1.004052,0.035876,1.005368,87.954971,92.102036
2.7098749,-0.037707,1.002831,0.039781,1.004328,87.729927,92.153328
2.7202659,-0.041856,1.002221,0.041368,1.003947,87.638458,92.391457
2.7298479,-0.045029,1.001977,0.041490,1.003846,87.631248,92.573128
2.7400858,-0.046127,1.004540,0.041856,1.006469,87.616562,92.629082
2.7499499,-0.046493,1.006614,0.040636,1.008506,87.690765,92.644463
2.7620108,-0.045761,1.008566,0.039415,1.010373,87.764290,92.597847
2.7798829,-0.049300,1.011861,0.036365,1.013714,87.944214,92.789337
2.7898359,-0.050520,1.009055,0.037585,1.011017,87.869522,92.866203
2.8002188,-0.050520,1.006370,0.039171,1.008398,87.773788,92.873840
2.8098419,-0.050886,1.004540,0.040758,1.006653,87.679565,92.899895
2.8200510,-0.049178,1.001855,0.040880,1.003894,87.666214,92.810196
2.8298619,-0.047469,1.000147,0.044540,1.002263,87.452942,92.717346
2.8399739,-0.046981,0.997828,0.044052,0.999904,87.474930,92.695686
2.8500459,-0.047957,0.996486,0.043564,0.998590,87.499634,92.755310
2.8601060,-0.047957,0.996120,0.042588,0.998182,87.554703,92.756325
2.8700559,-0.048567,0.996242,0.041612,0.998292,87.611053,92.790993
2.8799229,-0.048933,0.997706,0.040514,0.999727,87.677475,92.807877
2.8900428,-0.049666,1.000147,0.037463,1.002079,87.857498,92.842880
2.9003489,-0.049788,1.002709,0.038195,1.004671,87.821236,92.842583
2.9098921,-0.047347,1.002099,0.035998,1.003863,87.944939,92.705093
2.9198411,-0.046615,0.999903,0.036853,1.001667,87.891533,92.669167
2.9298699,-0.047469,0.999170,0.037951,1.001017,87.827263,92.719994
2.9399579,-0.046493,0.996974,0.039903,0.998855,87.710472,92.669998
2.9505060,-0.044785,0.995998,0.041124,0.997852,87.638046,92.574539
2.9598560,-0.044174,0.996486,0.042466,0.998368,87.562164,92.538269
2.9702058,-0.041612,0.996486,0.043930,0.998321,87.477928,92.391197
2.9800110,-0.039781,0.997218,0.046249,0.999082,87.346756,92.284447
2.9898219,-0.039781,0.995509,0.045761,0.997354,87.370224,92.288368
2.9998899,-0.039903,0.998194,0.045639,1.000033,87.384270,92.289215
3.0098848,-0.036853,1.002831,0.045151,1.004523,87.423843,92.104591
3.0198450,-0.036120,1.006492,0.046981,1.008235,87.329208,92.055321
3.0298738,-0.040025,1.005028,0.047469,1.006944,87.297974,92.280609
3.0403399,-0.042832,1.002587,0.047835,1.004641,87.270874,92.446274
3.0512068,-0.043198,1.001977,0.046493,1.003985,87.345779,92.468658
3.0600870,-0.043198,1.000025,0.047347,1.002076,87.291824,92.473473
3.0698948,-0.044052,0.999414,0.046249,1.001453,87.353043,92.523857
3.0799599,-0.045151,0.998194,0.045761,1.000262,87.377876,92.589851
3.0897710,-0.045029,0.995998,0.043076,0.997945,87.526070,92.588554
3.1001179,-0.044052,0.997218,0.042710,0.999104,87.549957,92.529411
3.1100211,-0.041246,0.997584,0.041246,0.999288,87.634438,92.367577
3.1203477,-0.040269,1.000025,0.040514,1.001655,87.681946,92.305969
3.1298690,-0.039537,0.999780,0.041734,1.001432,87.611557,92.264633
3.1398568,-0.040758,1.000757,0.043564,1.002533,87.509476,92.332184
3.1497719,-0.041246,1.001245,0.041978,1.002973,87.601273,92.358932
3.1598699,-0.044052,1.001245,0.042832,1.003128,87.552811,92.519249
3.1698968,-0.045761,0.999903,0.041124,1.001794,87.647346,92.620323
3.1799250,-0.047225,0.999536,0.040514,1.001471,87.681526,92.705040
3.1898978,-0.049178,1.000391,0.039659,1.002383,87.732498,92.814301
3.1998358,-0.050032,1.000635,0.038073,1.002608,87.823730,92.862404
3.2101099,-0.051130,1.003075,0.037097,1.005062,87.884743,92.918022
3.2204080,-0.051374,1.004296,0.036609,1.006275,87.915100,92.928375
3.2301490,-0.050764,1.003197,0.036487,1.005143,87.919716,92.896820
3.2398567,-0.049178,1.004052,0.037585,1.005958,87.858803,92.804054
3.2498097,-0.046493,1.004662,0.039171,1.006499,87.769585,92.649597
3.2599878,-0.044785,1.004418,0.039903,1.006207,87.727211,92.552986
3.2699618,-0.043442,1.003197,0.041612,1.004999,87.627007,92.479568
3.2800350,-0.043198,1.003441,0.042710,1.005279,87.565010,92.465057
3.2898490,-0.042588,1.002221,0.040391,1.003938,87.694199,92.433243
3.3006661,-0.041368,1.002343,0.042222,1.004085,87.589996,92.363312
3.3099408,-0.042100,1.001001,0.043564,1.002832,87.510223,92.408318
3.3204529,-0.041002,1.001245,0.041246,1.002932,87.643044,92.344986
3.3305960,-0.039903,0.995998,0.038805,0.997552,87.770615,92.294258
3.3399317,-0.040025,0.985991,0.036975,0.987496,87.854179,92.324593
3.3507760,-0.037951,0.973300,0.028555,0.974458,88.320816,92.232941
3.3600669,-0.023674,0.962440,0.016596,0.962874,89.012413,91.409042
3.3699250,0.019769,0.943769,0.018548,0.944159,88.874329,88.800034
3.3799989,0.055889,0.927051,0.050032,0.930081,86.916405,86.549988
3.3901448,0.079319,0.933275,0.076756,0.939779,85.315178,85.142136
3.4004338,0.107019,0.963782,0.088471,0.973733,84.787071,83.663788
3.4101999,0.150827,1.006858,0.094694,1.022487,84.686127,81.480438
3.4200029,0.201225,1.046029,0.099209,1.069818,84.679047,79.111000
3.4299650,0.251135,1.065798,0.096281,1.099211,84.974983,76.741196
3.4400499,0.296408,1.062991,0.088227,1.107064,85.429008,74.419250
3.4498138,0.340094,1.026871,0.081027,1.084755,85.716232,71.675423
3.4604640,0.380729,0.968297,0.140333,1.049880,82.318527,68.535507
3.4701760,0.413677,0.897032,0.184141,1.004840,79.440636,65.242661
3.4798820,0.437595,0.753283,0.213916,0.897042,76.203835,59.846973
3.4899108,0.416362,0.690316,0.224289,0.836779,74.452438,58.903866
3.5000980,0.380119,0.635281,0.212208,0.770133,74.005386,59.105892
3.5099409,0.335579,0.591107,0.177308,0.702466,75.379982,60.415874
3.5200589,0.296041,0.549373,0.145702,0.640843,76.858299,61.681030
3.5301387,0.261019,0.510202,0.125201,0.586611,77.676460,62.905712
3.5400608,0.229048,0.477132,0.103968,0.539377,78.886299,64.356613
3.5498810,0.201469,0.452848,0.081881,0.502360,80.619339,66.016029
3.5601859,0.180724,0.437229,0.054669,0.476255,83.408546,67.542702
3.5704339,0.168888,0.428931,0.028067,0.461836,86.515884,68.508400
3.5798669,0.165593,0.420877,0.005247,0.452312,89.335304,68.522972
3.5898759,0.174257,0.405867,-0.013179,0.441891,91.709061,66.764000
3.6002748,0.193781,0.377923,-0.021721,0.425263,92.927765,62.853321
3.6099069,0.214404,0.331552,-0.020135,0.395349,92.919273,57.110497
3.6202290,0.231000,0.275419,-0.021477,0.360108,93.419182,50.012634
3.6301439,0.240152,0.213428,-0.020379,0.321932,93.629341,41.628120
3.6402140,0.222458,0.145946,-0.000122,0.266060,90.026276,33.267334
3.6504018,0.163152,0.067482,0.016962,0.177370,84.512398,22.470604
3.6602519,0.073217,-0.010372,0.008298,0.074412,83.597458,351.936768
3.6707349,-0.021233,-0.063943,-0.038683,0.077691,119.861679,251.630676
3.6801908,-0.101406,-0.085664,-0.090545,0.160686,124.297684,220.189972
3.6900580,-0.153146,-0.077610,-0.132889,0.217110,127.740311,206.874649
3.7002161,-0.184629,-0.054303,-0.163030,0.252221,130.269043,196.389542
3.7099807,-0.209279,-0.031849,-0.182921,0.279772,130.830399,188.653259
3.7202008,-0.245278,-0.015864,-0.203422,0.319050,129.611969,183.700546
3.7300498,-0.306292,0.005491,-0.230024,0.383087,126.901985,178.972900
3.7402821,-0.385000,0.042710,-0.257602,0.465197,123.624588,173.669769
3.7522428,-0.441133,0.109948,-0.280178,0.534029,121.644615,166.004791
3.7654252,-0.517035,0.275175,-0.335335,0.674904,119.792641,151.977371
3.7802069,-0.552058,0.374506,-0.369015,0.762361,118.949722,145.847733
3.7901838,-0.625397,0.496412,-0.407576,0.896473,117.041992,141.558990
3.8010490,-0.740348,0.641016,-0.463953,1.083637,115.349846,139.112946
3.8100879,-0.808196,0.812222,-0.584517,1.286291,117.027649,134.857620
3.8202789,-0.830527,1.025529,-0.732172,1.509158,119.022453,129.002365
3.8311038,-0.733270,1.387343,-0.831991,1.776124,117.932487,117.858360
3.8400199,-0.691414,1.804681,-0.869820,2.119319,114.231483,110.962967
3.8505828,-0.601113,2.124030,-0.875921,2.374885,111.643288,105.801826
3.8617127,-0.335091,2.215307,-0.862986,2.400962,111.065414,98.601440
3.8703930,-0.187558,1.931957,-0.708986,2.066470,110.065277,95.545006
3.8801887,-0.176209,1.466418,-0.474081,1.551188,107.795746,96.851982
3.8901320,-0.188412,1.151584,-0.123615,1.173425,96.047073,99.291908
3.9006450,-0.280666,1.086055,0.165593,1.133891,81.602524,104.489761
3.9101129,-0.348392,1.303876,0.122639,1.355179,84.807838,104.959785
3.9199619,-0.463343,1.681921,-0.137282,1.749968,94.499382,105.402046
3.9302168,-0.597940,2.028482,-0.432958,2.158639,101.570274,106.424057
3.9402778,-0.777078,2.284620,-0.388905,2.444297,99.155075,108.784943
3.9499588,-0.741690,2.366135,-0.403183,2.512221,99.235252,107.404152
3.9599819,-0.613926,2.490238,-0.421731,2.599240,99.337616,103.849136
3.9699309,-0.550105,2.870357,-0.544858,2.972951,100.560387,100.849205
3.9799500,-0.776712,2.762362,-1.019305,3.045145,109.556190,105.704750
3.9902289,-1.261166,2.495852,-1.252990,3.064278,114.135895,116.807686
4.0000000,-1.471909,2.531850,-1.546225,3.311735,117.832779,120.171890
4.0100079,-1.435545,2.588715,-1.424440,3.285006,115.697433,119.010094
4.0198350,-1.105091,2.450213,-0.295797,2.704120,96.280022,114.276253
4.0300918,-0.642115,2.240079,-0.163274,2.336006,94.007935,105.994850
4.0401721,-0.287377,2.150510,-0.422829,2.210444,101.027901,97.611465
4.0508308,-0.246986,2.202373,-0.405623,2.252993,100.371941,96.398720
4.0599160,-0.298970,2.252770,-0.286523,2.290514,97.186028,97.559677
4.0700588,-0.361815,2.197125,-0.273222,2.243417,96.995323,99.351341
4.0802526,-0.401840,2.118905,-0.423927,2.197942,101.120598,100.738350
4.0905790,-0.494216,2.030922,-0.576707,2.168291,105.424789,103.676842
4.1004148,-0.634305,1.894128,-0.599405,2.085510,106.703194,108.514641
4.1103797,-0.731073,1.752087,-0.558891,1.979050,106.403725,112.648758
4.1208758,-0.748280,1.672402,-0.482989,1.894764,104.768097,114.105072
4.1300058,-0.698126,1.662396,-0.404891,1.847938,102.656418,112.780045
4.1404381,-0.587812,1.685093,-0.322522,1.813583,100.243782,109.230331
4.1507459,-0.498487,1.657637,-0.262728,1.750793,98.630524,106.737160
4.1606717,-0.435276,1.598941,-0.200859,1.669258,96.911057,105.228477
4.1703610,-0.399400,1.503515,-0.158759,1.563739,95.827019,104.876701
4.1800728,-0.375238,1.378679,-0.134354,1.435135,95.371742,105.225510
4.1907697,-0.379265,1.230659,-0.094572,1.291242,94.200172,107.128273
4.2005606,-0.383902,1.094597,-0.066994,1.161900,93.305435,109.327026
4.2100487,-0.393786,0.980012,-0.085908,1.059656,94.650169,111.891144
4.2204051,-0.401962,0.878850,-0.128740,0.974949,97.587967,114.578079
4.2300491,-0.412457,0.793430,-0.163518,0.909060,100.362556,117.467216
4.2402506,-0.437961,0.712281,-0.205130,0.860949,103.783905,121.586136
4.2511640,-0.465661,0.636013,-0.233075,0.821996,106.472031,126.209961
4.2603078,-0.495558,0.562186,-0.251379,0.790457,108.543060,131.395676
4.2702665,-0.508859,0.494460,-0.277249,0.761771,111.343170,135.822235
4.2804399,-0.495314,0.433446,-0.292991,0.720455,113.996124,138.811066
4.2899356,-0.467858,0.391224,-0.300190,0.679751,116.207184,140.097549
4.3013048,-0.440035,0.352907,-0.291404,0.634894,117.321373,141.270508
4.3099008,-0.405257,0.324108,-0.270537,0.585209,117.535095,141.348602
4.3198981,-0.369503,0.302387,-0.247108,0.537617,117.363579,140.704407
4.3299127,-0.332406,0.288964,-0.232220,0.497916,117.799896,138.999237
4.3400421,-0.299336,0.283595,-0.225753,0.470098,118.700096,136.546860
4.3498588,-0.268219,0.279201,-0.210499,0.440687,118.532822,133.850662
4.3598619,-0.237956,0.280666,-0.195368,0.416611,117.965851,130.292145
4.3698812,-0.211598,0.289452,-0.178528,0.400535,116.469650,126.167870
4.3802819,-0.197808,0.310197,-0.150583,0.397524,112.259552,122.525124
4.3898501,-0.184385,0.350466,-0.140821,0.420304,109.575340,117.749496
4.3999958,-0.156197,0.397935,-0.147899,0.452354,109.083977,111.430885
4.4099159,-0.091766,0.463465,-0.128740,0.489688,105.242348,101.199646
4.4199963,-0.058330,0.471397,-0.099453,0.485292,101.825706,97.053810
4.4298120,-0.042832,0.467614,-0.066017,0.474189,98.002815,95.233521
4.4400558,-0.023429,0.463709,-0.045029,0.466479,95.539307,92.892487
4.4501338,-0.022697,0.467004,-0.028067,0.468396,93.435257,92.782501
4.4599257,-0.041490,0.480793,-0.010861,0.482702,91.289238,94.932091
4.4700880,-0.082369,0.508127,0.001586,0.514762,89.823425,99.207764
4.4799652,-0.118246,0.545834,-0.010861,0.558601,91.114037,102.223289
4.4899440,-0.130449,0.588666,-0.032216,0.603807,93.058418,102.494850
4.5002542,-0.118124,0.635159,-0.046615,0.647729,94.126953,100.535225
4.5103202,-0.087006,0.678113,-0.048323,0.685378,94.043060,97.311485
4.5207829,-0.049300,0.699468,-0.031849,0.701926,92.600655,94.031624
4.5299387,-0.031483,0.695685,-0.004637,0.696413,90.381508,92.591164
4.5403247,-0.039781,0.671768,0.020135,0.673246,88.286201,93.389038
4.5499487,-0.057598,0.638942,0.017206,0.641763,88.463684,95.151016
4.5598779,-0.064553,0.611119,0.012935,0.614655,88.794159,96.029846
4.5699568,-0.072973,0.589520,0.004515,0.594037,89.564514,97.056404
4.5798998,-0.071387,0.576829,0.011715,0.581348,88.845352,97.054893
4.5899458,-0.066140,0.578782,0.036243,0.583675,86.440002,96.519119
4.5999780,-0.056133,0.605750,0.051374,0.610511,85.172890,95.294319
4.6098757,-0.037829,0.648094,0.058086,0.651790,84.887192,93.340530
4.6201348,-0.015010,0.705325,0.062357,0.708236,84.948853,91.219086
4.6299300,0.013057,0.766096,0.065041,0.768963,85.147949,89.023567
4.6404157,0.039415,0.816982,0.064675,0.820485,85.478935,87.237907
4.6499062,0.051496,0.849197,0.068946,0.853546,85.366821,86.529785
4.6598458,0.048689,0.860058,0.079929,0.865135,84.698952,86.759842
4.6702309,0.036243,0.853102,0.098477,0.859532,83.421135,87.567352
4.6802211,0.015986,0.840899,0.118978,0.849425,81.948174,88.910919
4.6901650,-0.003417,0.847977,0.133255,0.858390,81.069366,90.230865
4.7002530,-0.009884,0.871406,0.132523,0.881481,81.353287,90.649872
4.7102070,-0.006345,0.905208,0.129716,0.914477,81.845230,90.401634
4.7202797,0.005003,0.935105,0.127032,0.943708,82.263977,89.693451
4.7304978,0.017572,0.957437,0.119832,0.965066,82.867188,88.948555
4.7401390,0.030019,0.969151,0.118612,0.976844,83.025734,88.225853
4.7500319,0.040880,0.981720,0.118612,0.989704,83.116806,87.615540
4.7600327,0.047469,1.000513,0.111046,1.007775,83.673767,87.283653
4.7703981,0.051740,1.021258,0.100308,1.027475,84.397560,87.099693
4.7803898,0.053204,1.043223,0.096281,1.049006,84.733833,87.080437
4.7899709,0.056011,1.067384,0.099209,1.073447,84.697090,86.996155
4.8000417,0.058940,1.086787,0.101162,1.093075,84.689804,86.895714
4.8109207,0.067848,1.097525,0.103968,1.104525,84.598778,86.462532
4.8204861,0.075902,1.095207,0.102138,1.102575,84.684738,86.035538
4.8300157,0.081515,1.083614,0.100063,1.091273,84.738914,85.698013
4.8400278,0.084078,1.068483,0.101284,1.076561,84.601578,85.500732
4.8501267,0.087128,1.054205,0.103480,1.062849,84.412766,85.275330
4.8601170,0.092864,1.048836,0.105189,1.058180,84.295074,84.940231
4.8700600,0.094572,1.062869,0.102870,1.072016,84.493446,84.915314
4.8802109,0.103724,1.068238,0.099087,1.077827,84.725212,84.454056
4.8899503,0.117514,1.061405,0.098111,1.072388,84.750763,83.682220
4.8999133,0.123249,1.047982,0.096037,1.059565,84.799706,83.292488
4.9108686,0.121663,1.035779,0.097989,1.047493,84.632347,83.300735
4.9202557,0.116781,1.019671,0.099209,1.031121,84.478745,83.466469
4.9297791,0.110436,1.006370,0.103114,1.017649,84.184471,83.737595
4.9399037,0.109338,0.995876,0.103968,1.007240,84.075317,83.734566
4.9497948,0.112388,0.991971,0.106043,1.003933,83.936684,83.536064
4.9600840,0.114829,0.990262,0.110436,1.002996,83.678574,83.385628
4.9701309,0.115195,0.988554,0.110802,1.001392,83.647331,83.353363
4.9799762,0.112266,0.988798,0.110558,1.001273,83.660629,83.522476
4.9904671,0.109216,0.991849,0.106775,1.003540,83.892258,83.716293
4.9998541,0.107141,0.999536,0.098111,1.010039,84.425735,83.881783
5.0098915,0.101528,1.005882,0.090545,1.015039,84.882202,84.236420
5.0200830,0.095548,1.007956,0.089569,1.016429,84.944466,84.584877
5.0298891,0.097135,1.008811,0.093962,1.017823,84.703102,84.500145
5.0401478,0.098111,1.006492,0.097989,1.015999,84.465454,84.432503
5.0499606,0.098233,1.007712,0.099697,1.017386,84.376350,84.432327
5.0601387,0.092864,1.007956,0.097379,1.016898,84.504898,84.736153
5.0701270,0.083834,1.008933,0.095426,1.016897,84.615395,85.250122
5.0802350,0.074315,1.009665,0.092620,1.016624,84.772812,85.790390
5.0900435,0.068824,1.009665,0.088715,1.015889,84.990135,86.100449
5.1009350,0.066750,1.011251,0.087617,1.017232,85.058861,86.223557
5.1102700,0.065773,1.015888,0.087983,1.021810,85.060448,86.295570
5.1201329,0.071631,1.019305,0.092742,1.026019,84.813965,85.980194
5.1302228,0.080417,1.018695,0.104212,1.027164,84.176956,85.486366
5.1402040,0.092010,1.016132,0.115195,1.026772,83.558342,84.826042
5.1500211,0.101162,1.010519,0.124591,1.023184,83.005844,84.283241
5.1599631,0.103602,0.998804,0.132767,1.012902,82.468224,84.078094
5.1700301,0.095670,0.985259,0.138136,0.999485,82.055862,84.453865
5.1802816,0.084566,0.975985,0.145946,0.990454,81.526443,85.047882
5.1908479,0.078098,0.974521,0.149607,0.989026,81.299637,85.418091
5.1999607,0.079685,0.978303,0.150827,0.993064,81.264061,85.343430
5.2103868,0.082125,0.985503,0.146678,0.999738,81.563286,85.236359
5.2201939,0.084322,0.989164,0.142651,1.002948,81.822968,85.127571
5.2299790,0.082735,0.988798,0.139113,1.001958,82.019226,85.217049
5.2400522,0.077610,0.983429,0.134842,0.995659,82.216545,85.487686
5.2501168,0.067604,0.976107,0.130815,0.987151,82.384918,86.038101
5.2601662,0.056011,0.970372,0.124225,0.979893,82.716774,86.696480
5.2702217,0.041002,0.970128,0.117270,0.978049,83.113586,87.579880
5.2802548,0.029531,0.975863,0.110558,0.982550,83.539314,88.266678
5.2899766,0.024284,0.980866,0.102504,0.986506,84.035851,88.581795
5.3002710,0.020501,0.984893,0.098355,0.990004,84.298363,88.807549
5.3101149,0.024406,0.987700,0.094938,0.992552,84.511230,88.584526
5.3203516,0.035876,0.990994,0.090423,0.995758,84.789879,87.926659
5.3298316,0.034900,0.985015,0.082369,0.989069,85.222893,87.970795
5.3401108,0.026114,0.990750,0.091155,0.995278,84.745033,88.490150
5.3499990,-0.001952,0.952800,0.044296,0.953831,87.338196,90.117409
5.3602057,0.005613,0.937302,0.078342,0.940587,85.222244,89.656868
5.3699956,0.022453,0.948040,0.095548,0.953108,84.246475,88.643265
5.3802166,0.023796,0.966345,0.087006,0.970545,84.856705,88.589417
5.3900518,0.028677,0.986113,0.092864,0.990891,84.622498,88.334274
5.4003944,0.038561,0.985503,0.112632,0.992668,83.484940,87.759254
5.4100165,0.044907,0.983063,0.137770,0.993685,82.030502,87.384537
5.4200268,0.051740,0.986723,0.160590,1.001044,80.768600,86.998367
5.4301257,0.064065,0.995387,0.173769,1.012470,80.117485,86.317413
5.4401078,0.080051,0.999292,0.179504,1.018438,79.848335,85.419960
5.4500017,0.082735,0.993801,0.176941,1.012815,79.938644,85.241013
5.4602008,0.071875,0.990506,0.166569,1.006983,80.478714,85.849678
5.4706998,0.053204,0.993679,0.149607,1.006286,81.449989,86.935143
5.4802852,0.035510,0.996242,0.128496,1.005122,82.655128,87.958595
5.4901810,0.024040,1.003685,0.105189,1.009469,84.018806,88.627953
5.5001998,0.020745,1.012105,0.088715,1.016198,84.991661,88.825790
5.5102687,0.020867,1.018207,0.082491,1.021756,85.369194,88.825958
5.5202937,0.017328,1.010031,0.087006,1.013919,85.077286,89.017128
5.5301991,0.014643,1.000269,0.093108,1.004699,84.682640,89.161278
5.5406170,0.014277,0.997096,0.095548,1.001765,84.526802,89.179642
5.5500827,0.022209,0.998682,0.099697,1.003892,84.300514,88.726036
5.5601087,0.031361,1.000147,0.106409,1.006280,83.929916,88.203979
5.5731387,0.035998,0.999903,0.113853,1.007007,83.508232,87.938133
5.5898447,0.038927,1.007102,0.115073,1.014402,83.486389,87.786469
5.5999150,0.036731,1.013326,0.109338,1.019869,83.845634,87.924072
5.6102262,0.027334,1.010275,0.102870,1.015867,84.188072,88.450157
5.6198030,0.019158,1.002221,0.102260,1.007607,84.175140,88.904861
5.6299057,0.019158,0.998316,0.101040,1.003599,84.221825,88.900581
5.6398931,0.023185,1.000635,0.101528,1.006039,84.207947,88.672653
5.6498885,0.025138,1.007834,0.099819,1.013077,84.345421,88.571198
5.6599154,0.019525,1.008201,0.094084,1.012769,84.669662,88.890564
5.6702800,0.014033,1.003929,0.092864,1.008313,84.715675,89.199150
5.6799927,0.010861,1.003441,0.092376,1.007743,84.740547,89.379898
5.6899509,0.016108,1.002465,0.093596,1.006954,84.666679,89.079437
5.6999388,0.022697,1.004540,0.093474,1.009135,84.685196,88.705635
5.7100987,0.027090,1.006248,0.093962,1.010989,84.667191,88.457848
5.7199440,0.029775,1.008689,0.097623,1.013839,84.474411,88.309204
5.7299304,0.028921,1.010397,0.099453,1.015692,84.380775,88.360458
5.7402468,0.028311,1.011251,0.098965,1.016477,84.412773,88.396385
5.7499819,0.024650,1.011861,0.096037,1.016707,84.579857,88.604500
5.7599978,0.018426,1.008566,0.098111,1.013495,84.444801,88.953331
5.7699986,0.014765,1.001855,0.102138,1.007156,84.179504,89.155632
5.7801847,0.017450,0.997584,0.107751,1.003538,83.836189,88.997864
5.7899857,0.026846,0.994167,0.112144,1.000832,83.566437,88.453171
5.8006420,0.034412,0.992093,0.130205,1.001192,82.527542,88.013412
5.8103628,0.058452,0.961830,0.160468,0.976874,80.545372,86.522331
5.8204608,0.046005,1.015156,0.055645,1.017720,86.865723,87.405251
