Keuwl Accelerometer Data File
2019-06-28 13-19-15

Time (s), X (m/s2), Y (m/s2), Z (m/s2), R (m/s2), Theta (deg), Phi (deg)
0.0000000,0.203544,0.967077,0.145092,0.998859,81.647797,78.114258
0.0099720,0.208303,0.878850,0.207327,0.926689,77.071884,76.665955
0.0198990,0.234051,0.832967,0.263460,0.904448,73.064583,74.305466
0.0299120,0.275297,0.828941,0.285791,0.919025,71.882187,71.628334
0.0398830,0.311417,0.837727,0.298116,0.942146,71.553307,69.607849
0.0499730,0.340338,0.866403,0.294333,0.976277,72.453171,68.554260
0.0599460,0.342778,0.918998,0.292259,1.023459,73.407700,69.544907
0.0699670,0.330942,0.921194,0.281764,1.018583,73.941208,70.239029
0.0799860,0.318251,0.921926,0.259189,1.009163,75.117630,70.955231
0.0900080,0.300434,0.909967,0.246376,0.989446,75.581429,71.728867
0.1001000,0.291282,0.902768,0.252843,0.981715,75.075111,72.117455
0.1100030,0.288110,0.925099,0.258091,1.002709,75.084564,72.701508
0.1205280,0.282496,0.948773,0.242593,1.019228,76.230499,73.419144
0.1299670,0.277859,0.946088,0.228682,1.012217,76.942924,73.632866
0.1399080,0.282252,0.929858,0.233685,0.999455,76.478386,73.114685
0.1499530,0.287255,0.885196,0.291892,0.975340,72.586082,72.021202
0.1599450,0.321545,0.843828,0.376824,0.978485,67.349442,69.140373
0.1699830,0.394030,0.868478,0.448455,1.053862,64.815475,65.596092
0.1800180,0.480305,0.930712,0.491531,1.156945,64.858643,62.703487
0.1899890,0.530336,1.005760,0.486040,1.236545,66.854790,62.197353
0.1999120,0.521062,1.047738,0.446625,1.252491,69.109131,63.557869
0.2100090,0.455655,1.069215,0.367916,1.219100,72.434647,66.918312
0.2200760,0.359740,0.950237,0.302631,1.060165,73.413857,69.264351
0.2299170,0.304950,0.936204,0.281642,1.024106,74.037239,71.958015
0.2399740,0.262972,0.967687,0.221848,1.027029,77.525238,74.796860
0.2499400,0.233441,0.990506,0.188046,1.034871,79.530640,76.738632
0.2601300,0.210621,0.980866,0.166569,1.016959,80.572968,77.880905
0.2700500,0.202690,0.945112,0.164617,0.980519,80.334999,77.895645
0.2799390,0.222092,0.908869,0.182067,0.953161,78.988060,76.268250
0.2899870,0.257114,0.885074,0.208059,0.944855,77.279114,73.801392
0.2999790,0.290062,0.874091,0.236369,0.950811,75.605453,71.641876
0.3100560,0.312515,0.869210,0.262484,0.960255,74.136421,70.224480
0.3200380,0.323742,0.867135,0.276273,0.965950,73.380676,69.527061
0.3299920,0.325694,0.866037,0.282008,0.967277,73.049324,69.390007
0.3399500,0.323498,0.862986,0.283350,0.964201,72.910172,69.451057
0.3499600,0.319715,0.865793,0.283961,0.965634,72.898430,69.732117
0.3599720,0.319227,0.873359,0.281520,0.971553,73.156235,69.921822
0.3700750,0.321789,0.886050,0.280178,0.983429,73.447197,70.040337
0.3801190,0.327525,0.895690,0.276639,0.993007,73.824104,69.914169
0.3900770,0.330698,0.904232,0.281276,1.003052,73.714714,69.911423
0.3999550,0.327647,0.912286,0.291038,1.012088,73.287926,70.244286
0.4099740,0.324230,0.923391,0.298238,1.023094,73.051865,70.652298
0.4200010,0.321179,0.932665,0.300679,1.031226,73.047798,70.997963
0.4299960,0.320325,0.943769,0.307268,1.042939,72.865410,71.252251
0.4399350,0.325328,0.951091,0.311051,1.052219,72.805634,71.116333
0.4501740,0.330331,0.949383,0.325938,1.056732,72.034752,70.814995
0.4601510,0.332650,0.941451,0.335213,1.053258,71.442123,70.539764
0.4700080,0.327525,0.936936,0.343633,1.050336,70.903229,70.731895
0.4799350,0.317641,0.933763,0.345585,1.045102,70.690475,71.213104
0.4901220,0.306170,0.930224,0.345707,1.038542,70.556496,71.781792
0.4999520,0.300801,0.927418,0.343022,1.033561,70.616829,72.029938
0.5101290,0.305316,0.921438,0.331796,1.025843,71.129082,71.667549
0.5204390,0.306048,0.900693,0.328623,1.006433,70.942146,71.232681
0.5301180,0.285547,0.895324,0.318617,0.992300,71.271194,72.310883
0.5399800,0.261629,0.903744,0.311539,0.991090,71.679039,73.854538
0.5506650,0.250647,0.913384,0.306536,0.995519,72.066345,74.654884
0.5606010,0.258335,0.918753,0.305682,1.002141,72.240105,74.295105
0.5702560,0.269317,0.914238,0.300679,0.999385,72.490532,73.586037
0.5806680,0.266144,0.906795,0.282740,0.986434,73.343765,73.643028
0.5905510,0.237590,0.900693,0.259677,0.967021,74.423012,75.222816
0.6010810,0.202445,0.903622,0.230146,0.954193,76.042953,77.372101
0.6103010,0.157417,0.912286,0.205374,0.948274,77.491951,80.209892
0.6202820,0.154244,0.931445,0.200249,0.965132,78.025078,80.597336
0.6303110,0.163396,0.938522,0.208547,0.975199,77.651901,80.123817
0.6405130,0.173891,0.932909,0.211476,0.972255,77.437141,79.441444
0.6511840,0.187192,0.910944,0.214892,0.954483,76.988884,78.387810
0.6606650,0.190487,0.883243,0.228926,0.932100,75.782585,77.829582
0.6701490,0.170596,0.858959,0.247230,0.909965,74.235046,78.766792
0.6805050,0.139113,0.855543,0.255894,0.903763,73.552132,80.764442
0.6908170,0.111046,0.881047,0.252111,0.923111,74.150574,82.816391
0.7007390,0.093352,0.922658,0.245766,0.959382,75.157028,84.222641
0.7101300,0.091766,0.950603,0.235149,0.983546,76.167572,84.486092
0.7202430,0.113731,0.954386,0.232953,0.988966,76.375854,83.204315
0.7300860,0.134476,0.925831,0.245766,0.967289,75.281113,81.735672
0.7401810,0.138869,0.887880,0.268341,0.937882,73.374565,81.110695
0.7502190,0.137892,0.853712,0.273466,0.906986,72.451622,80.824776
0.7602840,0.136062,0.833089,0.254674,0.881708,73.211403,80.724228
0.7700430,0.133377,0.821619,0.229658,0.863475,74.575447,80.779335
0.7800390,0.138625,0.821131,0.223068,0.862109,75.004257,80.417595
0.7899380,0.146190,0.822717,0.231976,0.867207,74.484543,79.924164
0.8000470,0.150095,0.810880,0.243813,0.859942,73.529427,79.513153
0.8100260,0.153146,0.775980,0.240762,0.826780,73.069885,78.835693
0.8200060,0.150217,0.721799,0.236980,0.774415,72.181000,78.243706
0.8301910,0.127398,0.647850,0.234661,0.700718,70.434357,78.874901
0.8400770,0.099697,0.566457,0.239054,0.622864,67.430855,80.018074
0.8503500,0.090545,0.505076,0.274076,0.581737,61.892071,79.836525
0.8601070,0.101894,0.478718,0.319471,0.584479,56.866524,77.984062
0.8709909,0.119710,0.477132,0.327403,0.590913,56.353813,75.915497
0.8801669,0.134354,0.499829,0.314224,0.605489,58.737568,74.954590
0.8901139,0.109094,0.532533,0.284083,0.613348,62.408333,78.422684
0.9000340,0.041246,0.559623,0.199151,0.595433,70.460068,85.784775
0.9103749,-0.004881,0.612462,0.095426,0.619870,81.144348,90.456619
0.9200389,0.002563,0.699468,0.027090,0.699997,87.782059,89.790092
0.9308570,0.095182,0.801728,0.035632,0.808144,87.472923,83.229454
0.9401029,0.244789,0.898863,0.027456,0.932003,88.311844,74.765945
0.9507719,0.371943,0.967809,0.090179,1.040735,85.029114,68.977501
0.9601089,0.485186,1.011617,0.197442,1.139192,80.019218,64.376968
0.9704570,0.790135,1.030288,0.438693,1.370495,71.331146,52.515129
0.9801900,0.984771,1.043223,0.596232,1.553570,67.431870,46.650948
0.9903290,1.260800,1.109362,0.712403,1.824231,67.012993,41.344154
1.0001580,1.599307,1.282277,0.905208,2.240852,66.174210,38.721600
1.0100199,1.757578,1.487285,0.996852,2.508946,66.589325,40.238319
1.0201470,1.880339,1.718041,1.014058,2.741469,68.290810,42.417534
1.0301770,2.048007,1.940377,1.052741,3.011255,69.537025,43.454208
1.0399960,2.100479,2.046298,1.107166,3.134511,69.315735,44.251431
1.0503740,2.138674,2.033973,1.137917,3.163199,68.916008,43.562634
1.0603160,2.217260,1.941964,1.171353,3.171677,68.326523,41.213150
1.0701989,2.332577,1.812247,1.231879,3.200419,67.361740,37.844677
1.0800849,2.526115,1.675087,1.377947,3.329551,65.552849,33.548679
1.0901740,2.635330,1.485821,1.438717,3.350005,64.566246,29.414656
1.1001190,2.643506,1.281789,1.407722,3.257727,64.397957,25.867916
1.1101980,2.581637,1.134988,1.252990,3.085941,66.044205,23.732161
1.1200989,2.385904,0.964514,1.122785,2.807752,66.428848,22.011284
1.1299989,2.346244,0.800142,0.991361,2.669810,68.202797,18.830959
1.1402800,2.355885,0.642847,0.724606,2.547253,73.473091,15.262654
1.1509230,2.127447,0.474691,0.490677,2.234307,77.313850,12.578210
1.1602019,1.825548,0.358276,0.570484,1.945878,72.951828,11.103558
1.1701479,1.596134,0.420023,0.789159,1.829436,64.445625,14.743131
1.1826639,1.301557,0.583053,0.776834,1.624030,61.423130,24.130733
1.1999780,0.965735,0.591717,0.350588,1.185615,72.800392,31.496284
1.2099761,1.108386,0.449431,-0.096647,1.199937,94.619781,22.071703
1.2202959,1.193440,0.280544,-0.133743,1.233244,96.225883,13.228437
1.2300309,1.014302,0.222214,-0.035876,1.038978,91.978844,12.357178
1.2402630,0.790135,0.768414,-0.075658,1.104762,93.926880,44.201538
1.2500490,0.244423,1.531093,0.771709,1.731913,63.539436,80.929848
1.2601659,0.091643,1.283863,-0.009518,1.287165,90.423691,85.917091
1.2699651,-0.287621,1.098258,-1.901572,2.214695,149.161530,104.675545
1.2801449,-0.901181,2.228487,-3.057793,3.889522,141.828247,112.017998
1.2902580,-2.505492,2.661688,-2.720872,4.556887,126.661774,133.268555
1.3001800,-3.993265,1.536950,-1.084834,4.414210,104.226730,158.949005
1.3106310,-3.473179,-0.050154,0.092620,3.474775,88.472610,180.827316
1.3200960,-0.780007,0.063699,0.970738,1.246916,38.875576,175.331329
1.3301040,0.911676,-0.113731,0.493118,1.042714,61.776161,352.889130
1.3403530,1.753429,-0.290062,-0.077366,1.778942,92.492577,350.606873
1.3502890,2.409821,-0.130693,0.056621,2.414027,88.655998,356.895691
1.3604569,2.304511,0.139601,0.511788,2.364780,77.501091,3.466580
1.3704079,0.864451,-0.030873,0.400132,0.953066,65.175720,357.954590
1.3802439,0.184263,-0.187558,0.058452,0.269347,77.466347,314.492310
1.3901180,-0.422707,-0.162176,-0.070166,0.458155,98.809525,200.989838
1.4011370,-0.813321,-0.021477,-0.133987,0.824563,99.351746,181.512634
1.4101400,-0.991727,0.073583,-0.216479,1.017742,102.280914,175.756592
1.4202570,-0.896544,0.125934,-0.297628,0.953013,108.198013,172.004227
1.4302040,-0.652731,0.126544,-0.305438,0.731685,114.673325,169.028290
1.4435509,-0.292869,0.040025,-0.130327,0.323047,113.792755,172.217789
1.4601411,-0.166447,-0.001586,-0.075780,0.182893,114.477776,180.546051
1.4703209,-0.132401,-0.026724,-0.076512,0.155236,119.529663,191.411453
1.4800750,-0.118490,-0.047225,-0.045151,0.135309,109.492546,201.730164
1.4903469,-0.112754,-0.077366,-0.041002,0.142759,106.690880,214.455856
1.5001240,-0.073949,-0.137404,-0.009152,0.156308,93.356705,241.711380
1.5100470,0.003905,-0.267121,0.161932,0.312395,58.777927,270.837524
1.5201820,0.145336,-0.541319,0.370845,0.672068,56.509609,285.028656
1.5303090,0.277981,-0.791844,0.512764,0.983472,58.575024,289.343903
1.5401020,0.422707,-0.748035,0.656636,1.081392,52.611702,299.470337
1.5507900,0.599527,-0.552424,0.786474,1.132760,46.028614,317.341522
1.5602230,0.771465,-0.487260,0.902524,1.283406,45.313625,327.723328
1.5702429,0.894470,-0.576341,1.029800,1.480788,45.937687,327.204773
1.5801140,0.937302,-0.683726,1.138527,1.625503,45.539677,323.890656
1.5904779,0.974765,-0.682750,1.258725,1.732254,43.394535,324.991608
1.6013689,1.150486,-0.636501,1.380510,1.906452,43.603874,331.046631
1.6102090,1.317543,-0.621004,1.414434,2.030317,45.840633,334.763885
1.6200889,1.521453,-0.634427,1.363304,2.139138,50.408146,337.364471
1.6300390,1.587226,-0.663226,1.229560,2.114468,54.443974,337.322296
1.6401989,1.480939,-0.607336,0.912652,1.842545,60.309052,337.701355
1.6501169,1.433836,-0.465417,0.870674,1.740854,59.990612,342.016785
1.6602449,1.424440,-0.314590,0.971226,1.752506,56.344872,347.546051
1.6701109,1.452263,-0.151193,0.933031,1.732764,57.420883,354.056396
1.6800799,1.520599,0.044540,0.796115,1.716975,62.375633,1.677793
1.6902289,1.734027,0.232587,0.739493,1.899420,67.087433,7.639536
1.7001190,1.847880,0.336189,0.691536,2.001476,69.786873,10.311172
1.7110980,1.774540,0.373774,0.633695,1.921007,70.738739,11.894416
1.7200500,1.616635,0.328379,0.569386,1.745148,70.957603,11.481992
1.7302850,1.471543,0.205740,0.590863,1.599027,68.314362,7.959079
1.7401170,1.369039,0.062967,0.624054,1.505881,65.517738,2.633372
1.7504290,1.318275,-0.025382,0.590496,1.444708,65.874870,358.896973
1.7599989,1.286182,-0.029409,0.447479,1.362118,70.821213,358.690155
1.7702990,1.260922,0.048933,0.395861,1.322507,72.582863,2.222402
1.7800800,1.229072,0.141919,0.487260,1.329730,68.504051,6.586695
1.7899669,1.152438,0.213672,0.602821,1.318015,62.782433,10.503860
1.8000369,0.996486,0.268707,0.662127,1.226214,57.317917,15.091133
1.8101450,0.767560,0.312759,0.474325,0.954961,60.218369,22.169529
1.8203011,0.588788,0.371577,0.314834,0.764108,65.667717,32.255539
1.8300700,0.441744,0.408430,0.333016,0.687642,61.034248,42.756031
1.8399750,0.363035,0.448455,0.366330,0.683450,57.588184,51.009003
1.8500409,0.364011,0.525455,0.447113,0.780075,55.028683,55.287552
1.8599730,0.430029,0.637966,0.544248,0.942407,54.724522,56.017559
1.8701159,0.532045,0.772441,0.594768,1.110624,57.620438,55.441563
1.8804150,0.648216,0.907527,0.575731,1.255092,62.695694,54.463047
1.8900800,0.718260,1.012960,0.561088,1.362646,65.684357,54.660645
1.9001909,0.676161,1.067872,0.523015,1.367877,67.520370,57.658630
1.9101360,0.380485,1.046517,0.525455,1.231288,64.738365,70.020111
1.9200269,0.262606,0.977083,0.577439,1.164942,60.285339,74.956406
1.9299890,0.196466,0.958413,0.625397,1.161152,57.411617,78.415359
1.9399580,0.188900,0.940475,0.649924,1.158696,55.881245,78.642899
1.9499879,0.227705,0.927784,0.673110,1.168636,54.831757,76.210487
1.9599490,0.289208,0.911920,0.656880,1.160487,55.525585,72.404007
1.9700060,0.344731,0.888002,0.631864,1.143083,56.442623,68.783318
1.9799389,0.346561,0.838093,0.635525,1.107428,54.979115,67.534325
1.9899659,0.296286,0.783912,0.607092,1.034826,54.079540,69.295532
1.9999601,0.236491,0.754381,0.555596,0.966285,54.901630,72.594276
2.0101109,0.178650,0.750110,0.521062,0.930638,55.951256,76.603722
2.0202990,0.144970,0.773051,0.503490,0.933877,57.374928,79.378708
2.0299940,0.134354,0.816860,0.483966,0.958923,59.688759,80.659866
2.0399909,0.139601,0.861034,0.453580,0.983160,62.525772,80.790688
2.0499439,0.152048,0.889833,0.413799,0.993051,65.373917,80.303391
2.0601368,0.173647,0.899473,0.392810,0.996747,66.790642,79.073250
2.0699348,0.193293,0.889467,0.388539,0.989685,66.884323,77.739471
2.0800071,0.204642,0.871650,0.403305,0.981992,65.751137,76.787651
2.0899730,0.212940,0.865549,0.415263,0.983342,65.020256,76.178734
2.0999720,0.220750,0.877264,0.404647,0.990990,65.900284,75.875656
2.1099520,0.229170,0.902890,0.383902,1.007526,67.602242,75.758049
2.1200271,0.224655,0.923024,0.367916,1.018728,68.828995,76.320770
2.1299529,0.195612,0.921560,0.358276,1.007918,69.178268,78.016167
2.1399701,0.156685,0.893372,0.325328,0.963588,70.267944,80.052299
2.1500590,0.136062,0.862864,0.311661,0.927459,70.364357,81.039024
2.1600251,0.141065,0.852858,0.318495,0.921252,69.774284,80.608154
2.1699879,0.157173,0.867013,0.324474,0.938988,69.784195,79.724960
2.1800361,0.177430,0.892639,0.322034,0.965397,70.514023,78.757866
2.1900721,0.190853,0.916679,0.322888,0.990445,70.973671,78.239021
2.1999528,0.193293,0.929980,0.324230,1.003669,71.152832,78.258438
2.2099369,0.187558,0.930956,0.313003,0.999914,71.758064,78.609215
2.2201040,0.176331,0.925343,0.309221,0.991448,71.826973,79.211189
2.2301061,0.162664,0.926197,0.306170,0.988960,71.965607,80.038963
2.2401369,0.145580,0.939498,0.281154,0.991412,73.525452,81.191772
2.2505860,0.128496,0.959999,0.248084,0.999828,75.633301,82.376259
2.2599580,0.117270,0.982208,0.220140,1.013384,77.453484,83.191475
2.2699809,0.112144,1.000147,0.190609,1.024305,79.275551,83.602272
2.2800748,0.087495,1.001855,0.165227,1.019151,80.669914,85.008881
2.2901609,0.086152,0.998560,0.153878,1.014013,81.271553,85.068939
2.3002889,0.081271,0.982575,0.139113,0.995696,81.968704,85.271690
2.3104279,0.061502,0.956216,0.127154,0.966592,82.440910,86.319885
2.3200848,0.051130,0.932421,0.121907,0.941745,82.562332,86.861282
2.3300321,0.047835,0.919974,0.119832,0.928978,82.588562,87.023514
2.3400929,0.045761,0.920218,0.123249,0.929562,82.380821,87.153130
2.3502131,0.052594,0.931689,0.119466,0.940788,82.704590,86.769051
2.3605938,0.072241,0.953776,0.120320,0.964046,82.830353,85.668571
2.3700180,0.072241,0.953776,0.127520,0.964971,82.406204,85.668571
2.3799930,0.082369,0.961342,0.135208,0.974291,82.023003,85.102760
2.3905721,0.097867,0.977693,0.145946,0.993359,81.551414,84.283745
2.4000790,0.122517,1.001611,0.155586,1.021001,81.234756,83.026237
2.4105258,0.151560,1.021868,0.165105,1.046157,80.919601,81.563606
2.4200749,0.176209,1.034315,0.173891,1.063529,80.589691,80.331718
2.4301569,0.190487,1.038464,0.185728,1.072001,80.022980,79.605713
2.4405298,0.197442,1.035047,0.193903,1.071403,79.573097,79.200180
2.4505069,0.200615,1.028335,0.194148,1.065558,79.501907,78.960976
2.4603510,0.199029,1.025529,0.193659,1.062462,79.497742,79.016899
2.4704671,0.196832,1.027481,0.182799,1.062015,80.088631,79.155365
2.4800670,0.191463,1.033826,0.165837,1.064404,81.036659,79.507797
2.4902229,0.185850,1.039074,0.145824,1.065588,82.134476,79.859261
2.5000000,0.178528,1.046517,0.127276,1.069238,83.163635,80.318970
2.5104840,0.166935,1.052741,0.111534,1.071714,84.026367,80.989525
2.5201409,0.151926,1.053961,0.096403,1.069210,84.827042,81.797470
2.5305860,0.137770,1.056768,0.081027,1.068786,85.652115,82.572273
2.5407379,0.123371,1.056768,0.066262,1.066006,86.436272,83.341225
2.5508819,0.109826,1.060551,0.054059,1.067592,87.097527,84.087784
2.5603278,0.104212,1.066286,0.043564,1.072252,87.671501,84.417984
2.5700138,0.103602,1.070801,0.033314,1.076317,88.226318,84.473709
2.5807769,0.112144,1.072266,0.026358,1.078436,88.599487,84.029350
2.5902238,0.125812,1.069459,0.025870,1.077144,88.623779,83.290543
2.6001439,0.141797,1.063357,0.032216,1.073254,88.279907,82.404495
2.6100988,0.155831,1.055059,0.044785,1.067445,87.595459,81.598251
2.6205900,0.165837,1.045663,0.058696,1.060358,86.826790,80.988235
2.6309681,0.170108,1.032606,0.071387,1.048956,86.097717,80.645317
2.6400850,0.171206,1.020403,0.084566,1.038117,85.327461,80.475464
2.6502488,0.171450,1.011251,0.094328,1.030011,84.745506,80.377426
2.6603889,0.172060,1.003808,0.099819,1.023327,84.402237,80.273582
2.6701050,0.172060,1.000757,0.102870,1.020638,84.215332,80.244499
2.6800299,0.166569,0.999536,0.097501,1.018000,84.503967,80.538811
2.6900537,0.155831,0.999048,0.090789,1.015196,84.869164,81.134499
2.7001081,0.139845,0.999048,0.085664,1.012419,85.146210,82.031624
2.7101078,0.122273,1.000269,0.077488,1.010689,85.602898,83.030746
2.7200079,0.108117,1.005516,0.070777,1.013785,85.996681,83.862892
2.7300940,0.102138,1.010763,0.064919,1.017983,86.343628,84.229828
2.7403638,0.105311,1.013448,0.062357,1.020811,86.497887,84.067497
2.7504261,0.114097,1.011861,0.065285,1.020364,86.331573,83.566544
2.7601099,0.126788,1.009665,0.071265,1.020087,85.993973,82.842598
2.7700160,0.140089,1.008201,0.080417,1.021058,85.482803,82.089439
2.7801840,0.150095,1.008566,0.092132,1.023828,84.837112,81.535347
2.7900720,0.157295,1.003929,0.103968,1.021482,84.158211,81.095337
2.8000350,0.159735,0.998072,0.116049,1.017414,83.450417,80.907265
2.8100960,0.157539,0.993801,0.131181,1.014725,82.572182,80.992332
2.8200240,0.156807,0.991116,0.143872,1.013706,81.840660,81.009621
2.8305409,0.168644,0.993557,0.160712,1.020502,80.939171,80.366592
2.8400450,0.179504,0.997218,0.167423,1.026984,80.617523,79.795753
2.8501918,0.188046,1.001367,0.178040,1.034309,80.088081,79.364326
2.8601398,0.191463,1.003808,0.189510,1.039328,79.493942,79.201302
2.8702588,0.186826,1.005882,0.199273,1.042311,78.978134,79.478157
2.8800609,0.177064,1.003929,0.202323,1.039308,78.774475,79.997581
2.8902180,0.172793,0.996974,0.205496,1.032493,78.519814,80.167343
2.9001210,0.171816,0.986845,0.209035,1.023270,78.212555,80.123428
2.9100759,0.172426,0.972202,0.208913,1.009233,78.053299,79.942795
2.9205270,0.172915,0.961342,0.205130,0.998076,78.139732,79.803352
2.9300969,0.169620,0.953532,0.203666,0.989683,78.124321,79.913399
2.9400928,0.164006,0.947918,0.201225,0.982822,78.185585,80.184006
2.9505987,0.162176,0.944624,0.192805,0.977644,78.625908,80.258247
2.9601767,0.166691,0.950359,0.184629,0.982373,79.167282,80.051628
2.9704020,0.170108,0.960487,0.174623,0.990942,79.850388,79.956726
2.9799941,0.168277,0.969884,0.163640,0.997882,80.561569,80.157013
2.9906299,0.167667,0.975741,0.159857,1.002864,80.827873,80.249748
3.0006988,0.163274,0.975497,0.169132,1.003423,80.296204,80.498161
3.0101650,0.162176,0.976229,0.171572,1.004371,80.164177,80.567879
3.0201809,0.176453,0.971226,0.168155,1.001345,80.332535,79.702759
3.0300710,0.190121,0.963904,0.176331,0.998173,79.825073,78.842194
3.0400519,0.196588,0.958657,0.191585,0.997183,78.923111,78.411232
3.0500510,0.207937,0.953166,0.204154,0.996715,78.180641,77.693512
3.0600901,0.216601,0.945966,0.215991,0.994193,77.452301,77.103127
3.0705640,0.221726,0.943037,0.224045,0.994323,76.978081,76.768982
3.0801017,0.234051,0.942671,0.227583,0.997599,76.812927,76.056290
3.0901010,0.255284,0.934739,0.227583,0.995340,76.782455,74.724632
3.1000249,0.281764,0.920462,0.233563,0.990552,76.361771,72.980042
3.1101570,0.303729,0.904964,0.244179,0.985310,75.651459,71.446922
3.1199958,0.321789,0.892273,0.250159,0.980958,75.225555,70.168671
3.1299849,0.339606,0.884585,0.253087,0.980753,75.045372,68.997452
3.1399579,0.354493,0.879948,0.251867,0.981535,75.131279,68.057625
3.1500969,0.364011,0.869454,0.249427,0.975022,75.178040,67.282562
3.1600108,0.366208,0.858593,0.251013,0.966591,74.948402,66.900749
3.1699059,0.366696,0.849075,0.252721,0.958782,74.717064,66.641594
3.1800110,0.370967,0.842364,0.256016,0.955373,74.456192,66.231873
3.1899769,0.374994,0.839435,0.265290,0.956896,73.904427,65.928635
3.2001960,0.378167,0.841265,0.269561,0.960937,73.708817,65.795067
3.2099729,0.382194,0.847123,0.271270,0.968130,73.727890,65.716682
3.2201300,0.389393,0.855665,0.273222,0.978999,73.794518,65.530807
3.2303829,0.392566,0.861766,0.275297,0.986173,73.790131,65.508995
3.2401488,0.394641,0.868722,0.268829,0.991306,74.265099,65.568779
3.2502329,0.396837,0.876166,0.262484,0.997017,74.735886,65.633049
3.2601879,0.396471,0.877630,0.261751,0.997967,74.794327,65.688835
3.2699828,0.391956,0.880925,0.263582,0.999566,74.710510,66.013954
3.2802439,0.388905,0.878484,0.264558,0.996480,74.603775,66.121010
3.2903359,0.390736,0.877996,0.268219,0.997744,74.405609,66.009438
3.3004949,0.400376,0.880437,0.281398,1.007300,73.778076,65.546478
3.3102751,0.400620,0.884708,0.283350,1.011678,73.735031,65.637672
3.3199489,0.396959,0.892639,0.284815,1.017596,73.746361,66.025154
3.3300169,0.393054,0.899839,0.281398,1.021463,74.009064,66.404053
3.3400948,0.390492,0.902646,0.269683,1.019795,74.665817,66.606316
3.3500679,0.385977,0.900693,0.262606,1.014489,74.997864,66.803284
3.3600209,0.384024,0.897765,0.261263,1.010799,75.020576,66.840897
3.3703611,0.385000,0.895080,0.264070,1.009518,74.836151,66.726036
3.3803158,0.386587,0.892029,0.270171,1.009038,74.469490,66.569107
3.3902650,0.382560,0.890931,0.277005,1.008386,74.055779,66.761642
3.4001338,0.374384,0.893372,0.279079,1.008048,73.927628,67.262978
3.4102669,0.369869,0.900449,0.274320,1.011367,74.262100,67.669090
3.4202061,0.369747,0.910334,0.262728,1.017077,75.029816,67.894669
3.4302828,0.371943,0.921682,0.252843,1.025558,75.727013,68.023544
3.4401889,0.378167,0.933641,0.248206,1.037450,76.157928,67.949829
3.4501369,0.382926,0.938156,0.249793,1.043631,76.151848,67.796257
3.4602618,0.388051,0.937424,0.251745,1.045334,76.064621,67.512657
3.4703560,0.389759,0.929736,0.250403,1.038760,76.050934,67.255829
3.4802690,0.388661,0.921072,0.252355,1.031074,75.832954,67.121902
3.4901209,0.383048,0.916679,0.250159,1.024503,75.866875,67.321671
3.5007417,0.380851,0.916923,0.245278,1.022720,76.123573,67.444054
3.5110359,0.379265,0.918631,0.239298,1.022247,76.461998,67.566292
3.5204079,0.379265,0.919852,0.234295,1.022186,76.749443,67.593109
3.5302539,0.378777,0.918265,0.228804,1.019330,77.028595,67.584259
3.5402238,0.378533,0.917899,0.225875,1.018256,77.183739,67.589226
3.5501709,0.379875,0.918387,0.223800,1.018738,77.309525,67.528412
3.5602479,0.383658,0.920950,0.223678,1.022436,77.363190,67.383911
3.5701759,0.389271,0.922902,0.224045,1.026390,77.391739,67.130455
3.5800231,0.395251,0.924001,0.225509,1.029978,77.352905,66.840691
3.5903549,0.398668,0.918021,0.223923,1.025593,77.388756,66.526222
3.6001878,0.399400,0.905208,0.224045,1.014455,77.240906,66.191772
3.6101937,0.394641,0.895324,0.228194,1.004698,76.872047,66.213097
3.6200249,0.387441,0.894226,0.229048,1.001106,76.773880,66.574379
3.6300869,0.380241,0.899351,0.228438,1.002796,76.832375,67.081596
3.6406069,0.373286,0.903866,0.227949,1.004130,76.878784,67.559975
3.6503427,0.368038,0.903500,0.226729,1.001584,76.916512,67.836601
3.6600838,0.363645,0.903744,0.230512,1.001063,76.687187,68.081306
3.6702828,0.363645,0.909479,0.231488,1.006468,76.702888,68.206543
3.6803088,0.361815,0.916923,0.227949,1.011741,76.979225,68.465973
3.6910818,0.359618,0.923513,0.223312,1.015908,77.301804,68.723923
3.7003930,0.354859,0.929492,0.219529,1.018859,77.557129,69.104263
3.7103539,0.351686,0.930956,0.220384,1.019280,77.513184,69.304985
3.7202380,0.349124,0.930346,0.224655,1.018774,77.260735,69.430779
3.7301917,0.346439,0.931078,0.232953,1.020389,76.803123,69.590576
3.7419147,0.350344,0.922902,0.246864,1.017562,75.959755,69.212677
3.7502677,0.350344,0.922902,0.246864,1.017562,75.959755,69.212677
3.7600827,0.355591,0.921194,0.253209,1.019391,75.617577,68.892845
3.7705908,0.363523,0.930956,0.256260,1.031745,75.618607,68.670166
3.7801228,0.364988,0.931567,0.253087,1.032030,75.804420,68.604767
3.7900500,0.363157,0.928272,0.251867,1.028109,75.819298,68.633636
3.8001578,0.358886,0.924367,0.249793,1.022570,75.860764,68.781258
3.8102479,0.356568,0.919364,0.243935,1.015812,76.105309,68.801628
3.8202040,0.354127,0.912896,0.236491,1.007330,76.421898,68.797928
3.8303499,0.350832,0.911310,0.232587,1.003825,76.602806,68.944496
3.8402197,0.345951,0.909357,0.231610,1.000128,76.609848,69.171448
3.8501837,0.342412,0.906795,0.230512,0.996323,76.622673,69.313095
3.8601899,0.339850,0.902524,0.232831,0.992097,76.426933,69.365891
3.8704460,0.339240,0.898497,0.233563,0.988398,76.331482,69.315292
3.8803041,0.340216,0.893738,0.230634,0.983720,76.440742,69.159859
3.8904808,0.341070,0.892517,0.228194,0.982338,76.567696,69.085953
3.9002380,0.341924,0.892151,0.229048,0.982501,76.518753,69.030266
3.9103570,0.342900,0.893860,0.229780,0.984563,76.503700,69.012299
3.9209330,0.343633,0.894836,0.232342,0.986305,76.374855,68.992340
3.9303317,0.343999,0.893128,0.232953,0.985027,76.320320,68.935211
3.9402528,0.344731,0.893738,0.240518,0.987652,75.905281,68.907463
3.9502027,0.346683,0.893982,0.247596,0.990301,75.521248,68.803864
3.9602020,0.352297,0.897398,0.254186,0.997019,75.229637,68.566246
3.9700248,0.360228,0.899351,0.259433,1.002947,75.008804,68.171783
3.9799478,0.363889,0.899961,0.261507,1.005351,74.923096,67.984596
3.9899099,0.363767,0.901181,0.262850,1.006749,74.865402,68.018234
4.0000739,0.361449,0.901425,0.261995,1.005910,74.902870,68.150467
4.0101290,0.358764,0.903012,0.259555,1.005739,75.044197,68.332207
4.0199261,0.356202,0.901303,0.258457,1.003009,75.067482,68.435715
4.0303979,0.352785,0.897643,0.259677,0.998825,74.930984,68.544556
4.0399790,0.348880,0.894592,0.258701,0.994454,74.921417,68.694824
4.0501237,0.346805,0.894104,0.257846,0.993066,74.950890,68.799698
4.0599008,0.348026,0.897765,0.257846,0.996789,75.008415,68.810776
4.0702200,0.350344,0.903134,0.258579,1.002624,75.054390,68.797699
4.0799899,0.352419,0.906307,0.260531,1.006711,75.001465,68.751358
4.0903721,0.353395,0.907771,0.257724,1.007650,75.180908,68.729057
4.1001840,0.350588,0.909113,0.254796,1.007135,75.345436,68.911484
4.1100569,0.347538,0.909235,0.251867,1.005449,75.492775,69.081612
4.1200290,0.344487,0.906062,0.251257,1.001374,75.468506,69.183098
4.1346350,0.342778,0.905330,0.251745,1.000248,75.422897,69.262207
4.1432610,0.353395,0.902402,0.252965,1.001603,75.370918,68.613899
4.1604776,0.357422,0.898253,0.254918,0.999796,75.228195,68.302002
4.1778669,0.357788,0.896788,0.253942,0.998363,75.264450,68.249687
4.1907368,0.366208,0.901181,0.254430,1.005470,75.342201,67.884933
4.1999288,0.368648,0.902768,0.253820,1.007629,75.410156,67.787170
4.2101440,0.368526,0.900205,0.255284,1.005659,75.294716,67.736763
4.2199330,0.364744,0.897521,0.254186,1.001594,75.298637,67.883659
4.2300181,0.362669,0.899351,0.253331,1.002266,75.359192,68.037926
4.2399516,0.363645,0.903866,0.250281,1.005909,75.592865,68.083984
4.2501197,0.366940,0.902524,0.251135,1.006113,75.545616,67.874763
4.2599120,0.368771,0.899717,0.252355,1.004572,75.451073,67.712555
4.2699919,0.369137,0.898375,0.253209,1.003720,75.388062,67.662544
4.2799797,0.371699,0.899839,0.254064,1.006190,75.374466,67.555801
4.2904248,0.370845,0.903744,0.257358,1.010204,75.240707,67.689552
4.2999258,0.370601,0.905086,0.255162,1.010759,75.377708,67.732628
4.3099842,0.369137,0.904842,0.253331,1.009544,75.467056,67.806656
4.3199515,0.367550,0.904232,0.254308,1.008663,75.396797,67.879349
4.3300090,0.364377,0.906795,0.256626,1.010398,75.286537,68.108253
4.3400307,0.363889,0.911066,0.253575,1.013290,75.507713,68.227707
4.3500538,0.368160,0.916557,0.252233,1.019431,75.674789,68.115784
4.3600788,0.371943,0.920462,0.254308,1.024824,75.632072,67.997192
4.3700132,0.374262,0.920584,0.257358,1.026538,75.480751,67.875885
4.3799815,0.373286,0.914116,0.260409,1.021158,75.225616,67.787018
4.3903298,0.370723,0.907161,0.265168,1.015229,74.859283,67.771988
4.4000816,0.368526,0.905086,0.266144,1.012831,74.765343,67.845184
4.4101496,0.369259,0.905818,0.263460,1.013050,74.926025,67.821640
4.4199300,0.370845,0.907771,0.260287,1.014556,75.134392,67.778877
4.4303970,0.369625,0.906917,0.257236,1.012567,75.283066,67.826065
4.4454641,0.365964,0.902036,0.256382,1.006643,75.244766,67.917168
4.4601998,0.357056,0.899961,0.255284,1.001293,75.229134,68.359505
4.4702148,0.355469,0.901547,0.253698,1.001753,75.329872,68.481277
4.4799829,0.357544,0.900693,0.247840,1.000255,75.653999,68.348648
4.4901862,0.359008,0.896666,0.243325,0.996044,75.860039,68.179771
4.5000529,0.362547,0.889833,0.240640,0.990530,75.939812,67.832405
4.5104103,0.368160,0.886172,0.241617,0.989556,75.867401,67.439545
4.5211611,0.376946,0.885928,0.244057,0.993237,75.775673,66.951118
4.5309711,0.385000,0.881291,0.256992,0.995461,75.038857,66.401428
4.5406327,0.398790,0.883975,0.264680,1.005237,74.733963,65.718338
4.5503898,0.404891,0.901914,0.256138,1.021270,75.474930,65.823524
4.5604911,0.395861,0.924977,0.233441,1.032852,76.937386,66.830612
4.5702462,0.383658,0.942793,0.196832,1.036723,79.055389,67.856743
